0.0158248 9.9982E-05 0.0411971 0.942778 9.9982E-05
9.9982E-05 0.039515 0.0044483 0.955837 9.9982E-05
0.0270473 9.9991E-05 0.0257605 0.839807 0.107285
0.0955204 9.9991E-05 0.0678589 0.809457 0.0270637
0.0155886 9.9982E-05 9.9982E-05 0.883327 0.100885
0.112486 0.0748495 0.099088 0.637383 0.0761935
9.9982E-05 0.0585748 0.0679687 0.873257 9.9982E-05
0.0287732 0.0814911 0.121042 0.762937 0.00575711
9.9982E-05 0.0731432 0.111936 0.81472 9.9982E-05
0.0233079 9.9991E-05 0.0614969 0.754361 0.160735
9.999E-05 0.00898772 0.102337 0.801169 0.0874058
0.0434834 0.150699 0.513314 9.9991E-05 0.292404
0.134694 9.9991E-05 0.320724 0.00427868 0.540203
0.150419 0.177654 0.444034 0.0294183 0.198476
0.208475 0.0820838 0.403083 9.9991E-05 0.306258
0.160055 0.0966102 0.265362 0.0893045 0.388668
0.0951662 0.0601827 0.173382 0.0865194 0.58475
0.119938 0.134752 0.273879 0.0264218 0.445009
0.118499 0.0792032 0.365702 0.114404 0.322192
0.0667226 0.252132 0.677846 9.9991E-05 0.0031992
0.134522 0.16104 0.304633 9.9991E-05 0.399704
0.180669 0.191414 0.204883 9.9991E-05 0.422933
0.0523855 0.0555177 0.2835 0.0489281 0.559669
0.174486 0.140974 0.405582 9.9991E-05 0.278858
0.119803 0.124448 0.131379 0.0884141 0.535956
0.0779211 0.0737073 0.216875 0.047354 0.584142
0.1751 0.148239 0.494868 9.9991E-05 0.181692
0.225624 0.120742 0.46815 9.9991E-05 0.185384
0.0238103 0.208103 0.450736 0.0217012 0.29565
0.108938 9.9982E-05 9.9982E-05 0.861224 0.0296382
0.0574954 9.9982E-05 9.9982E-05 0.851879 0.0904256
0.0392483 9.9982E-05 9.9982E-05 0.814525 0.146027
0.0561317 9.9982E-05 9.9982E-05 0.791761 0.151907
9.9991E-05 0.194108 0.148602 0.0222133 0.634977
9.9982E-05 0.144745 9.9982E-05 0.142676 0.712378
0.00717222 0.240378 0.0166583 0.032305 0.703487
0.0135315 0.106787 0.547474 0.106996 0.225211
9.9982E-05 0.467339 9.9982E-05 0.0532789 0.479182
0.0279031 0.0938808 0.177132 0.0752627 0.625822
0.0377456 0.0486831 9.9991E-05 0.124875 0.788597
9.9991E-05 0.173107 0.052242 0.16696 0.607591
9.9991E-05 0.0623819 0.0863642 0.156228 0.694926
9.9991E-05 0.467407 0.174125 0.0396023 0.318765
0.0650857 0.15724 0.0320372 0.0770065 0.66863
0.0802579 0.190155 9.9991E-05 0.0972474 0.632239
0.0579753 0.0976652 0.0505809 0.146612 0.647166
9.9973E-05 0.501416 9.9973E-05 9.9973E-05 0.498284
0.00798904 0.125506 0.0361384 0.0895541 0.740813
9.9991E-05 0.124281 0.0641464 0.192319 0.619154
9.9991E-05 0.877649 0.0176446 0.0987395 0.00586698
9.9982E-05 0.253098 0.524408 9.9982E-05 0.222294
0.0554038 0.553607 0.24985 0.0284962 0.112642
0.24869 0.0427236 0.231353 0.0168662 0.460367
0.0551713 0.0396588 0.120659 0.109538 0.674973
0.0728406 0.107691 0.0378658 0.12245 0.659153
9.9991E-05 0.25308 0.443676 0.0580017 0.245142
0.0212817 0.0730691 0.286222 9.9991E-05 0.619327
0.0584714 0.0233412 0.230145 0.0577452 0.630297
0.0885812 0.278764 0.181213 0.100568 0.350873
0.0581483 0.301747 0.320504 0.227619 0.0919814
0.0757045 0.0433293 0.142214 0.12915 0.609601
0.0540855 0.124259 0.304906 0.0685558 0.448194
9.9991E-05 0.306117 0.555464 0.0380913 0.100228
0.00352265 0.150034 0.300816 9.9991E-05 0.545527
0.121146 0.195744 0.0149238 0.0699321 0.598254
0.110097 0.0899221 0.184792 0.0341855 0.581004
0.0795637 0.288269 0.288815 0.0306358 0.312716
0.149185 0.162712 0.236963 9.9991E-05 0.451041
0.015353 0.0371092 0.192793 0.110414 0.64433
9.9991E-05 0.277332 0.446013 0.0136186 0.262936
9.9982E-05 0.245817 0.0201985 9.9982E-05 0.733784
9.9982E-05 0.46175 0.162769 9.9982E-05 0.375281
0.0590933 0.134153 9.9991E-05 0.111819 0.694835
9.9982E-05 0.770228 0.0852092 9.9982E-05 0.144363
9.9982E-05 0.759824 0.0732564 9.9982E-05 0.166719
9.9973E-05 0.516063 9.9973E-05 9.9973E-05 0.483637
9.9991E-05 0.277587 0.0750871 0.00422879 0.642997
0.0874767 0.0671657 0.134706 0.133141 0.57751
0.0330744 0.267487 0.0801768 0.0272042 0.592057
9.9991E-05 0.360943 0.247374 0.027729 0.363854
9.9991E-05 0.239909 0.359845 0.00858503 0.391561
0.0775501 0.159655 0.0759686 0.131728 0.555099
0.0076982 0.382393 0.142974 0.0427564 0.424178
9.9991E-05 0.184536 0.128257 0.0591204 0.627986
9.9973E-05 0.398686 9.9973E-05 9.9973E-05 0.601014
9.9982E-05 0.873563 9.9982E-05 0.00590483 0.120333
0.106349 0.188782 0.0627398 0.00825226 0.633877
9.9982E-05 9.9982E-05 0.0650594 0.857977 0.0767636
9.9973E-05 9.9973E-05 9.9973E-05 0.955236 0.044464
0.043155 9.9982E-05 9.9982E-05 0.89387 0.0627752
0.00836087 9.9982E-05 9.9982E-05 0.936377 0.0550624
0.000687176 0.0037649 9.9991E-05 0.880019 0.115428
9.9973E-05 9.9973E-05 9.9973E-05 0.893129 0.106571
9.9973E-05 9.9973E-05 9.9973E-05 0.925064 0.074636
0.0193297 0.0571363 0.142326 0.137943 0.643265
0.101257 0.13941 0.157073 0.0716686 0.530592
9.9991E-05 0.656113 0.108261 0.0133374 0.222189
0.0965562 0.146281 0.0392652 0.1137 0.604198
9.9991E-05 0.224163 0.0955376 0.08294 0.59726
0.0638675 0.228511 0.0374271 0.0348866 0.635308
0.0389344 0.288569 0.0297709 0.102413 0.540313
0.0807133 0.320399 9.9982E-05 9.9982E-05 0.598687
9.9991E-05 0.65246 0.233159 0.00626611 0.108015
0.0902057 0.0911254 0.079016 0.136959 0.602694
0.0892596 0.116079 0.0702889 0.0361783 0.688194
0.157916 0.01094 0.120055 0.107373 0.603717
9.9982E-05 0.509719 9.9982E-05 0.0383127 0.451768
0.00395979 0.365186 9.9991E-05 0.00904015 0.621714
9.9991E-05 0.243491 0.0733337 0.0229256 0.66015
0.00205521 0.425746 0.0148882 9.9991E-05 0.557211
9.9991E-05 0.289246 0.114088 0.0345599 0.562006
0.0494208 0.176261 0.0448683 0.115485 0.613966
0.0679016 0.340544 0.37173 0.0409368 0.178887
0.130879 9.9991E-05 0.405536 0.0697317 0.393753
0.0516971 0.12159 0.0993186 0.047333 0.680061
0.0937797 0.179605 0.188568 0.0114643 0.526583
9.9991E-05 0.101387 0.320976 0.0561435 0.521394
0.047001 9.9982E-05 0.308055 9.9982E-05 0.644744
0.119913 0.0214864 0.403244 9.9991E-05 0.455257
0.0551642 0.0203198 0.212897 0.0939576 0.617662
0.0930394 0.00775664 0.287046 0.0487877 0.563371
0.0124849 0.0963731 0.206617 0.0461535 0.638372
9.9982E-05 0.10947 0.317379 9.9982E-05 0.572951
0.0900664 0.0799685 0.103305 0.0853715 0.641289
0.0559266 0.124905 0.14727 0.0897294 0.582169
0.0858138 9.9982E-05 0.275967 9.9982E-05 0.638019
0.129577 0.0772165 0.198458 0.00250244 0.592246
0.0886663 0.00470986 0.327576 9.9991E-05 0.578948
0.0637206 0.192907 0.318086 0.0790136 0.346273
0.0925385 9.9991E-05 0.200816 0.0406433 0.665903
0.046028 0.0181451 0.164088 0.0400039 0.731735
0.0735385 0.213427 0.429547 9.9991E-05 0.283387
0.108187 0.497732 0.276629 0.0388785 0.0785747
0.0856147 0.0946213 0.165839 0.0838281 0.570097
0.0585616 0.503156 0.33379 9.9991E-05 0.104392
9.9982E-05 0.158318 0.465375 9.9982E-05 0.376107
9.9991E-05 0.137735 0.337043 0.0259086 0.499213
9.9991E-05 0.0462281 0.470223 0.0335428 0.449906
9.9991E-05 0.14376 0.505262 0.00158783 0.34929
0.0498189 0.107503 0.054901 0.142484 0.645294
0.110247 0.0218112 0.155991 0.107236 0.604716
0.0709034 0.0983481 0.229758 0.0550224 0.545969
0.0846612 0.474797 0.356817 9.9991E-05 0.0836243
0.0711471 0.128872 0.0559314 0.152699 0.591351
0.032682 0.21188 0.0383799 0.135415 0.581642
9.9982E-05 0.647927 0.175559 0.176315 9.9982E-05
0.105068 0.108694 9.9991E-05 0.1051 0.681038
0.0658578 0.382999 0.0721102 0.11624 0.362793
0.154248 0.214746 0.0561711 0.0939778 0.480858
0.0227684 0.459987 0.0634616 0.157298 0.296485
9.9991E-05 0.491757 0.159453 0.129642 0.219048
9.9991E-05 0.346866 0.0841533 0.0647649 0.504116
0.0378446 0.117083 0.0412968 0.135413 0.668362
0.0734705 0.230586 0.0123577 0.200382 0.483204
0.219615 0.585892 0.151403 0.04083 0.00225993
0.0625715 0.173621 0.178272 0.0916909 0.493845
9.9982E-05 0.3307 0.168465 9.9982E-05 0.500635
0.0479634 0.289077 0.134209 9.9991E-05 0.528651
0.0169618 0.0790319 0.172179 0.124626 0.607202
0.320307 0.202872 9.9991E-05 0.337806 0.138916
0.181339 0.220784 9.9982E-05 0.597677 9.9982E-05
0.169752 0.331048 9.9982E-05 0.499 9.9982E-05
0.38759 0.110041 0.0867469 0.40637 0.0092523
0.0254262 0.232942 9.9991E-05 0.0162947 0.725237
0.138003 0.190356 0.0601461 0.081332 0.530162
0.813622 9.9982E-05 0.0558727 9.9982E-05 0.130306
0.462993 0.000785045 0.124014 0.0673193 0.344888
0.402072 0.127802 0.0190488 0.0620404 0.389037
0.0203985 0.545697 9.9991E-05 0.0325022 0.401302
0.0435475 0.230257 0.027074 0.153617 0.545505
0.0729996 0.664943 0.0149547 9.9991E-05 0.247003
0.0138496 0.191281 0.085621 0.0615913 0.647657
9.9991E-05 0.340761 0.0218005 0.0787007 0.558638
0.0488174 0.186628 0.0321836 0.085127 0.647244
0.0105838 0.639943 0.0622129 0.0269847 0.260276
0.127136 0.0810857 0.0474414 0.116073 0.628264
0.0833008 0.224373 9.9991E-05 0.0608608 0.631365
0.991182 0.00338098 0.00523739 9.9982E-05 9.9982E-05
0.904876 0.0219125 9.9982E-05 9.9982E-05 0.0730119
0.576638 9.9991E-05 0.0169489 0.11117 0.295143
0.671998 9.9982E-05 0.0351278 9.9982E-05 0.292674
0.847293 9.9991E-05 0.0288998 0.0508929 0.0728147
0.9996 9.997E-05 9.997E-05 9.997E-05 9.997E-05
0.955121 9.9982E-05 0.0303401 0.0143386 9.9982E-05
0.845969 9.9973E-05 9.9973E-05 9.9973E-05 0.153731
0.949803 9.9982E-05 0.0297574 9.9982E-05 0.0202395
0.9996 9.997E-05 9.997E-05 9.997E-05 9.997E-05
0.9996 9.997E-05 9.997E-05 9.997E-05 9.997E-05
0.824417 9.9991E-05 0.00980552 0.00981781 0.155859
0.87188 9.9991E-05 0.0434185 0.0369597 0.0476422
0.966798 9.9982E-05 0.0106627 9.9982E-05 0.0223394
0.446487 0.0750047 0.0841421 0.0638266 0.330539
0.683811 0.00852579 0.0538014 0.0153244 0.238537
0.798611 0.0120843 0.0218567 0.0291765 0.138272
0.867544 9.9991E-05 0.0247795 0.023984 0.0835926
0.999522 9.9973E-05 9.9973E-05 9.9973E-05 0.000177741
0.904922 9.9982E-05 0.0204295 9.9982E-05 0.0744488
0.9996 9.997E-05 9.997E-05 9.997E-05 9.997E-05
0.602315 9.9991E-05 0.0416758 0.0924327 0.263477
0.881455 0.00983542 0.0272282 0.0396518 0.04183
0.0590588 0.516695 9.9982E-05 0.424047 9.9982E-05
0.0339117 0.0872729 0.140089 0.217756 0.520971
0.100435 0.201362 9.9991E-05 0.23628 0.461822
0.134408 0.389719 9.9991E-05 0.262103 0.213671
0.195222 0.146355 0.090011 0.0813148 0.487097
0.121613 0.376153 9.9991E-05 0.307852 0.194281
0.128081 0.144882 0.143039 0.156505 0.427494
0.227672 0.258309 0.0311711 0.203326 0.279522
0.211011 0.163076 0.0057586 0.16271 0.457445
0.254026 0.309209 9.9991E-05 0.171687 0.264978
0.115873 0.131096 0.0704475 0.243553 0.43903
9.9982E-05 9.9982E-05 0.116572 0.834672 0.0485557
0.05252 0.0216037 9.9982E-05 0.925676 9.9982E-05
9.9982E-05 0.00133665 9.9982E-05 0.974611 0.0238528
9.9982E-05 9.9982E-05 0.0162516 0.967897 0.0156511
0.0471338 9.9982E-05 0.0889019 0.863764 9.9982E-05
0.0811728 0.0205682 9.9982E-05 0.898059 9.9982E-05
0.0765156 9.9982E-05 9.9982E-05 0.91557 0.00771453
9.9973E-05 0.0825896 9.9973E-05 0.917111 9.9973E-05
9.9982E-05 0.0153851 9.9982E-05 0.938631 0.0457839
0.100451 9.9982E-05 0.0370887 0.86226 9.9982E-05
9.9982E-05 0.110475 0.271805 0.617519 9.9982E-05
9.9982E-05 0.050275 0.386991 0.562534 9.9982E-05
9.9982E-05 0.169083 0.281272 0.549445 9.9982E-05
9.9982E-05 0.175833 0.349508 0.474459 9.9982E-05
0.0231624 0.120091 0.191998 0.0339917 0.630757
0.0923927 0.253527 0.0897688 0.0496176 0.514694
0.0481752 9.9991E-05 0.230417 0.0408626 0.680445
9.9991E-05 0.168602 0.291544 0.0437404 0.496013
0.0560839 0.084487 0.661898 9.9991E-05 0.197431
9.9982E-05 0.061515 9.9982E-05 0.114961 0.823324
0.0796872 0.237944 0.0329666 9.9991E-05 0.649302
0.0725589 0.220796 0.11425 0.000941806 0.591453
9.9973E-05 0.424146 9.9973E-05 9.9973E-05 0.575554
0.0618705 0.0546607 0.149336 0.0608593 0.673274
9.9991E-05 0.248191 0.201176 0.0150486 0.535485
9.9973E-05 0.898718 0.100982 9.9973E-05 9.9973E-05
9.9991E-05 0.0686478 0.19309 0.0995633 0.638599
9.9982E-05 0.624306 9.9982E-05 0.00214121 0.373353
9.9982E-05 0.347493 0.00442168 9.9982E-05 0.647885
9.9982E-05 0.474536 0.250329 9.9982E-05 0.274934
9.9991E-05 0.0686525 0.793293 0.11621 0.0217442
9.9991E-05 0.00713224 0.815444 0.085796 0.0915276
9.9982E-05 0.0168885 0.923268 0.0596437 9.9982E-05
9.9982E-05 0.0446844 0.876338 0.0787778 9.9982E-05
0.0252873 9.9982E-05 0.908121 9.9982E-05 0.0663917
0.0645704 9.9991E-05 0.859459 0.0057475 0.0701234
0.0544106 9.9982E-05 9.9982E-05 0.873105 0.0722841
0.0671231 9.9991E-05 0.0500379 0.844056 0.0386828
0.0771882 9.9982E-05 9.9982E-05 0.76037 0.162242
0.153874 9.9991E-05 0.120973 0.710811 0.0142423
0.0701176 9.9991E-05 0.0112617 0.795892 0.122629
9.9982E-05 0.11667 0.503444 0.379687 9.9982E-05
9.9982E-05 0.150488 0.378891 0.470421 9.9982E-05
9.9982E-05 0.0947206 0.458866 0.446214 9.9982E-05
0.0617758 9.9991E-05 0.0468558 0.820054 0.0712145
9.9982E-05 0.10649 0.498846 0.394463 9.9982E-05
0.407982 0.110139 9.9991E-05 0.212211 0.269568
0.318788 9.9991E-05 0.109608 0.141657 0.429847
0.275898 9.9982E-05 9.9982E-05 0.187207 0.536695
0.204814 0.0646002 0.011717 0.316558 0.402311
0.241202 0.0567496 0.14048 0.14015 0.421418
0.35352 0.195639 9.9982E-05 0.450641 9.9982E-05
9.9991E-05 0.220991 0.295885 0.015548 0.467476
0.0259516 0.298271 0.199737 0.049052 0.426989
0.0343607 9.9991E-05 0.558006 0.0775356 0.329998
0.0494327 0.2943 0.114976 9.9991E-05 0.541192
9.9973E-05 0.882416 0.117284 9.9973E-05 9.9973E-05
0.0592295 0.111172 0.130182 0.132023 0.567394
0.0277552 0.203337 0.156317 0.0848963 0.527694
9.9991E-05 0.0878099 0.483252 0.0145882 0.41425
0.0365203 0.112194 0.184205 0.0941474 0.572934
9.9982E-05 0.51112 0.304314 9.9982E-05 0.184366
0.11101 0.25853 0.181297 9.9991E-05 0.449064
0.0405764 0.0236301 0.329924 0.0146606 0.591209
0.302673 0.14958 0.0765067 0.119078 0.352163
0.0328877 0.264323 0.274171 9.9991E-05 0.428518
0.0708831 0.204828 0.278088 9.9991E-05 0.446101
0.106191 0.240769 0.14308 9.9991E-05 0.50986
0.0273285 0.170241 0.235254 0.00361497 0.563561
0.0554962 9.9991E-05 0.114881 0.102871 0.726652
0.0235155 0.0350973 0.187887 0.137165 0.616336
0.0861197 9.9991E-05 0.25559 0.104055 0.554135
0.114592 9.9982E-05 9.9982E-05 0.787234 0.0979745
0.049107 0.0141433 9.9991E-05 0.841624 0.0950262
0.0554749 0.0928735 0.0501578 0.788824 0.0126695
0.0433896 0.0304146 0.105651 0.815367 0.00517825
0.0317487 9.9982E-05 9.9982E-05 0.840207 0.127844
0.0819607 0.0641475 0.669065 9.9991E-05 0.184727
0.112987 0.175523 0.175578 0.0243409 0.511571
0.13899 0.0988244 0.0517077 0.239444 0.471034
0.079542 0.0686634 0.143439 0.0675502 0.640805
9.9991E-05 0.0623436 0.250848 0.0805359 0.606173
0.133788 0.191778 0.422956 9.9991E-05 0.251378
9.9991E-05 0.174097 0.64274 0.164091 0.0189724
0.0576458 0.0169308 0.324038 0.00484017 0.596546
0.029954 0.188973 0.481481 0.0686501 0.230942
0.0566698 0.182903 0.186458 0.0850139 0.488955
0.0252159 0.144371 0.584763 0.107177 0.138472
0.100256 0.00956868 0.175676 0.112042 0.602457
0.0256006 0.119094 0.579577 0.0504465 0.225283
0.117759 0.184174 0.37968 9.9991E-05 0.318287
9.9991E-05 0.203349 0.100425 0.118953 0.577173
0.0267291 0.362099 0.221456 0.0596482 0.330068
0.0453188 0.157215 0.0652501 0.140935 0.591281
0.033951 0.215835 0.0284338 0.151515 0.570265
9.9991E-05 0.484397 0.0873561 0.00780341 0.420344
0.100426 0.170853 0.0594568 0.0946247 0.57464
9.9982E-05 0.232457 9.9982E-05 0.140303 0.62704
9.9982E-05 0.736828 0.0734126 9.9982E-05 0.189559
9.9982E-05 0.654339 9.9982E-05 0.0163795 0.329082
0.0222129 0.346872 0.102755 0.0360223 0.492138
9.9991E-05 0.604201 0.0950815 0.0615987 0.239019
9.9991E-05 0.28828 0.164492 0.0204795 0.526649
0.0484405 0.190166 0.58229 0.0457181 0.133385
0.0434173 0.398751 0.295745 9.9991E-05 0.261986
0.119343 9.9991E-05 0.480833 0.0477974 0.351926
0.0622542 0.0446164 0.134338 0.0351414 0.72365
0.0195872 0.148837 0.528351 9.9991E-05 0.303125
0.216304 0.0770434 0.142855 0.0314159 0.532382
0.128424 0.00202868 0.16943 0.0806373 0.61948
0.0738567 0.101064 0.263597 0.0770903 0.484392
0.0933993 0.0312532 0.30521 9.9991E-05 0.570037
9.9991E-05 0.0402972 0.302247 0.101943 0.555413
0.0978711 0.14794 0.520016 9.9991E-05 0.234073
0.177474 0.0713968 0.441338 9.9991E-05 0.309691
0.00254224 9.9982E-05 0.264826 9.9982E-05 0.732432
0.0637366 0.0992627 0.113961 0.148701 0.574339
9.9991E-05 0.16943 0.222182 0.0966929 0.511594
0.0761088 0.16965 0.231827 9.9991E-05 0.522314
0.129417 0.0889074 0.438383 0.018431 0.324861
0.0329652 0.0682518 0.220529 0.0108266 0.667427
0.078658 0.0357546 0.265149 9.9991E-05 0.620339
0.218418 0.122428 0.137162 0.0640904 0.457901
0.103605 9.9991E-05 0.0532151 0.377073 0.466007
0.268679 0.154628 9.9991E-05 0.165752 0.410841
0.161984 0.0900342 0.0407494 0.130659 0.576574
0.148544 0.0603654 0.111295 0.0697116 0.610085
0.204055 0.000358733 0.0842654 0.188356 0.522965
0.117505 0.226198 0.196008 9.9991E-05 0.460189
0.171779 0.173576 9.9991E-05 0.131968 0.522576
0.157012 0.532776 0.0166168 0.293495 9.9991E-05
0.168477 0.0405575 0.0469833 0.131314 0.612669
0.194894 9.9991E-05 0.0962185 0.182762 0.526026
0.334908 0.0693896 0.169462 0.0538622 0.372378
0.130318 0.274908 0.0161772 0.225938 0.352659
0.17759 0.0669768 0.0168155 0.174258 0.56436
0.236078 0.0536927 0.0849199 0.133293 0.492016
0.180977 0.297401 9.9982E-05 0.521422 9.9982E-05
0.273678 9.9991E-05 0.0589561 0.199223 0.468043
0.291411 0.0241791 9.9991E-05 0.147454 0.536856
0.204221 0.0971962 0.0343979 0.103036 0.561149
0.192544 9.9982E-05 9.9982E-05 0.25855 0.548705
0.211339 0.0194154 0.103188 0.139668 0.526389
0.0932224 0.348847 0.0746827 0.0251462 0.458102
0.0589654 0.220104 0.0363567 0.112642 0.571932
0.00124806 0.769442 0.128569 9.9991E-05 0.100641
0.0118209 0.808884 0.133472 9.9991E-05 0.0457234
0.109199 0.209833 0.135584 0.0842276 0.461157
0.337391 0.128452 0.00376417 0.148965 0.381428
0.381861 0.209523 9.9991E-05 0.0488691 0.359646
0.294083 0.199302 0.00527786 0.312392 0.188945
0.295032 0.157162 9.9991E-05 0.215055 0.332651
0.137947 0.671101 9.9991E-05 0.106486 0.0843659
0.200201 0.568174 9.9991E-05 0.10599 0.125535
0.139454 0.208858 0.0034936 0.0442106 0.603984
0.163052 0.227485 0.0181272 0.051363 0.539972
0.154714 0.479376 0.0144933 0.101641 0.249776
0.183778 0.181745 0.0719484 0.0776668 0.484862
0.172037 0.229203 9.9991E-05 0.037954 0.560705
0.103996 0.165399 0.12402 0.117466 0.489119
9.9991E-05 0.481487 0.112164 0.00183868 0.40441
0.0667209 0.46158 0.0290092 0.0212072 0.421483
0.147233 0.268842 0.0814816 0.0615453 0.440898
0.118739 0.364558 0.0621561 0.0847213 0.369825
0.0446592 0.30083 0.11074 0.0950155 0.448756
9.99956E-05 0.371039 0.0577585 0.0140753 0.557027
0.00762446 0.502858 0.11134 9.9991E-05 0.378078
0.0181266 0.264221 9.9991E-05 0.0419385 0.675614
0.0362878 0.197493 0.0437094 0.122065 0.600445
0.0338228 0.541467 0.0886332 9.9991E-05 0.335977
0.0372761 0.380597 9.9991E-05 0.0641497 0.517877
0.129714 0.218805 0.0382828 0.0453676 0.567831
0.00309212 0.314072 0.0603314 0.0469506 0.575554
0.194065 0.0423237 0.0776984 0.18581 0.500102
0.166927 0.140725 0.117744 0.137727 0.436877
0.269979 0.0634679 0.0685848 0.197557 0.400412
0.234947 0.0683304 0.154679 0.203401 0.338642
0.153565 0.00341597 0.0294687 0.278674 0.534877
0.238788 0.12129 0.118879 0.145427 0.375616
0.183247 0.597963 0.0370055 0.181685 9.9991E-05
0.281972 9.9991E-05 0.108295 0.0310717 0.578562
0.160404 0.423329 9.9982E-05 0.416067 9.9982E-05
0.271414 0.130578 0.0151527 0.0457051 0.537151
9.9973E-05 0.80127 9.9973E-05 9.9973E-05 0.19843
0.00240109 0.929973 0.0674263 9.9982E-05 9.9982E-05
9.9982E-05 0.398036 0.0118005 9.9982E-05 0.589963
0.020892 0.213636 9.9991E-05 0.0229581 0.742414
9.9982E-05 0.442911 0.0319417 9.9982E-05 0.524948
0.026723 0.425846 9.9982E-05 9.9982E-05 0.547231
0.0756235 0.266576 9.9982E-05 9.9982E-05 0.657601
0.0336372 9.9991E-05 0.0548477 0.832928 0.0784871
0.126317 9.9982E-05 0.150264 0.723219 9.9982E-05
0.026376 9.9982E-05 0.0554092 0.918015 9.9982E-05
9.9973E-05 9.9973E-05 9.9973E-05 0.964728 0.0349721
0.0167828 0.157599 0.0736822 0.0895885 0.662348
0.0333128 0.244691 0.0712841 0.0222017 0.62851
9.9982E-05 0.248031 0.0657168 9.9982E-05 0.686053
0.0754989 0.116387 0.104928 0.106976 0.59621
0.0061992 0.209486 0.109711 0.0898064 0.584797
9.9991E-05 0.414957 0.176297 0.00262533 0.406021
0.0106167 0.185948 0.060235 9.9991E-05 0.7431
9.9982E-05 0.471746 9.9982E-05 0.000104408 0.527949
0.190522 0.00685835 9.9991E-05 0.286968 0.515551
0.107039 0.358192 0.0505844 9.9991E-05 0.484085
9.9982E-05 0.235192 0.246984 9.9982E-05 0.517623
9.9991E-05 0.244986 0.00369939 0.0152126 0.736002
9.9991E-05 0.314187 0.120945 0.00842066 0.556347
0.0112705 0.241722 9.9991E-05 0.0401401 0.706767
0.0235347 0.218877 0.0581506 0.0624929 0.636945
9.9973E-05 0.778112 9.9973E-05 9.9973E-05 0.221588
0.0246348 0.527355 0.0849072 9.9991E-05 0.363003
9.9991E-05 0.419112 0.107409 0.00453634 0.468843
9.9973E-05 0.954509 9.9973E-05 9.9973E-05 0.0451908
9.9991E-05 0.234768 0.126486 0.0562805 0.582366
9.9982E-05 0.742958 9.9982E-05 0.00855432 0.248287
0.0248303 0.877019 0.0300434 0.00983774 0.0582692
0.00024686 0.224481 0.0494066 0.0878797 0.637986
9.9982E-05 0.457057 0.156883 9.9982E-05 0.38586
0.0799076 0.204726 0.164995 0.0215004 0.528872
0.127586 0.0786494 0.0838182 0.0694927 0.640454
9.9982E-05 0.149605 0.129204 9.9982E-05 0.720991
0.136963 0.27718 0.256306 9.9991E-05 0.32945
0.0202846 0.194156 0.122324 0.017151 0.646085
0.0371637 0.170919 0.165847 0.0365929 0.589477
9.9973E-05 0.470183 9.9973E-05 9.9973E-05 0.529517
0.034181 0.30042 0.0153378 0.0208948 0.629167
9.9982E-05 0.0293944 0.308745 0.66166 9.9982E-05
0.0319626 0.0821494 0.0893596 0.762241 0.0342871
9.9982E-05 0.0358009 0.137104 0.826896 9.9982E-05
9.9982E-05 0.0591073 0.0953322 0.845361 9.9982E-05
9.9982E-05 9.9982E-05 0.237365 0.716474 0.045961
9.9991E-05 0.378781 0.253328 0.0144593 0.353332
9.9991E-05 0.453947 0.177395 0.0791215 0.289436
9.9973E-05 0.691511 9.9973E-05 9.9973E-05 0.308189
0.0157314 0.0545155 0.0621205 0.197991 0.669641
9.9991E-05 0.058592 0.0468195 0.161646 0.732842
0.0135849 0.475488 9.9991E-05 0.0363947 0.474432
0.0450859 0.170943 0.0309132 0.0365018 0.716556
0.0539287 0.414778 9.9991E-05 0.07272 0.458473
9.9991E-05 0.247015 0.0468454 0.0189538 0.687086
0.0676851 0.188914 0.080607 0.00756459 0.65523
9.9982E-05 0.461383 0.135358 9.9982E-05 0.403059
9.9982E-05 0.391799 0.123268 9.9982E-05 0.484732
9.9982E-05 0.249247 0.176974 9.9982E-05 0.573579
9.9991E-05 0.0627684 0.0525599 0.154052 0.730519
9.9982E-05 0.277934 0.146305 9.9982E-05 0.575562
0.0111117 0.322292 0.000237519 0.055766 0.610593
0.452225 0.0905762 0.0502199 0.0767337 0.330246
0.526093 0.00577689 9.9991E-05 0.117955 0.350076
0.510457 9.9982E-05 9.9982E-05 0.0989781 0.390365
0.480696 0.0340349 9.9991E-05 0.14143 0.343739
0.312726 9.9991E-05 0.0883472 0.178332 0.420495
0.0418303 0.344287 0.0461056 0.000613864 0.567163
0.71735 0.0486983 9.9982E-05 0.233752 9.9982E-05
0.513715 0.0412837 0.0127791 0.147082 0.28514
0.213883 0.178613 0.0193022 0.132624 0.455578
0.00699269 0.140455 9.9991E-05 0.191214 0.661239
0.0488721 0.229636 0.102668 0.123077 0.495747
0.116526 0.11276 0.0240641 0.166827 0.579823
9.9991E-05 0.0974989 0.0785298 0.112669 0.711202
0.431371 9.9982E-05 9.9982E-05 0.156491 0.411938
0.378237 9.9991E-05 0.0294285 0.109082 0.483153
0.483546 9.9982E-05 9.9982E-05 0.0672083 0.449046
0.321381 9.9991E-05 0.0758926 0.117301 0.485325
0.543368 9.9982E-05 9.9982E-05 0.121244 0.335188
0.344532 0.0311322 0.0193287 0.14221 0.462797
0.634668 0.0718491 0.00209186 0.104508 0.186884
0.446584 9.9991E-05 0.124777 0.0692859 0.359252
0.0241892 0.262674 9.9991E-05 0.0985948 0.614442
0.365028 0.0467025 0.0289444 0.156134 0.403191
0.722565 0.036415 9.9991E-05 0.122452 0.118469
0.384037 0.113284 0.0656945 0.142622 0.294362
9.9991E-05 0.211601 0.315735 0.19505 0.277514
0.184903 0.159866 0.0445091 9.9991E-05 0.610622
0.332306 0.0504628 0.125172 0.143491 0.348569
9.9982E-05 9.9982E-05 0.153589 0.15778 0.688431
0.00175636 0.154972 0.0690291 0.198588 0.575654
0.270317 0.11437 0.0870747 0.213045 0.315193
0.371785 0.108959 0.0922879 0.166986 0.259982
0.0441 0.0854049 0.0807849 0.153956 0.635754
0.318661 0.172982 9.9991E-05 0.131182 0.377075
0.498158 9.9991E-05 0.0162754 0.115344 0.370122
0.592522 0.0225872 9.9991E-05 0.220247 0.164545
0.0863038 0.053474 0.0255633 0.101199 0.73346
9.9991E-05 0.219486 0.0643934 0.121182 0.594838
0.093676 0.576698 9.9991E-05 0.178545 0.150981
0.0568821 0.0921932 0.0477638 0.183697 0.619464
0.0683123 0.152304 0.210725 0.112293 0.456365
0.11364 0.181957 9.9991E-05 0.202885 0.501418
0.0947109 0.0589035 0.18209 0.160888 0.503408
0.223615 0.4431 9.9982E-05 0.333085 9.9982E-05
0.15856 0.467256 9.9982E-05 0.373984 9.9982E-05
0.155527 0.321124 9.9991E-05 0.196751 0.326498
0.236139 0.350727 0.0155879 0.397446 9.9991E-05
0.259257 0.293775 9.9982E-05 0.446768 9.9982E-05
0.177006 0.37153 9.9991E-05 0.144759 0.306605
0.153599 0.156996 9.9991E-05 0.271952 0.417352
0.22266 0.327384 9.9991E-05 0.27552 0.174335
0.234042 0.379983 9.9991E-05 0.335301 0.0505741
0.136901 0.159152 9.9991E-05 0.165922 0.537926
0.172687 0.470138 9.9991E-05 0.280119 0.076956
0.0985755 0.392305 9.9982E-05 0.50892 9.9982E-05
0.220808 9.9991E-05 0.0391563 0.152165 0.58777
0.278555 0.201042 0.04348 0.199969 0.276954
0.176316 0.0854018 0.00804355 0.317067 0.413172
0.263182 9.9982E-05 9.9982E-05 0.173263 0.563355
0.211918 0.166792 9.9991E-05 0.233293 0.387897
0.184981 9.9991E-05 0.0131467 0.231849 0.569923
0.190713 0.0163788 9.9991E-05 0.199021 0.593787
0.222475 0.0051698 0.0279693 0.384474 0.359912
0.250948 9.9991E-05 0.0658949 0.178913 0.504145
0.255846 0.0220323 9.9991E-05 0.258861 0.46316
0.267113 0.0783536 0.0559496 0.295609 0.302975
0.173917 0.257573 0.102937 0.181024 0.284549
0.15924 0.00800939 0.0633867 0.203989 0.565376
0.183485 0.0563523 0.0470763 0.177294 0.535793
0.0767226 0.0565341 9.9991E-05 0.180468 0.686175
0.29052 0.00872848 0.0182685 0.332648 0.349836
0.242472 9.9991E-05 0.0885087 0.229414 0.439505
0.300309 0.180049 9.9991E-05 0.371309 0.148232
0.182508 0.0046838 0.0184029 0.221605 0.5728
0.392707 0.183148 9.9991E-05 0.242488 0.181557
9.9982E-05 0.0923522 0.121673 0.785775 9.9982E-05
9.9982E-05 9.9982E-05 0.830857 0.0411751 0.127767
9.9973E-05 9.9973E-05 0.996415 0.00328526 9.9973E-05
9.997E-05 9.997E-05 0.9996 9.997E-05 9.997E-05
0.00809868 9.9973E-05 0.991601 9.9973E-05 9.9973E-05
0.029582 9.9991E-05 0.941878 0.0237315 0.00470869
9.9973E-05 9.9973E-05 0.924592 9.9973E-05 0.0751083
9.9973E-05 9.9973E-05 0.97286 0.02684 9.9973E-05
0.0243566 9.9982E-05 0.780811 0.194633 9.9982E-05
0.014588 0.0120403 0.00925818 0.924396 0.0397175
9.9982E-05 9.9982E-05 0.0749802 0.828909 0.0959111
0.0224103 0.00234173 9.9991E-05 0.909375 0.0657726
9.9982E-05 9.9982E-05 0.127957 0.844852 0.0269912
9.9982E-05 9.9982E-05 0.0680007 0.901548 0.0302516
0.00592518 0.0554317 0.00648288 0.93206 9.9991E-05
0.123469 9.9991E-05 0.111075 0.69506 0.0702958
0.0569453 0.000680664 9.9991E-05 0.875792 0.0664818
0.0472929 9.9991E-05 0.115087 0.706161 0.131359
0.103829 9.9982E-05 9.9982E-05 0.886613 0.00935722
9.9973E-05 0.045675 9.9973E-05 0.954025 9.9973E-05
0.0554179 9.9991E-05 0.0683228 0.834379 0.0417802
0.000776389 9.9982E-05 0.0300543 0.968969 9.9982E-05
0.0530478 9.9982E-05 9.9982E-05 0.912201 0.0345511
0.0605436 9.9991E-05 0.0101712 0.857752 0.0714329
0.0340983 9.9982E-05 9.9982E-05 0.877934 0.0877672
0.129664 9.9982E-05 9.9982E-05 0.782014 0.0881219
0.112291 9.9982E-05 9.9982E-05 0.779719 0.107789
0.102068 9.9982E-05 9.9982E-05 0.799345 0.0983873
0.0289285 0.249667 0.0859667 0.196973 0.438465
9.9991E-05 0.0665378 0.0316232 0.132678 0.769061
0.130374 0.123894 0.0833102 0.0955055 0.566917
0.0461703 0.708156 9.9991E-05 0.0982554 0.147318
0.00753703 0.074825 0.171755 0.158724 0.587159
0.083211 0.618996 9.9991E-05 0.202477 0.0952163
0.114542 0.0656204 0.00378455 0.187829 0.628224
9.9991E-05 0.171392 0.159132 0.110863 0.558513
9.9991E-05 0.269424 0.0359038 0.125636 0.568936
9.9991E-05 0.221748 0.0431695 0.0870719 0.64791
0.00750283 0.199483 0.164317 0.104442 0.524255
9.9982E-05 0.143804 9.9982E-05 0.131332 0.724664
0.0494384 0.0218123 0.169796 0.115788 0.643165
0.0552451 0.405167 0.461828 9.9991E-05 0.0776606
9.9991E-05 0.827369 0.0583841 0.106143 0.00800417
0.00535825 0.613993 0.0248372 0.178192 0.177619
0.044328 0.0529262 0.0838595 0.131121 0.687765
9.9991E-05 0.217491 0.0645553 0.146551 0.571302
9.9982E-05 0.23343 9.9982E-05 0.180496 0.585874
0.113861 0.19064 0.0120438 0.114853 0.568603
0.171371 0.0402869 0.042463 0.209168 0.536711
0.125173 9.9991E-05 0.0695852 0.226254 0.578888
0.17568 0.148932 0.11554 0.407101 0.152746
9.9982E-05 9.9982E-05 0.126741 0.167076 0.705983
0.188726 0.0650438 0.0974326 0.220096 0.428702
0.207052 0.337424 0.0027496 0.452675 9.9991E-05
0.182076 0.166554 9.9991E-05 0.30949 0.34178
0.179737 0.0282588 0.128605 0.36158 0.301819
0.1673 9.9991E-05 0.140515 0.294834 0.397252
0.205682 0.0686531 0.0939006 0.134862 0.496902
0.224991 0.0777643 0.0078481 0.165825 0.523572
0.198937 0.05455 0.055982 0.142228 0.548303
0.176467 0.200872 0.00157754 0.202127 0.418956
0.216674 0.0431542 9.9991E-05 0.451601 0.288471
