0.0341128 0.0600266 9.9991E-05 0.0198994 0.885861
0.0256397 9.9982E-05 0.0280309 9.9982E-05 0.946129
0.0655197 0.0278655 9.9991E-05 0.14506 0.761455
0.136654 9.9982E-05 9.9982E-05 0.11362 0.749526
9.9982E-05 0.0795555 9.9982E-05 0.0168307 0.903414
0.145231 0.0775788 0.121802 0.058389 0.596999
0.0363076 9.9991E-05 0.0477106 0.0493482 0.866534
0.171346 9.9991E-05 0.0732444 0.011777 0.743533
0.0636918 9.9982E-05 0.0902361 9.9982E-05 0.845872
0.00204409 0.110334 0.05899 0.0931908 0.735441
0.0537393 0.0238368 0.112149 9.9991E-05 0.810175
0.517724 0.260755 0.112016 0.109406 9.9991E-05
0.332844 0.604331 0.00438355 0.0575124 0.000928798
0.513301 0.269979 0.0961668 0.0846384 0.0359147
0.328935 0.389601 0.0660851 0.1098 0.105578
0.217033 0.370309 0.115688 0.191396 0.105573
0.135372 0.603405 9.9991E-05 0.148723 0.112401
0.247487 0.509911 0.12808 0.114422 9.9991E-05
0.30264 0.404221 0.0752345 0.0679243 0.149981
0.658428 0.0555031 0.211693 0.0558504 0.0185262
0.259669 0.43876 0.197977 0.103494 9.9991E-05
0.200176 0.381081 0.234708 0.167969 0.0160667
0.185513 0.623809 0.102974 0.051977 0.0357274
0.335808 0.334284 0.19521 0.123844 0.010854
0.114948 0.661364 0.0707936 0.0925026 0.0603918
0.219803 0.516438 9.9991E-05 0.247736 0.0159228
0.544357 0.206091 0.0885823 0.16087 9.9991E-05
0.487923 0.191007 0.0938096 0.210889 0.0163708
0.44575 0.296133 0.22387 0.0341468 9.9991E-05
9.9982E-05 0.0810589 9.9982E-05 0.101212 0.817529
0.0136579 0.118986 9.9991E-05 0.0397251 0.827531
0.00341763 0.172588 9.9991E-05 0.0207166 0.803177
9.9991E-05 0.138226 0.0273708 0.106326 0.727977
0.104534 0.643853 0.168959 9.9991E-05 0.0825544
0.054933 0.638248 0.189935 9.9991E-05 0.116784
9.9982E-05 0.678622 0.306832 0.0143464 9.9982E-05
0.602017 0.219162 0.0869986 9.9991E-05 0.091722
0.0165531 0.502799 0.480448 9.9982E-05 9.9982E-05
0.126971 0.640044 0.141134 0.0159219 0.075929
0.044956 0.747495 0.126539 0.0367517 0.0442583
0.0475745 0.690828 0.151679 9.9991E-05 0.109818
0.114252 0.698804 0.100087 0.0191977 0.0676594
0.176583 0.271597 0.497574 9.9991E-05 0.0541455
0.0627162 0.529228 0.219612 0.111143 0.0773014
0.0434084 0.581519 0.214779 0.122985 0.0373085
9.9991E-05 0.680354 0.129379 0.0744649 0.115701
9.9973E-05 0.534225 0.465475 9.9973E-05 9.9973E-05
9.9991E-05 0.722515 0.184491 0.052864 0.0400296
0.043247 0.645171 0.111872 0.136339 0.0633718
0.0280202 9.9982E-05 0.9019 9.9982E-05 0.0698802
0.479241 0.223465 0.297095 9.9982E-05 9.9982E-05
0.183656 0.0712807 0.62169 0.0692957 0.054078
0.175187 0.503683 0.118103 0.159421 0.0436067
0.0827422 0.612617 0.111519 0.0857167 0.107405
0.0885706 0.594902 0.129093 0.119681 0.0677536
0.361521 0.221014 0.291141 9.9991E-05 0.126224
0.172905 0.647513 0.0991378 9.9991E-05 0.0803437
0.119829 0.587929 0.081096 0.146701 0.0644443
0.236029 0.455791 0.194494 9.9991E-05 0.113586
0.432365 0.0348787 0.228161 0.125873 0.178722
0.241893 0.509201 0.119891 0.108344 0.0206705
0.292282 0.437488 0.0938621 0.11073 0.0656385
0.543498 0.149885 0.267069 9.9991E-05 0.0394479
0.236334 0.603622 0.121884 9.9991E-05 0.0380597
0.0560111 0.721717 0.156112 0.0526609 0.013499
0.0463491 0.613884 0.195615 0.0667679 0.0773832
0.215649 0.306486 0.318319 0.112097 0.0474485
0.229764 0.516991 0.181008 0.0721361 9.9991E-05
0.186293 0.659678 0.047834 0.0701342 0.0360609
0.352395 0.255394 0.337814 9.9991E-05 0.054296
0.0965646 0.717531 0.185705 9.9982E-05 9.9982E-05
0.140802 0.452119 0.406879 9.9982E-05 9.9982E-05
0.040949 0.583359 0.220627 0.0947098 0.0603552
0.00183573 0.167075 0.830889 9.9982E-05 9.9982E-05
0.0921907 0.155833 0.751776 9.9982E-05 9.9982E-05
9.9973E-05 0.4771 0.5226 9.9973E-05 9.9973E-05
0.0707986 0.642429 0.233349 9.9991E-05 0.0533233
0.0906888 0.60504 0.092338 9.9991E-05 0.211833
0.142522 0.53201 0.273114 0.0299196 0.0224341
0.216285 0.348262 0.364671 9.9991E-05 0.070682
0.257855 0.373488 0.340681 9.9991E-05 0.0278759
0.113628 0.51978 0.113297 0.195051 0.0582444
0.181064 0.458683 0.347016 9.9991E-05 0.0131379
0.0537852 0.569373 0.367965 9.9991E-05 0.00877637
9.9973E-05 0.551557 0.448143 9.9973E-05 9.9973E-05
0.000892826 0.17199 0.802884 9.9991E-05 0.0241328
0.104523 0.639677 0.150572 0.105128 9.9991E-05
0.0309003 0.119192 9.9991E-05 0.0399438 0.809864
9.9973E-05 0.081972 9.9973E-05 9.9973E-05 0.917728
9.9982E-05 0.0641842 9.9982E-05 0.0644575 0.871158
9.9973E-05 0.0563278 9.9973E-05 9.9973E-05 0.943372
9.9982E-05 0.121785 9.9982E-05 0.0203977 0.857617
9.9991E-05 0.0694681 0.0052146 0.0199711 0.905246
0.010372 0.0897243 9.9982E-05 9.9982E-05 0.899704
0.0242684 0.586773 0.182256 0.107467 0.0992346
0.0471489 0.652759 0.138458 0.0235256 0.138108
0.127931 0.230431 0.630943 9.9991E-05 0.0105957
0.0671578 0.571362 0.143522 0.090691 0.127268
0.154826 0.629193 0.19324 9.9991E-05 0.0226411
0.0302725 0.649339 0.188454 0.0676052 0.0643296
9.9982E-05 0.631261 0.290016 0.0785223 9.9982E-05
9.9991E-05 0.555686 0.285834 0.108082 0.0502979
0.285765 0.132176 0.567713 9.9991E-05 0.0142458
0.0760021 0.647585 0.123706 0.0077618 0.144945
0.0959538 0.674831 0.163221 9.9991E-05 0.0658946
0.163673 0.570327 0.0204007 0.16658 0.0790198
0.0147753 0.381204 0.525091 0.0606243 0.0183049
9.9982E-05 0.672466 0.298614 9.9982E-05 0.0287194
0.0877925 0.621698 0.26299 9.9991E-05 0.0274188
9.9982E-05 0.498817 0.43826 0.0627234 9.9982E-05
0.143164 0.516397 0.302126 9.9991E-05 0.0382126
9.9982E-05 0.677541 0.129969 9.9982E-05 0.19229
0.288411 0.164845 0.353988 0.156184 0.0365716
0.335788 0.366851 0.0699908 0.132998 0.094372
0.151279 0.641845 0.0816811 0.044755 0.0804403
0.127974 0.525292 0.0952776 0.143215 0.108241
0.412472 0.483052 9.9991E-05 0.0595752 0.0448001
0.211336 0.570512 0.0482702 0.128974 0.040908
0.416552 0.510709 9.9991E-05 0.0236947 0.0489447
0.185794 0.542884 0.113377 0.0555273 0.102418
0.186092 0.644622 0.0277714 0.062388 0.0791262
0.216292 0.624229 0.0764655 0.0533177 0.0296958
0.405455 0.578753 0.0155917 9.9982E-05 9.9982E-05
0.120852 0.701154 0.0425918 0.0763103 0.0590919
0.117481 0.434098 0.146666 0.23944 0.0623158
0.3021 0.604195 0.024902 0.0687028 9.9991E-05
0.14225 0.679592 0.0636689 0.0494987 0.0649911
0.149723 0.530845 0.144166 0.175166 9.9991E-05
0.282707 0.377446 0.165546 0.0836617 0.0906394
0.220632 0.641873 0.00290577 0.13449 9.9991E-05
0.198639 0.664712 0.0916274 0.0326394 0.0123827
0.427816 0.286543 0.16648 0.119061 9.9991E-05
0.304085 0.119893 0.437986 0.129463 0.00857292
0.244298 0.550328 0.129782 0.0229031 0.0526888
0.257208 0.128987 0.547964 0.0657411 9.9991E-05
0.447569 0.35785 0.141831 9.9991E-05 0.0526504
0.242049 0.527332 0.23042 9.9982E-05 9.9982E-05
0.456546 0.420169 0.0725995 9.9991E-05 0.050586
0.551628 0.317346 0.039991 0.0668794 0.024155
0.138099 0.62314 0.135555 0.0782233 0.0249822
0.198926 0.510154 0.120778 0.131032 0.0391099
0.268969 0.545211 0.0988774 0.0503049 0.0366376
0.35021 0.142349 0.399491 0.107851 9.9991E-05
0.0572886 0.455483 0.196904 0.140809 0.149515
0.0722614 0.51154 0.275209 0.0839532 0.0570373
0.163393 0.0030946 0.629147 0.0325756 0.17179
9.9991E-05 0.707833 0.152075 0.0824857 0.0575064
0.0559161 0.362443 0.444281 0.0463847 0.0909757
9.9991E-05 0.535276 0.260795 0.0812679 0.122562
0.0914548 0.296306 0.437121 0.0521057 0.123013
0.150701 0.251297 0.481855 9.9991E-05 0.116047
0.132666 0.498654 0.319211 9.9991E-05 0.0493686
0.0631449 0.502839 0.244992 0.0615309 0.127493
0.165583 0.379929 0.14416 0.14871 0.161618
9.9991E-05 0.0524242 0.638725 0.191139 0.117611
0.0863052 0.597472 0.195145 0.10162 0.019457
0.136954 0.408927 0.453919 9.9982E-05 9.9982E-05
0.0745087 0.592212 0.296723 0.000480076 0.0360764
0.0517981 0.579831 0.109423 0.0838811 0.175067
0.00727052 0.128116 0.221854 0.272997 0.369762
9.9982E-05 9.9982E-05 0.183384 0.185507 0.630909
9.9982E-05 9.9982E-05 0.337518 0.152978 0.509305
0.00800209 0.0242097 0.125824 0.401411 0.440553
9.9982E-05 0.77117 0.205266 9.9982E-05 0.0233644
0.0719844 0.529258 0.234638 0.107754 0.0563661
9.9973E-05 0.25302 9.9973E-05 0.74668 9.9973E-05
0.20311 0.231034 0.00214157 0.542125 0.0215888
0.152014 0.355047 0.0355952 0.400928 0.0564154
0.0196638 0.370664 0.525021 0.0476658 0.036985
0.167717 0.437662 0.204077 0.139272 0.0512713
0.017889 0.208309 0.696498 0.043254 0.0340497
9.9991E-05 0.617519 0.307082 0.0661035 0.00919568
0.0184821 0.445473 0.385011 0.103532 0.0475019
0.0543039 0.48174 0.331801 0.132055 9.9991E-05
0.0517859 0.222829 0.685546 0.031071 0.00876819
0.0522497 0.477395 0.274381 0.164345 0.0316287
0.0264293 0.448357 0.316351 0.073987 0.134876
9.9973E-05 9.9973E-05 0.0295966 0.970103 9.9973E-05
9.9973E-05 0.0874277 9.9973E-05 0.912272 9.9973E-05
0.0024763 0.29664 0.0582786 0.586145 0.05646
0.00052792 0.302705 9.9982E-05 0.696568 9.9982E-05
0.00888259 0.119144 0.0172068 0.822778 0.0319885
9.997E-05 9.997E-05 9.997E-05 0.9996 9.997E-05
0.00941925 9.9973E-05 9.9973E-05 0.990281 9.9973E-05
9.9973E-05 0.0991218 9.9973E-05 0.900578 9.9973E-05
0.012389 9.9973E-05 9.9973E-05 0.987311 9.9973E-05
9.997E-05 9.997E-05 9.997E-05 0.9996 9.997E-05
9.997E-05 9.997E-05 9.997E-05 0.9996 9.997E-05
0.00387446 0.230425 9.9991E-05 0.718598 0.0470029
0.0400766 0.114704 9.9982E-05 0.845019 9.9982E-05
9.997E-05 9.997E-05 9.997E-05 0.9996 9.997E-05
0.133797 0.332433 0.0192643 0.471427 0.0430787
0.101444 0.197625 9.9991E-05 0.611268 0.0895631
0.0380342 0.155595 0.00270343 0.776958 0.0267096
9.9973E-05 0.111372 9.9973E-05 0.888328 9.9973E-05
9.9973E-05 0.00568811 9.9973E-05 0.994012 9.9973E-05
9.9982E-05 0.0627991 9.9982E-05 0.886544 0.0504574
9.9973E-05 9.9973E-05 0.006989 0.992711 9.9973E-05
0.0310993 0.322145 9.9991E-05 0.588766 0.0578894
0.0608813 0.103352 0.00382462 0.829941 0.00200067
9.9982E-05 9.9982E-05 0.52762 0.0900753 0.382104
0.137869 0.368177 0.148159 0.122331 0.223464
0.096204 0.40236 0.134139 0.164808 0.20249
9.9991E-05 0.105875 0.457646 0.163387 0.272992
0.0646756 0.394181 0.148591 0.251932 0.14062
9.9991E-05 0.159588 0.38321 0.185153 0.271949
0.0732225 0.517704 0.0869124 0.124894 0.197267
9.9991E-05 0.339036 0.282795 0.213169 0.1649
9.9991E-05 0.487157 0.195996 0.151625 0.165122
9.9991E-05 0.26837 0.243271 0.305813 0.182446
0.0492988 0.430254 0.212353 0.175 0.133094
0.0673005 0.0309894 0.0464955 9.9991E-05 0.855115
9.9982E-05 9.9982E-05 0.00937741 0.0750459 0.915377
0.0227097 9.9982E-05 0.00208712 9.9982E-05 0.975003
0.026582 0.0449026 9.9982E-05 9.9982E-05 0.928315
0.0881005 9.9982E-05 9.9982E-05 0.0262101 0.885489
9.9973E-05 9.9973E-05 9.9973E-05 0.0818767 0.917823
0.017679 9.9982E-05 9.9982E-05 0.0834193 0.898702
9.9982E-05 9.9982E-05 0.057001 0.0278596 0.914939
0.00262031 0.0610182 9.9991E-05 0.0157749 0.920487
0.0324507 0.00915374 9.9991E-05 0.0996381 0.858657
0.242279 9.9982E-05 0.167018 9.9982E-05 0.590503
0.342519 0.0169168 0.056441 9.9991E-05 0.584024
0.290743 9.9982E-05 0.185253 9.9982E-05 0.523804
0.316132 9.9982E-05 0.182636 9.9982E-05 0.501032
0.199599 0.630585 0.117705 9.9991E-05 0.0520102
0.22165 0.645339 0.102301 0.0306103 9.9991E-05
0.165733 0.655733 0.119651 0.0587832 9.9991E-05
0.293931 0.443684 0.232735 9.9991E-05 0.0295501
0.645686 0.2277 0.126414 9.9982E-05 9.9982E-05
0.0493748 0.647052 0.225343 0.0781305 9.9991E-05
0.0766637 0.670219 0.220714 0.0323025 9.9991E-05
0.103936 0.633205 0.227539 0.0199067 0.015413
9.9982E-05 0.525496 0.456729 0.0175758 9.9982E-05
0.0668599 0.727621 0.157125 9.9991E-05 0.0482943
0.17842 0.515071 0.283779 9.9991E-05 0.0226305
0.13508 0.0399292 0.824791 9.9982E-05 9.9982E-05
0.0846897 0.560116 0.257242 0.0293713 0.0685808
0.00306442 0.414613 0.580888 0.00133492 9.9991E-05
9.9973E-05 0.637053 0.362647 9.9973E-05 9.9973E-05
0.256016 0.239851 0.496272 9.9991E-05 0.00776109
0.819965 0.00221009 0.0375308 9.9991E-05 0.140195
0.761358 0.0435634 0.036255 0.0397102 0.119113
0.854905 9.9982E-05 0.0751379 9.9982E-05 0.0697573
0.819159 9.9982E-05 0.0910083 9.9982E-05 0.0896325
0.851397 0.043286 0.0400947 0.0651225 9.9991E-05
0.800655 0.108166 9.9991E-05 0.0543264 0.0367529
9.9982E-05 0.081357 9.9982E-05 0.070236 0.848207
0.0692155 0.0930176 9.9991E-05 0.0394547 0.798212
9.9982E-05 0.11339 9.9982E-05 0.145573 0.740836
0.107651 9.9982E-05 9.9982E-05 0.175256 0.716893
0.0120691 0.133514 9.9991E-05 0.072701 0.781616
0.531417 9.9982E-05 0.0344291 9.9982E-05 0.433954
0.381185 9.9982E-05 0.145959 9.9982E-05 0.472656
0.491657 9.9982E-05 0.0913873 9.9982E-05 0.416756
0.0588775 0.0911342 9.9991E-05 0.0620807 0.787808
0.491705 9.9982E-05 0.113232 9.9982E-05 0.394864
0.00128422 0.225832 0.116466 0.455032 0.201386
0.0955771 0.599749 0.00231429 0.237688 0.0646719
9.9982E-05 0.466539 9.9982E-05 0.376017 0.157245
9.9991E-05 0.330839 0.159151 0.246933 0.262977
0.112576 0.480087 0.00199897 0.237482 0.167856
9.9982E-05 9.9982E-05 0.163109 0.378881 0.457809
0.363687 0.524295 0.10189 9.9991E-05 0.0100286
0.178414 0.359393 0.382781 0.0199361 0.0594762
0.584706 0.295081 0.07778 0.0059463 0.0364869
0.150568 0.515559 0.306545 0.0272288 9.9991E-05
0.205082 9.9973E-05 0.794618 9.9973E-05 9.9973E-05
0.195143 0.501464 0.114641 0.140667 0.0480852
0.129669 0.565814 0.257824 0.0342229 0.0124706
0.488585 0.38456 0.106975 9.9991E-05 0.0197801
0.205118 0.536353 0.0810817 0.110435 0.0670124
0.304405 0.162685 0.532709 9.9982E-05 9.9982E-05
0.133327 0.436377 0.309605 0.120591 9.9991E-05
0.322287 0.586695 0.0428479 0.0224671 0.0257031
0.0485302 0.359374 0.219619 0.230686 0.14179
0.278888 0.307356 0.307318 0.106338 9.9991E-05
0.283808 0.461235 0.185434 0.0477429 0.02178
0.138375 0.583682 0.149284 0.128559 9.9991E-05
0.249221 0.601674 0.134227 0.0147789 9.9991E-05
0.161388 0.610153 0.114213 0.0802194 0.034027
0.110999 0.545372 0.19951 0.0959939 0.0481254
0.152142 0.59561 0.0343898 0.137877 0.0799806
9.9982E-05 0.111755 9.9982E-05 0.123624 0.764421
9.9991E-05 0.108648 0.00470162 0.0299264 0.856624
0.0853408 0.0811699 0.0344415 0.00889288 0.790155
0.0546484 0.0274527 0.0468232 0.0428387 0.828237
9.9973E-05 0.141347 9.9973E-05 9.9973E-05 0.858353
0.628765 0.180859 0.0956958 0.0945802 9.9991E-05
0.142277 0.530315 0.153988 0.12191 0.0515092
0.0556189 0.405087 0.13212 0.168661 0.238513
0.18929 0.647324 0.00933541 0.114342 0.039709
0.254642 0.613247 0.0728845 9.9991E-05 0.0591268
0.451662 0.203709 0.185522 0.159007 9.9991E-05
0.634894 0.0286938 0.186823 9.9991E-05 0.14949
0.346721 0.590727 0.0342336 0.00629701 0.022021
0.521222 0.154235 0.184021 0.0904381 0.050085
0.197378 0.466947 0.247631 0.0673953 0.0206486
0.599263 0.188651 0.0831371 0.0176748 0.111274
0.17963 0.585252 9.9991E-05 0.147778 0.0872401
0.569091 0.23159 0.117815 0.0259256 0.0555784
0.296107 0.357428 0.179839 0.124702 0.0419248
0.160866 0.551701 0.201919 0.0760351 0.00948
0.140325 0.309858 0.473399 0.0285401 0.0478779
0.0172994 0.648584 0.263181 0.00612741 0.0648078
9.9991E-05 0.47852 0.285414 0.134676 0.10129
0.0741374 0.416632 0.501919 0.00721163 9.9991E-05
0.145529 0.598743 0.122197 0.0984208 0.0351107
9.9982E-05 0.654419 0.238794 9.9982E-05 0.106587
0.116301 0.151561 0.708878 9.9991E-05 0.0231598
9.9982E-05 0.344568 0.633987 9.9982E-05 0.0212454
0.076425 0.550471 0.299375 9.9991E-05 0.0736282
0.165776 0.162285 0.641207 9.9991E-05 0.0306317
0.130839 0.565035 0.303927 9.9982E-05 9.9982E-05
0.637477 0.107006 0.194301 0.0602341 0.000981667
0.346965 0.33021 0.300871 0.0218539 9.9991E-05
0.46144 0.325205 0.0797217 0.133534 9.9991E-05
0.197525 0.637152 0.027481 0.131684 0.00615759
0.510958 0.25254 0.196504 0.0398981 9.9991E-05
0.205734 0.438267 0.160447 0.175163 0.0203901
0.158371 0.655887 9.9991E-05 0.0563744 0.129268
0.300617 0.517009 0.106505 0.0757684 9.9991E-05
0.254758 0.492948 0.103613 0.142295 0.00638615
0.336675 0.419429 0.10485 0.0932026 0.0458425
0.479526 0.3148 0.115627 0.0899473 9.9991E-05
0.505889 0.290123 0.106467 0.0974206 9.9991E-05
0.230572 0.615324 0.0623246 0.0916788 9.9991E-05
0.171605 0.657331 0.0547506 0.116214 9.9991E-05
0.272759 0.439097 0.225876 0.0308581 0.0314102
0.216236 0.540908 0.101096 0.141659 9.9991E-05
0.431337 0.4625 9.9991E-05 0.0268546 0.0792084
0.204675 0.58485 0.0877972 0.0807817 0.0418956
0.300323 0.559752 0.0149758 0.112132 0.0128163
0.137677 0.431483 0.151262 0.19133 0.0882477
9.9991E-05 0.487056 0.0359762 0.105 0.371868
9.9991E-05 0.430019 0.127633 0.316053 0.126195
9.9991E-05 0.526064 0.0744167 0.210834 0.188585
0.0870886 0.606374 0.0635074 0.17601 0.0670203
9.9991E-05 0.472308 0.0636229 0.224601 0.239368
0.156279 0.389288 0.31139 0.142944 9.9991E-05
0.0270587 0.639697 0.057053 0.0899261 0.186266
9.9991E-05 0.0148469 0.487341 0.191445 0.306268
0.132743 0.458748 0.0382499 0.252876 0.117384
0.0385264 0.532284 0.117959 0.171918 0.139313
0.0791938 0.353535 0.177032 0.332008 0.0582314
0.15467 0.219279 0.236181 0.248443 0.141427
9.9991E-05 0.527969 0.0445177 0.191326 0.236087
0.0410672 0.485516 0.0679452 0.281979 0.123493
9.9982E-05 9.9982E-05 0.291614 0.181127 0.527059
0.0118049 0.482164 0.0910699 0.243123 0.171838
9.9991E-05 0.594499 0.0354565 0.220918 0.149026
0.0626953 0.651349 0.00306884 0.120352 0.162535
9.9991E-05 0.557222 0.0219935 0.216808 0.203876
0.0383361 0.500705 0.0866548 0.160285 0.214019
0.130941 0.418934 0.220399 0.176285 0.0534402
0.0580876 0.439847 0.283391 0.180798 0.0378761
0.154847 0.109622 0.726414 0.00901765 9.9991E-05
0.112761 0.0519465 0.835093 9.9982E-05 9.9982E-05
0.0775632 0.548375 0.215888 0.0704321 0.0877416
0.014659 0.36074 0.146989 0.395314 0.0822982
9.9991E-05 0.268584 0.208274 0.428042 0.0950001
9.9991E-05 0.171421 0.259146 0.324096 0.245238
0.0314903 0.411901 0.0716114 0.298253 0.186745
9.9991E-05 0.0763682 0.701719 0.141488 0.0803245
9.9991E-05 0.16546 0.58053 0.137316 0.116594
9.9991E-05 0.569733 0.288421 0.12849 0.0132553
9.9991E-05 0.366214 0.351156 0.239183 0.0433461
9.9991E-05 0.172562 0.537057 0.221089 0.0691921
0.0746096 0.51067 0.222529 0.180916 0.0112754
0.0354018 0.558593 0.247626 0.154121 0.00425828
0.0887954 0.458951 0.119532 0.215057 0.117665
0.0640928 0.436878 0.493404 0.00552557 9.9991E-05
0.15247 0.309697 0.418376 0.119357 9.9991E-05
0.0681155 0.533758 0.339127 0.0491156 0.00988447
0.138486 0.416217 0.298844 0.0446462 0.101806
0.0349086 0.49511 0.296455 0.135875 0.037652
0.0380407 0.509206 0.399446 0.0532072 9.9991E-05
0.147004 0.284963 0.567833 9.9982E-05 9.9982E-05
9.9982E-05 0.655502 0.273081 9.9982E-05 0.0712166
0.0440266 0.478662 0.276028 0.097001 0.104282
0.0413612 0.271864 0.649981 0.0366936 9.9991E-05
0.0236182 0.47542 0.446464 0.0543987 9.9991E-05
0.0276677 0.572548 0.205477 0.127054 0.0672529
0.0911236 0.500116 0.314572 0.0885078 0.00568088
9.9991E-05 0.481038 0.0923481 0.224952 0.201562
0.100251 0.33104 0.252707 0.271688 0.0443135
0.109019 0.212296 0.194032 0.309098 0.175555
0.141177 0.302089 0.131034 0.30773 0.117971
0.0566905 0.353988 0.150319 0.218389 0.220614
0.0902903 0.316831 0.191349 0.319881 0.0816489
0.0159619 9.9991E-05 0.599791 0.191593 0.192554
9.9991E-05 0.623162 0.0668857 0.247143 0.0627088
9.9982E-05 9.9982E-05 0.428577 0.197014 0.374209
9.9991E-05 0.529609 0.178698 0.254487 0.0371064
9.9973E-05 0.203197 0.796503 9.9973E-05 9.9973E-05
0.0478058 9.9991E-05 0.889789 0.00286981 0.0594356
0.0458213 0.546945 0.407033 9.9982E-05 9.9982E-05
9.9991E-05 0.642854 0.218363 0.0865713 0.0521116
0.0010012 0.469835 0.528964 9.9982E-05 9.9982E-05
0.0452614 0.64599 0.273427 0.0352222 9.9991E-05
0.0353415 0.564543 0.331745 0.0682703 9.9991E-05
9.9991E-05 0.0939899 0.0504458 0.0465127 0.808952
0.17215 9.9982E-05 9.9982E-05 0.146895 0.680755
0.0329304 9.9982E-05 9.9982E-05 0.106135 0.860735
9.9982E-05 0.0387979 9.9982E-05 0.006495 0.954507
0.081511 0.635034 0.270878 0.0124771 9.9991E-05
0.1114 0.637574 0.197581 0.0376153 0.0158301
0.0716251 0.617008 0.302065 9.9991E-05 0.00920153
0.0491159 0.627626 0.181491 0.00478542 0.136981
0.116824 0.50317 0.193569 0.104211 0.082227
0.135572 0.354986 0.484664 9.9991E-05 0.0246781
9.9991E-05 0.723268 0.208438 0.0604116 0.00778215
9.9982E-05 0.522321 0.449164 9.9982E-05 0.0283155
0.0175876 0.438752 0.0181767 0.213269 0.312214
0.0402883 0.523713 0.355048 0.0808513 9.9991E-05
0.2389 0.486307 0.274593 9.9982E-05 9.9982E-05
0.0711399 0.699782 0.228878 9.9982E-05 9.9982E-05
0.0738468 0.589741 0.332628 9.9991E-05 0.00368422
9.9982E-05 0.6717 0.263559 0.0645413 9.9982E-05
9.9982E-05 0.782278 0.150398 9.9982E-05 0.067124
9.9973E-05 0.262747 0.736953 9.9973E-05 9.9973E-05
0.0678761 0.392783 0.536568 0.00267269 9.9991E-05
0.102185 0.427921 0.469695 9.9982E-05 9.9982E-05
9.9973E-05 0.0706956 0.929004 9.9973E-05 9.9973E-05
0.184583 0.60873 0.196072 0.0105159 9.9991E-05
9.9973E-05 0.294622 0.705079 9.9973E-05 9.9973E-05
0.0199873 0.0875866 0.881778 9.9991E-05 0.0105483
9.9991E-05 0.720704 0.214045 0.0422736 0.022878
0.141915 0.394504 0.452182 9.9991E-05 0.0112996
0.158622 0.500798 0.204282 0.106362 0.0299364
0.157107 0.681188 0.0597962 0.0238064 0.0781022
0.100087 0.632761 0.249825 0.0172258 9.9991E-05
0.318869 0.359573 0.219726 0.101731 9.9991E-05
0.0730932 0.709911 0.20395 9.9991E-05 0.0129455
0.1505 0.595386 0.219797 9.9991E-05 0.0342164
9.9973E-05 0.470844 0.528856 9.9973E-05 9.9973E-05
0.152126 0.495826 0.140742 0.0889509 0.122355
0.234762 0.0117824 0.112481 0.00193781 0.639037
0.0884754 0.0725103 0.0966156 9.9991E-05 0.742299
0.112602 9.9982E-05 0.048173 9.9982E-05 0.839025
0.10656 9.9982E-05 0.0821326 9.9982E-05 0.811107
0.236259 0.0620577 9.9982E-05 9.9982E-05 0.701483
0.17737 0.324886 0.474776 9.9991E-05 0.0228682
0.175546 0.302631 0.497098 9.9991E-05 0.0246251
9.9973E-05 0.343095 0.656606 9.9973E-05 9.9973E-05
0.0203988 0.467368 0.243875 0.182121 0.0862366
9.9982E-05 0.728332 0.117616 9.9982E-05 0.153852
9.9991E-05 0.449517 0.532239 0.00480158 0.0133428
9.9991E-05 0.648444 0.269132 0.0780995 0.00422508
0.0242862 0.508318 0.40725 9.9991E-05 0.060045
0.0758913 0.668645 0.223034 0.00937697 0.0230536
0.0983643 0.74555 0.0997038 0.0293574 0.0270246
0.184908 0.443408 0.371484 9.9982E-05 9.9982E-05
0.106069 0.547093 0.346639 9.9982E-05 9.9982E-05
0.180563 0.473848 0.345389 9.9982E-05 9.9982E-05
0.030091 0.666679 0.182935 9.9991E-05 0.120195
0.126153 0.567758 0.305889 9.9982E-05 9.9982E-05
0.123125 0.550648 0.319813 9.9991E-05 0.00631402
0.0152775 0.467017 9.9991E-05 0.472123 0.045482
9.9991E-05 0.337472 0.0550065 0.466465 0.140957
9.9982E-05 0.428635 9.9982E-05 0.426145 0.145021
9.9991E-05 0.315638 0.0166659 0.466787 0.20081
0.0319355 0.49536 9.9991E-05 0.283716 0.188889
9.9991E-05 0.578286 0.344218 0.0278121 0.049584
9.9982E-05 0.11007 9.9982E-05 0.616718 0.273012
9.9991E-05 0.347887 0.00306694 0.4754 0.173546
9.9991E-05 0.399608 0.219333 0.257983 0.122976
0.0423256 0.638258 0.098086 9.9991E-05 0.22123
0.106157 0.478941 0.241444 0.024354 0.149105
0.0560973 0.655164 0.0809187 0.0606555 0.147164
0.0722007 0.586585 0.147392 0.0998107 0.094011
9.9982E-05 0.280769 9.9982E-05 0.518597 0.200434
0.0816863 0.453839 9.9991E-05 0.387161 0.0772134
9.9982E-05 0.419316 9.9982E-05 0.541597 0.0388873
0.127271 0.375943 0.0310233 0.406639 0.0591237
9.9991E-05 0.270845 0.0608798 0.530902 0.137274
9.9991E-05 0.413894 0.0701474 0.366198 0.14966
9.9991E-05 0.20601 0.059666 0.606914 0.12731
0.144802 0.403825 9.9991E-05 0.403205 0.0480678
0.0262551 0.477633 0.253205 0.105454 0.137453
0.0317386 0.398044 0.0365751 0.338491 0.195151
9.9991E-05 0.16323 0.0138047 0.63391 0.188955
0.0782245 0.434691 0.0192694 0.3396 0.128215
0.223733 0.21531 0.359489 0.0339648 0.167504
0.0874007 0.515269 0.1808 0.21643 9.9991E-05
0.0946399 0.400693 0.0052805 0.337841 0.161545
0.149606 0.544758 0.0633518 0.145979 0.0963057
0.0336562 0.592136 0.165803 0.0327991 0.175606
0.015439 0.407827 0.102303 0.230593 0.243838
9.9991E-05 0.331303 0.127434 0.351176 0.189988
0.0425069 0.517449 0.138688 0.155226 0.14613
9.9991E-05 0.456284 0.0143175 0.393281 0.136017
9.9991E-05 0.388125 0.0249973 0.488126 0.098652
9.9982E-05 0.167158 9.9982E-05 0.591124 0.241518
0.0378105 0.535606 0.116678 0.12374 0.186165
0.0670621 0.532518 0.25004 9.9991E-05 0.150279
0.0203138 0.100156 0.595736 0.152589 0.131204
0.0839589 0.628961 0.0955274 0.101506 0.090047
0.266728 0.431005 0.11945 0.0437308 0.139086
0.0058717 0.436909 0.106815 0.214364 0.23604
0.126625 0.456919 0.164871 0.143588 0.107998
9.9982E-05 9.9982E-05 0.410008 0.244175 0.345616
9.9982E-05 9.9982E-05 0.485836 0.110048 0.403916
0.11239 0.273029 0.313638 0.14024 0.160703
9.9982E-05 9.9982E-05 0.400368 0.231293 0.368139
9.9982E-05 9.9982E-05 0.284766 0.272131 0.442903
0.00115171 0.251588 0.370267 0.23211 0.144883
9.9991E-05 0.323299 0.310491 0.172947 0.193163
9.9991E-05 0.158796 0.294863 0.166031 0.380209
9.9991E-05 0.124244 0.335363 0.181784 0.358509
0.0171298 0.53535 0.153355 0.125008 0.169158
9.9991E-05 0.120362 0.415272 0.195745 0.268521
9.9982E-05 9.9982E-05 0.374544 0.108835 0.516421
0.16821 0.582754 9.9991E-05 0.100385 0.148551
0.00543465 0.313851 0.231616 0.298214 0.150883
0.0798683 0.444417 9.9991E-05 0.212888 0.262726
9.9982E-05 0.521694 9.9982E-05 0.313701 0.164405
0.169191 0.464412 0.128289 0.107323 0.130785
0.0189741 0.534674 0.0326135 0.211595 0.202143
0.11163 0.449634 9.9991E-05 0.356367 0.0822687
0.0218296 0.3486 9.9991E-05 0.289388 0.340082
0.0729467 0.553176 9.9991E-05 0.166174 0.207603
0.0492717 0.423475 0.0035328 0.299121 0.2246
9.9991E-05 0.290878 0.159213 0.274082 0.275727
0.162007 0.274233 0.267517 0.186695 0.109548
0.0934871 0.474514 0.134048 0.13631 0.161641
0.0129664 0.601674 0.0366822 0.139658 0.209019
9.9991E-05 0.704228 0.0856108 0.116798 0.0932638
0.0431944 0.284401 0.0661079 0.371588 0.234708
0.0436311 0.510587 0.0699807 0.180021 0.19578
9.9991E-05 0.133408 0.181604 0.279441 0.405447
0.0962172 0.422213 9.9991E-05 0.281883 0.199587
9.9991E-05 0.244513 0.171775 0.288349 0.295263
0.123874 9.9991E-05 0.0761202 0.0250074 0.774898
0.716595 0.191302 9.9982E-05 9.9982E-05 0.0919032
0.9996 9.997E-05 9.997E-05 9.997E-05 9.997E-05
0.988706 9.9973E-05 9.9973E-05 9.9973E-05 0.0109938
0.968174 0.005563 9.9982E-05 0.0260628 9.9982E-05
0.934156 0.0277125 9.9982E-05 0.0379313 9.9982E-05
0.921741 0.0779592 9.9973E-05 9.9973E-05 9.9973E-05
0.943627 9.9973E-05 9.9973E-05 9.9973E-05 0.0560727
0.808871 9.9973E-05 9.9973E-05 9.9973E-05 0.190829
0.0437681 9.9982E-05 9.9982E-05 0.0302829 0.925749
0.14152 0.0444064 9.9991E-05 0.0209345 0.793039
9.9991E-05 0.0204231 0.0552939 0.0503449 0.873838
0.133532 0.029251 9.9982E-05 9.9982E-05 0.837017
0.0447675 0.0355494 9.9991E-05 0.0349059 0.884677
0.0772157 9.9982E-05 9.9982E-05 0.0272351 0.895349
0.0707739 0.0289064 0.0196382 0.148703 0.731979
9.9991E-05 0.016205 0.0271506 0.0736074 0.882937
0.10683 0.0961513 0.0416958 0.0448874 0.710435
9.9982E-05 0.0205 9.9982E-05 0.0570694 0.922231
0.0132344 9.9982E-05 0.00992526 9.9982E-05 0.97664
9.9991E-05 0.054116 0.031667 0.0253334 0.888784
0.0211853 9.9982E-05 9.9982E-05 0.0096149 0.969
0.00478262 0.0351919 9.9991E-05 0.0497755 0.91015
0.0283099 0.00604604 9.99913E-05 0.151181 0.814363
9.9982E-05 0.106625 9.9982E-05 0.0462316 0.846944
9.9982E-05 0.0562719 9.9982E-05 0.171749 0.771779
9.9982E-05 0.122905 9.9982E-05 0.100943 0.775952
9.9982E-05 0.140745 9.9982E-05 0.0457526 0.813302
0.03264 0.432513 0.296348 0.0407548 0.197745
0.0439019 0.753384 0.124882 9.9991E-05 0.0777318
9.9982E-05 0.732721 0.0744781 9.9982E-05 0.192601
9.9991E-05 0.144977 0.696751 0.0330556 0.125116
0.146492 0.635725 0.0549629 9.9991E-05 0.162719
9.9991E-05 0.118988 0.634864 0.0156457 0.230402
9.9991E-05 0.604758 0.180186 0.103344 0.111612
0.14693 0.469571 0.247789 9.9991E-05 0.13561
0.0285642 0.652768 0.223518 9.9991E-05 0.0950494
0.0110375 0.623731 0.296792 9.9991E-05 0.0683397
0.141251 0.508144 0.193149 9.9991E-05 0.157357
0.0591102 0.712792 0.14153 0.00158762 0.0849799
0.17258 0.685359 0.0147247 0.0142995 0.113037
0.467288 0.0690718 0.403364 0.0601767 9.9991E-05
0.0523146 9.9982E-05 0.851899 9.9982E-05 0.0955865
0.0328098 0.126597 0.634527 0.0591585 0.146908
0.00776874 0.600201 0.164667 0.140096 0.0872671
0.0258577 0.552847 0.231327 0.0168265 0.173141
0.019711 0.595287 0.21271 9.9991E-05 0.172192
0.107731 0.543595 0.159895 0.150434 0.0383452
0.023472 0.547268 0.0116125 0.180821 0.236826
0.0633364 0.56348 0.0182413 0.183045 0.171898
0.162301 0.149868 0.088384 0.178755 0.420692
0.123377 0.586196 0.0327498 0.0983775 0.1593
0.0943125 0.401798 0.060775 0.17333 0.269785
9.9982E-05 9.9982E-05 0.386934 0.178559 0.434307
9.9991E-05 0.362771 0.116468 0.205821 0.31484
0.12056 0.315093 0.00507345 0.20796 0.351313
0.10965 0.456926 9.9991E-05 0.0865605 0.346764
0.102986 0.449973 0.0328637 0.290883 0.123294
0.0964693 0.438621 0.0593266 0.253088 0.152495
0.0627027 0.591342 9.9991E-05 0.214805 0.13105
0.051376 0.377855 0.21783 0.221856 0.131083
0.00934374 0.312239 0.0171227 0.192883 0.468412
