9.9991E-05 0.0438577 0.0338103 0.922232
9.9982E-05 0.0235833 9.9982E-05 0.976217
0.0966494 9.9991E-05 0.0452147 0.858036
0.0095448 0.068833 0.0902483 0.831374
0.0233208 9.9991E-05 0.0784456 0.898134
0.0513938 0.201109 0.113302 0.634195
9.9991E-05 0.101089 0.0238606 0.874951
9.999E-05 0.190902 0.0547395 0.754259
9.9982E-05 0.145931 9.9982E-05 0.853869
0.1014 0.0552284 0.065885 0.777487
0.0883085 0.122908 9.9991E-05 0.788683
0.337234 0.531298 0.0812681 0.0501997
0.535699 0.277866 0.154706 0.0317291
0.355693 0.502258 0.0422195 0.0998295
0.324117 0.416352 0.171623 0.0879083
0.48537 0.22078 0.123488 0.170361
0.513873 0.243082 0.150989 0.0920561
0.540861 0.341052 0.100294 0.0177935
0.379449 0.336062 0.098782 0.185707
0.0940144 0.718757 0.0728999 0.114329
0.478193 0.34126 0.175398 0.00514863
0.527975 0.307679 0.0705894 0.0937566
0.631299 0.239665 0.0954424 0.0335937
0.311175 0.486216 0.166649 0.0359589
0.613036 0.096364 0.159047 0.131554
0.636317 0.211173 0.15241 9.9991E-05
0.301496 0.496587 0.100483 0.101433
0.218938 0.516381 0.2161 0.0485809
0.30821 0.554569 0.0453066 0.0919139
0.0802428 9.9991E-05 0.105683 0.813974
0.118486 9.9991E-05 0.0325168 0.848897
0.152108 9.9991E-05 0.0274714 0.82032
0.175711 9.9991E-05 0.0814635 0.742726
0.764752 0.165803 0.0224817 0.0469625
0.647123 0.240319 0.0435735 0.0689843
0.807317 0.1116 9.9991E-05 0.0809825
0.271252 0.536728 9.9991E-05 0.191921
0.582869 0.390234 0.0267969 9.9991E-05
0.615922 0.171134 0.0750482 0.137895
0.833914 0.0702464 0.0923083 0.00353141
0.682665 0.111095 0.0279971 0.178243
0.739435 0.110172 0.0351115 0.115282
0.429046 0.521672 9.9991E-05 0.0491816
0.62312 0.174513 0.151838 0.0505287
0.816349 0.0121772 0.064765 0.106709
0.634389 0.0306259 0.163308 0.171677
0.6586 0.3412 9.9982E-05 9.9982E-05
0.778463 0.109242 0.0904248 0.0218703
0.763012 0.066409 0.0569573 0.113622
0.0274274 0.877774 0.00860029 0.0861986
0.318262 0.625094 9.9991E-05 0.0565435
0.184801 0.716996 0.0531012 0.045102
0.563249 0.210554 0.123979 0.102217
0.682034 0.0832393 0.115659 0.119068
0.641919 0.137998 0.152476 0.0676076
0.30501 0.542793 9.9991E-05 0.152098
0.696235 0.255599 0.00489235 0.0432731
0.549521 0.184282 0.199687 0.0665095
0.4733 0.373867 0.0195778 0.133255
0.0612183 0.602126 0.0764726 0.260183
0.691661 0.135512 0.0796497 0.0931775
0.465311 0.338783 0.0995745 0.0963317
0.186776 0.713555 9.9991E-05 0.0995692
0.601046 0.29784 0.0794126 0.0217021
0.578581 0.196952 0.172781 0.0516863
0.57899 0.186893 0.148649 0.0854672
0.413937 0.452897 0.0409601 0.0922054
0.605662 0.297897 0.0953171 0.00112429
0.654884 0.196208 0.0980747 0.0508342
0.33309 0.579197 9.9991E-05 0.0876124
0.774493 0.225307 9.9982E-05 9.9982E-05
0.45316 0.534757 9.9991E-05 0.0119827
0.76566 0.0829542 0.0497738 0.101612
0.302289 0.697511 9.9982E-05 9.9982E-05
0.251926 0.747874 9.9982E-05 9.9982E-05
0.582027 0.417773 9.9982E-05 9.9982E-05
0.701972 0.297828 9.9982E-05 9.9982E-05
0.546496 0.174158 0.13436 0.144986
0.724653 0.255522 0.0197256 9.9991E-05
0.463988 0.462621 9.9991E-05 0.0732917
0.474209 0.46322 9.9991E-05 0.0624712
0.689698 0.14265 0.0396134 0.128039
0.493565 0.434273 0.0402894 0.0318727
0.65257 0.251943 9.9991E-05 0.0953876
0.690046 0.309754 9.9982E-05 9.9982E-05
0.157751 0.784723 0.0574259 9.9991E-05
0.764316 0.0947068 0.0770009 0.0639761
0.116905 9.9991E-05 0.0302868 0.852709
0.0644163 9.9982E-05 9.9982E-05 0.935384
0.0430818 9.9991E-05 0.0639189 0.892899
0.00181314 9.9991E-05 0.0700093 0.928078
0.0827708 9.9991E-05 0.0321073 0.885022
0.0398336 9.9991E-05 0.0343445 0.925722
0.0345366 9.9991E-05 0.0474313 0.917932
0.574753 0.17123 0.142319 0.111698
0.557406 0.255995 0.115833 0.0707668
0.313321 0.671392 9.9991E-05 0.015187
0.683104 0.084329 0.0859633 0.146603
0.66347 0.29891 0.00621323 0.0314071
0.826466 0.0468179 0.0752694 0.0514469
0.787228 0.16287 0.0157497 0.0341523
0.740107 0.212079 0.0350364 0.0127779
0.229425 0.721709 9.9991E-05 0.0487659
0.625951 0.112988 0.115358 0.145703
0.831979 0.0983996 0.0241978 0.0454236
0.675239 0.0276506 0.154032 0.143079
0.510699 0.433361 0.0444866 0.0114533
0.681462 0.260754 0.0473654 0.0104194
0.573014 0.317295 0.0808063 0.0288844
0.575561 0.333732 0.0906067 9.9991E-05
0.677231 0.265965 9.9991E-05 0.0567035
0.652572 0.120863 0.053731 0.172834
0.28504 0.523214 0.0526032 0.139144
0.475958 0.283612 0.0750359 0.165394
0.633886 0.128509 0.143976 0.0936293
0.656929 0.157377 0.0659326 0.119762
0.690367 0.255203 9.9991E-05 0.0543301
0.790404 0.152773 0.00111493 0.055708
0.624408 0.26118 0.040377 0.0740357
0.553168 0.302504 0.0166291 0.127699
0.652136 0.176678 0.02372 0.147466
0.662122 0.214573 0.0244309 0.0988737
0.678263 0.27672 9.9991E-05 0.0449164
0.589746 0.209693 0.141081 0.0594799
0.588545 0.188558 0.0994838 0.123414
0.667597 0.254495 0.075587 0.00232141
0.50998 0.216769 0.187429 0.0858217
0.629698 0.226244 0.126324 0.0177339
0.472863 0.393897 0.043488 0.0897522
0.71036 0.151758 0.0712076 0.0666736
0.724024 0.169723 0.0841399 0.0221125
0.303281 0.532782 0.0986859 0.0652509
0.239879 0.60001 0.10215 0.0579621
0.6393 0.148521 0.0936131 0.118566
0.12216 0.768422 0.109318 9.9991E-05
0.40656 0.451851 9.9991E-05 0.141489
0.561624 0.423181 9.9991E-05 0.0150944
0.454836 0.428293 9.9991E-05 0.116771
0.435888 0.462903 0.0048141 0.096395
0.731058 0.105236 0.0492803 0.114426
0.551465 0.186323 0.197865 0.0643467
0.554211 0.24455 0.101366 0.0998721
0.184973 0.629273 0.164545 0.0212091
0.690438 0.100789 0.00187615 0.206896
0.536994 0.247288 0.143093 0.072625
0.0763148 0.687245 0.037574 0.198866
0.669423 0.0992143 0.119665 0.111697
0.420374 0.34306 0.113468 0.123098
0.395507 0.308812 0.235998 0.0596835
0.298334 0.510378 0.0858509 0.105438
0.329082 0.52139 9.9991E-05 0.149428
0.552564 0.33362 0.0239442 0.0898713
0.717217 0.0809501 0.0406358 0.161197
0.439759 0.257368 0.190681 0.112192
0.0720631 0.617052 0.231315 0.0795696
0.46842 0.251605 0.176749 0.103226
0.574931 0.424869 9.9982E-05 9.9982E-05
0.611484 0.374253 0.0141628 9.9991E-05
0.647697 0.0311169 0.18648 0.134706
0.211471 0.128484 0.307336 0.352708
9.9991E-05 0.161976 0.212454 0.62547
9.9991E-05 0.252852 0.226653 0.520395
0.10305 0.0920875 0.328361 0.476502
0.78419 0.152707 0.0630028 9.9991E-05
0.689047 0.197635 0.0926271 0.0206905
0.203751 9.9982E-05 0.796049 9.9982E-05
0.396845 0.0278267 0.451426 0.123902
0.398674 0.0613889 0.45626 0.0836768
0.391528 0.491572 0.110478 0.00642232
0.593454 0.177597 0.0995337 0.129415
0.288088 0.585556 0.107598 0.0187583
0.733111 0.146864 0.0679905 0.0520348
0.598897 0.271924 0.078024 0.0511548
0.641977 0.206611 0.132238 0.0191748
0.286531 0.61653 0.072674 0.0242652
0.658012 0.117876 0.0938759 0.130236
0.661659 0.12209 0.0761544 0.140097
9.9982E-05 0.00869421 0.991106 9.9982E-05
0.129582 0.00760833 0.862709 9.9991E-05
0.319186 0.0135617 0.601347 0.0659048
0.300861 9.9991E-05 0.687435 0.0116039
0.134268 9.9991E-05 0.827567 0.0380655
9.998E-05 9.998E-05 0.9997 9.998E-05
9.9982E-05 0.0218082 0.977992 9.9982E-05
0.121263 9.9982E-05 0.878537 9.9982E-05
0.0192688 9.9982E-05 0.980531 9.9982E-05
9.998E-05 9.998E-05 0.9997 9.998E-05
9.998E-05 9.998E-05 0.9997 9.998E-05
0.152697 9.9991E-05 0.803109 0.0440942
0.123741 9.9991E-05 0.799322 0.0768373
0.00849561 9.9982E-05 0.991304 9.9982E-05
0.350287 0.132821 0.436126 0.080766
0.259014 9.9991E-05 0.676059 0.0648274
0.212745 9.9982E-05 0.787055 9.9982E-05
0.126064 9.9982E-05 0.873736 9.9982E-05
9.998E-05 9.998E-05 0.9997 9.998E-05
0.0623323 9.9991E-05 0.897857 0.0397104
9.9982E-05 9.9982E-05 0.992432 0.00736846
0.224512 9.9991E-05 0.625155 0.150233
0.0354433 0.0454129 0.916504 0.00263981
9.9991E-05 0.463528 0.153853 0.382519
0.415384 0.209644 0.158125 0.216847
0.52013 0.15211 0.078717 0.249043
0.172306 0.370435 0.179801 0.277458
0.507714 0.152861 0.21804 0.121386
0.303666 0.178118 0.147984 0.370232
0.425784 0.145499 0.242101 0.186617
0.36964 0.258705 0.207858 0.163797
0.438638 0.117247 0.184155 0.259961
0.374841 0.15767 0.231729 0.23576
0.46532 0.174647 0.116693 0.24334
0.0888413 0.0334559 9.9991E-05 0.877603
9.9991E-05 0.0144217 0.0599376 0.925541
0.00512355 9.9982E-05 9.9982E-05 0.994676
0.00473483 0.0195886 9.9991E-05 0.975577
0.0375855 9.9982E-05 9.9982E-05 0.962214
9.9982E-05 9.9982E-05 0.106212 0.893588
0.0358409 9.9991E-05 0.0953667 0.868692
9.9982E-05 0.0634428 9.9982E-05 0.936357
0.0351372 9.9991E-05 0.036262 0.928501
0.0180085 9.9991E-05 0.123091 0.858801
9.9991E-05 0.323922 0.00117176 0.674807
9.9991E-05 0.337375 0.0286863 0.633839
9.9982E-05 0.380146 9.9982E-05 0.619654
0.00652065 0.450818 9.9991E-05 0.542561
0.69153 0.213384 9.9991E-05 0.0949857
0.669672 0.222629 0.0833112 0.0243871
0.744392 0.175514 0.0312462 0.0488482
0.567203 0.316245 9.9991E-05 0.116452
0.311474 0.632204 9.9991E-05 0.0562221
0.7778 0.121159 0.0705535 0.030488
0.748109 0.202348 0.0328559 0.0166876
0.618808 0.329921 0.0511708 9.9991E-05
0.620372 0.337099 0.0424288 9.9991E-05
0.706036 0.13798 0.0922221 0.0637612
0.637553 0.335615 0.0267321 9.9991E-05
0.10047 0.889197 0.010234 9.9991E-05
0.639275 0.252782 9.9991E-05 0.107843
0.457173 0.492866 0.0119273 0.0380335
0.702129 0.217029 0.0807421 9.9991E-05
0.392522 0.595376 9.9991E-05 0.012002
0.0465401 0.687688 9.9991E-05 0.265672
0.0982699 0.683009 9.9991E-05 0.218621
0.0242008 0.784951 9.9991E-05 0.190748
0.0141216 0.737623 9.9991E-05 0.248156
0.0997754 0.734323 9.9991E-05 0.165802
0.164603 0.629489 0.00121257 0.204695
0.0288728 9.9991E-05 0.115594 0.855433
0.0454121 9.9991E-05 0.0932945 0.861193
0.0559653 9.9991E-05 0.179956 0.763979
0.0579088 0.00378315 0.146794 0.791514
0.0845367 9.9991E-05 0.109975 0.805389
9.9982E-05 0.483 9.9982E-05 0.5168
9.9982E-05 0.459644 9.9982E-05 0.540156
9.9982E-05 0.4836 9.9982E-05 0.5162
0.0982579 9.9991E-05 0.054469 0.847173
9.9982E-05 0.491008 9.9982E-05 0.508792
0.252396 0.068248 0.41815 0.261207
0.598575 0.0249911 0.253787 0.122646
0.474933 9.9991E-05 0.36297 0.161997
0.432154 0.0541502 0.246425 0.267271
0.553943 0.0307972 0.249679 0.16558
9.9991E-05 0.119241 0.384728 0.49593
0.606252 0.342101 9.9991E-05 0.0515479
0.473025 0.395687 0.0830088 0.0482792
0.397064 0.417364 0.0215763 0.163995
0.580345 0.331221 0.0676713 0.0207629
9.9982E-05 0.984925 0.014875 9.9982E-05
0.637952 0.220454 0.00522128 0.136373
0.625965 0.269868 0.0397788 0.064388
0.438462 0.451297 9.9991E-05 0.110141
0.677843 0.0899617 0.0592046 0.17299
0.253122 0.713456 0.00341944 0.0300027
0.466463 0.333163 0.181055 0.0193196
0.653342 0.312366 0.0341917 9.9991E-05
0.520616 0.11978 0.180852 0.178752
0.507924 0.449694 0.0422817 9.9991E-05
0.502648 0.377294 0.0589376 0.0611202
0.552572 0.250268 0.19706 9.9991E-05
0.652409 0.275639 0.040076 0.0318754
0.659734 0.181536 0.128821 0.0299089
0.615384 0.150532 0.144519 0.0895651
0.696103 0.173869 0.0636097 0.0664181
0.0675222 9.9991E-05 0.148062 0.784316
0.072442 9.9991E-05 0.0669664 0.860492
0.0730052 0.0639096 0.00682878 0.856256
0.0175125 0.0739281 0.0610394 0.84752
0.0865725 9.9991E-05 0.0508743 0.862453
0.257782 0.613475 0.0362767 0.0924672
0.545517 0.271275 0.153713 0.0294956
0.531322 0.0410386 0.285533 0.142107
0.714621 0.0943814 0.134012 0.0569853
0.631602 0.211413 0.0607292 0.0962554
0.317045 0.523544 0.139942 0.0194695
0.0817574 0.7077 9.9991E-05 0.210443
0.661615 0.212676 9.9991E-05 0.12561
0.2678 0.562186 0.0424242 0.12759
0.475131 0.39981 0.0774869 0.0475719
0.212364 0.567033 9.9991E-05 0.220503
0.638228 0.107946 0.143705 0.110121
0.311248 0.495484 9.9991E-05 0.193168
0.39713 0.402103 0.12007 0.0806966
0.521001 0.29421 0.0528055 0.131983
0.385058 0.487885 0.0389239 0.0881329
0.718497 0.125391 9.9991E-05 0.156012
0.65315 0.0810758 0.108442 0.157331
0.501209 0.474439 9.9991E-05 0.0242521
0.519247 0.235319 0.172941 0.0724928
0.743616 0.152526 9.9991E-05 0.103758
0.288227 0.711573 9.9982E-05 9.9982E-05
0.392359 0.580644 0.0268969 9.9991E-05
0.587756 0.342693 0.0280752 0.0414759
0.308114 0.649152 9.9991E-05 0.0426335
0.614183 0.28514 9.9991E-05 0.100577
0.209351 0.651536 0.0288493 0.110263
0.310518 0.620448 0.0689341 9.9991E-05
0.407945 0.399898 0.128854 0.0633028
0.660221 0.180905 0.157789 0.00108452
0.409004 0.57081 9.9991E-05 0.0200855
0.478209 0.231819 0.207638 0.082333
0.642153 0.169886 0.146712 0.0412486
0.445513 0.322929 0.171789 0.0597696
0.62577 0.240605 0.064031 0.0695942
0.563963 0.299436 0.0705918 0.0660089
0.274787 0.558068 0.167045 9.9991E-05
0.358415 0.457489 0.135487 0.0486084
0.672929 0.206587 0.120384 9.9991E-05
0.629567 0.172107 0.0804355 0.11789
0.56566 0.332526 0.00711956 0.0946945
0.495701 0.335193 0.169006 9.9991E-05
0.394723 0.38745 0.0702924 0.147535
0.750469 0.12514 0.120736 0.00365533
0.470268 0.311245 0.160736 0.0577509
0.401125 0.248823 0.188476 0.161576
0.432673 9.9991E-05 0.156518 0.410709
0.49329 0.0194468 0.32602 0.161244
0.443829 0.189286 0.237247 0.129639
0.701604 0.109607 0.148942 0.0398472
0.431292 0.0848508 0.285113 0.198745
0.508125 0.389864 0.101912 9.9991E-05
0.699901 0.007246 0.10441 0.188443
9.9991E-05 0.452688 0.269753 0.277459
0.599783 0.0475148 0.233858 0.118844
0.571923 0.0919846 0.178002 0.15809
0.466429 0.13495 0.341387 0.0572349
0.345779 0.216642 0.210586 0.226993
0.596754 9.9991E-05 0.18923 0.213915
0.513446 0.0195484 0.299464 0.167542
9.9991E-05 0.251438 0.211392 0.53707
0.51693 0.0778827 0.250593 0.154594
0.438823 0.0142265 0.374315 0.172635
0.605851 0.0628536 0.183115 0.14818
0.561801 9.9991E-05 0.246715 0.191384
0.546467 0.0573169 0.189957 0.206259
0.587086 0.273674 0.0832047 0.0560351
0.472144 0.252964 0.244759 0.0301323
0.164006 0.786884 0.0490101 9.9991E-05
0.0725144 0.857293 0.0700928 9.9991E-05
0.456969 0.366255 0.176676 9.9991E-05
0.474575 0.0604798 0.35887 0.106076
0.317054 0.145573 0.457832 0.0795412
0.144628 0.282657 0.398679 0.174035
0.363653 0.106575 0.317383 0.212388
0.0871455 0.617721 0.223334 0.0717991
0.188754 0.528188 0.198494 0.0845632
0.577972 0.229199 0.192729 9.9991E-05
0.493121 0.28504 0.185678 0.0361606
0.245155 0.469464 0.23145 0.0539306
0.453142 0.261063 0.257281 0.0285139
0.662767 0.183076 0.145674 0.00848315
0.524821 0.223902 0.176268 0.0750092
0.44036 0.550906 9.9991E-05 0.00863379
0.478903 0.424649 0.0963479 9.9991E-05
0.547942 0.238755 0.180574 0.0327293
0.475614 0.383633 0.102477 0.0382761
0.530849 0.295393 0.102586 0.0711713
0.595807 0.343392 0.0607011 9.9991E-05
0.337367 0.605761 0.0567718 9.9991E-05
0.715345 0.108955 0.0795882 0.0961117
0.553275 0.223044 0.157482 0.066199
0.329566 0.584703 0.0856313 9.9991E-05
0.561272 0.378024 0.0480461 0.0126581
0.696469 0.14133 0.0226984 0.139503
0.624847 0.273381 0.064366 0.0374063
0.450525 0.113523 0.31146 0.124492
0.420669 0.171286 0.181246 0.226798
0.327229 0.169985 0.331706 0.17108
0.32774 0.21234 0.290158 0.169763
0.506494 0.0615844 0.236982 0.19494
0.475076 0.119095 0.218505 0.187325
9.9991E-05 0.607352 0.247131 0.145417
0.548476 0.0841253 0.271512 0.0958872
9.9991E-05 0.35919 0.240249 0.400461
0.545103 0.0841875 0.256673 0.114037
0.291358 0.697357 0.0111849 9.9991E-05
0.0601861 0.871621 0.0680932 9.9991E-05
0.584313 0.386458 0.0291291 9.9991E-05
0.769182 0.118176 0.0852226 0.0274194
0.580578 0.369605 0.0497176 9.9991E-05
0.653514 0.233344 0.113042 9.9991E-05
0.571333 0.304662 0.123905 9.9991E-05
0.119015 0.0204173 0.0284167 0.832151
9.9991E-05 0.0912425 0.146792 0.761865
9.9982E-05 9.9982E-05 0.0747167 0.925083
0.0163236 9.9982E-05 9.9982E-05 0.983476
0.657034 0.237577 0.0612908 0.0440983
0.710143 0.154948 0.0429907 0.0919182
0.795568 0.165154 9.9991E-05 0.0391776
0.786305 0.0498472 9.9991E-05 0.163747
0.601903 0.203042 0.0324385 0.162617
0.492006 0.445207 9.9991E-05 0.0626864
0.727849 0.160646 0.111405 9.9991E-05
0.569443 0.430357 9.9982E-05 9.9982E-05
0.420035 0.100978 0.231484 0.247504
0.554062 0.356044 0.0897943 9.9991E-05
0.621617 0.348119 9.9991E-05 0.0301638
0.827256 0.172544 9.9982E-05 9.9982E-05
0.66887 0.281196 9.9991E-05 0.0498342
0.812392 0.181564 9.9991E-05 0.00594384
0.773014 0.131491 0.0126804 0.0828146
0.422076 0.577724 9.9982E-05 9.9982E-05
0.52912 0.429017 0.0417633 9.9991E-05
0.57767 0.42213 9.9982E-05 9.9982E-05
0.195019 0.804781 9.9982E-05 9.9982E-05
0.683034 0.312979 9.9991E-05 0.0038869
0.302762 0.683259 0.0138797 9.9991E-05
0.191811 0.807989 9.9982E-05 9.9982E-05
0.780284 0.147114 0.00166632 0.0709352
0.498335 0.457116 9.9991E-05 0.0444489
0.680658 0.241821 0.0183813 0.0591388
0.691411 0.131001 0.115986 0.0616018
0.751897 0.212993 9.9991E-05 0.0350099
0.339197 0.52538 0.135322 9.9991E-05
0.740687 0.227152 0.032061 9.9991E-05
0.711387 0.172469 0.0172827 0.098861
0.538084 0.461716 9.9982E-05 9.9982E-05
0.646935 0.112432 0.157336 0.0832961
9.9982E-05 0.275879 9.9982E-05 0.723921
0.0640029 0.129579 9.9991E-05 0.806318
9.9982E-05 0.155298 9.9982E-05 0.844502
9.9982E-05 0.144687 9.9982E-05 0.855113
0.0654715 0.116321 9.9991E-05 0.818108
0.421381 0.556377 9.9991E-05 0.0221423
0.411654 0.535596 9.9991E-05 0.0526498
0.437969 0.561831 9.9982E-05 9.9982E-05
0.718154 0.0480239 0.124113 0.109709
0.635664 0.1195 0.0594558 0.18538
0.502938 0.368473 0.0498071 0.078782
0.85129 0.0970636 0.0314553 0.0201907
0.625776 0.270762 0.0576884 0.0457734
0.683954 0.252752 0.0353035 0.0279905
0.74003 0.169087 0.0848872 0.00599534
0.476343 0.510601 0.012956 9.9991E-05
0.634731 0.364062 9.9991E-05 0.00110682
0.575648 0.424152 9.9982E-05 9.9982E-05
0.699432 0.131098 0.0579762 0.111494
0.72722 0.266267 9.9991E-05 0.00641253
0.709471 0.219976 0.0446326 0.025921
0.44112 0.0766352 0.46417 0.018075
0.333906 0.0514442 0.528584 0.086066
0.39097 9.9991E-05 0.488278 0.120653
0.265826 0.0503156 0.535267 0.148591
0.456479 0.0364858 0.428103 0.0789315
0.650699 0.233547 0.0691647 0.0465887
0.0214561 0.0512863 0.699096 0.228161
0.315816 9.9991E-05 0.553658 0.130427
0.422492 0.18788 0.234177 0.155451
0.713765 0.0195284 0.0127426 0.253964
0.502007 0.256963 0.0555015 0.185528
0.690889 0.142773 0.0683734 0.0979643
0.820325 0.0476547 9.9991E-05 0.13192
0.275832 9.9991E-05 0.534428 0.18964
0.415504 0.0528959 0.361603 0.169997
0.424712 9.9991E-05 0.503852 0.0713363
0.382676 0.149522 0.387666 0.080136
0.271883 0.010672 0.576543 0.140902
0.383572 0.0754509 0.323667 0.21731
0.165639 0.0773984 0.625674 0.131288
0.410525 0.0651231 0.445806 0.0785453
0.687826 0.126582 0.0383652 0.147226
0.418715 9.9991E-05 0.40303 0.178155
0.151858 9.9991E-05 0.711347 0.136696
0.414688 0.0708734 0.365018 0.149421
0.335496 0.409273 9.9991E-05 0.255131
0.633815 0.171454 0.194631 9.9991E-05
0.389432 0.0676409 0.36479 0.178138
0.717431 0.0502466 0.0630814 0.169241
0.613621 0.14783 0.0580889 0.18046
0.404755 0.0474542 0.299073 0.248718
0.351777 0.0643963 0.35373 0.230097
0.614729 0.107544 0.248619 0.0291079
0.357631 0.0450003 0.46236 0.135008
0.335134 9.9991E-05 0.489557 0.175209
0.101499 9.9991E-05 0.639368 0.259033
0.692128 0.0705327 0.0882961 0.149043
0.673448 0.170219 9.9991E-05 0.156233
0.254957 0.479184 0.123354 0.142505
0.732949 9.9991E-05 0.0225485 0.244402
0.436091 0.373445 0.0688649 0.121599
0.601158 0.00788761 0.178686 0.212269
0.563208 0.137076 0.112186 0.18753
9.9991E-05 0.34988 0.296815 0.353205
9.9991E-05 0.399069 0.24796 0.352871
0.257359 0.318036 0.273239 0.151366
0.00998048 0.34904 0.264958 0.376021
9.9991E-05 0.205637 0.311364 0.482899
0.345303 0.294712 0.248592 0.111393
0.363777 0.114281 0.275902 0.24604
0.256983 0.218713 0.2111 0.313204
0.00778942 0.366706 0.303251 0.322253
0.44972 0.222849 0.196865 0.130566
0.0881467 0.455644 0.282238 0.173972
9.9991E-05 0.314246 0.155164 0.53049
0.434236 0.115649 0.300985 0.14913
0.273246 0.227886 0.335969 0.162899
0.417372 0.052103 0.227602 0.302922
0.500063 9.9991E-05 0.35026 0.149577
0.473918 0.0849178 0.259548 0.181617
0.599377 9.9991E-05 0.2012 0.199322
0.368378 0.0844692 0.423277 0.123876
0.39155 9.9991E-05 0.207282 0.401068
0.538862 9.9991E-05 0.249462 0.211576
0.583836 9.9991E-05 0.194061 0.222003
0.333516 0.137369 0.303437 0.225678
0.395548 0.304523 0.16727 0.132659
0.505744 0.124313 0.147008 0.222935
0.603223 0.100322 0.231689 0.0647656
0.639626 0.0978614 0.188375 0.0741381
0.416363 0.0136597 0.322654 0.247324
0.550796 9.9991E-05 0.221327 0.227777
0.174745 0.0995931 0.268722 0.456939
0.536081 9.9991E-05 0.270097 0.193722
0.223365 0.0595219 0.368672 0.348441
0.0117769 0.139128 0.0240053 0.82509
0.173347 0.61599 9.9991E-05 0.210563
9.9982E-05 0.776108 9.9982E-05 0.223692
0.0488934 0.749866 9.9991E-05 0.20114
0.100531 0.738411 0.0126248 0.148433
0.10117 0.713937 9.9991E-05 0.184794
0.16524 0.670267 9.9991E-05 0.164393
9.9982E-05 0.782773 9.9982E-05 0.217027
0.066454 0.552265 9.9991E-05 0.381181
0.0395425 9.9991E-05 0.0317464 0.928611
0.0294629 0.0662115 0.0554984 0.848827
0.000909182 9.9991E-05 0.093381 0.90561
0.0374314 0.104345 0.026886 0.831337
0.0168921 9.9991E-05 0.0581815 0.924826
9.9991E-05 0.0668665 0.0317962 0.901237
0.00557937 0.0442869 0.143791 0.806343
0.0197424 9.9991E-05 0.1081 0.872058
0.0783015 0.0984819 0.0721923 0.751024
9.9982E-05 9.9982E-05 0.0970861 0.902714
9.9982E-05 0.0432871 9.9982E-05 0.956513
9.9991E-05 0.0829626 0.0836218 0.833316
9.9982E-05 9.9982E-05 0.0612933 0.938507
0.0076653 9.9991E-05 0.0837377 0.908497
0.0687373 9.9991E-05 0.0663164 0.864846
0.0596028 9.9991E-05 0.0884439 0.851853
0.0331379 9.9991E-05 0.156236 0.810526
0.074223 9.9991E-05 0.138483 0.787194
0.101013 9.9991E-05 0.0917565 0.80713
0.466768 0.29272 0.0334601 0.207052
0.788828 0.142396 9.9991E-05 0.0686766
0.627136 0.130994 0.0788085 0.163062
0.232075 0.564209 0.0653417 0.138374
0.674675 0.124101 0.00780838 0.193415
0.217119 0.531319 0.068432 0.183131
0.717797 0.10534 0.0794174 0.097446
0.578991 0.2812 9.9991E-05 0.139709
0.650391 0.20818 0.000436523 0.140993
0.687782 0.231793 0.0345147 0.0459106
0.562541 0.283825 9.9991E-05 0.153534
0.706657 0.0800128 0.100886 0.112444
0.681509 0.125958 9.99928E-05 0.192433
0.180269 0.737392 0.0573382 0.0250001
0.0796611 0.781097 0.00640934 0.132833
0.2423 0.564516 0.0761284 0.117056
0.631895 0.0821471 0.165793 0.120165
0.584928 0.238521 0.0860385 0.0905121
0.690896 0.145818 9.9991E-05 0.163187
0.836125 0.00485865 0.0926644 0.0663516
0.559258 0.041742 0.188987 0.210014
0.588443 9.9991E-05 0.214642 0.196815
0.141933 0.217425 0.192432 0.44821
0.716024 0.0700932 9.9991E-05 0.213783
0.486161 0.0753155 0.200946 0.237578
9.9991E-05 0.319382 0.224037 0.456481
0.424774 0.0646171 0.231525 0.279084
0.339028 0.106436 0.178081 0.376455
0.486141 0.0607604 0.0962198 0.356878
0.539414 0.0826682 0.194976 0.182942
0.546894 0.0322325 0.24303 0.177843
0.549424 0.100764 0.210626 0.139187
0.378772 0.152093 0.270237 0.198898
0.310741 9.9991E-05 0.188138 0.501021
