0.943631 0.0265822 0.0296871 9.9991E-05
0.967447 0.0128682 9.9991E-05 0.0195853
0.850031 9.9991E-05 0.0687652 0.081104
0.812466 0.0376509 0.149783 9.9991E-05
0.872298 0.0600122 0.0666903 0.00099945
0.71789 0.113879 0.00410173 0.164129
0.901925 0.0974675 0.000507933 9.9991E-05
0.719514 0.205395 0.074991 9.9991E-05
0.838162 0.161638 9.9982E-05 9.9982E-05
0.738358 0.0573902 0.0824483 0.121803
0.81635 0.130864 9.9991E-05 0.0526859
0.0243319 0.504567 0.0722235 0.398878
0.0905546 0.165235 0.0981337 0.646077
0.0530805 0.496083 0.082155 0.368682
0.0699683 0.395894 0.228613 0.305524
0.175318 0.177594 0.15566 0.491428
0.0971596 0.119817 0.111116 0.671908
0.0194431 0.247768 0.170773 0.562016
0.194138 0.288783 0.119975 0.397104
0.14807 0.697768 0.0277712 0.126391
0.014619 0.328579 0.133082 0.523719
9.9991E-05 0.307314 0.193455 0.499131
0.0793546 0.165147 0.0659367 0.689562
0.0743607 0.3682 0.113795 0.443644
0.18311 0.032337 0.0665884 0.717964
0.00715068 0.200349 0.14675 0.645751
0.11956 0.474544 0.102919 0.302977
0.0310634 0.463818 0.233579 0.271539
0.0588365 0.517348 0.0404607 0.383355
0.833644 9.9991E-05 0.126176 0.0400796
0.829753 9.9991E-05 0.0870975 0.0830498
0.825847 9.9991E-05 0.020242 0.153811
0.76943 9.9991E-05 0.0656477 0.164823
0.0716032 0.213814 0.0835587 0.631024
0.11469 0.152364 0.09034 0.642606
0.0796696 0.0859824 9.9991E-05 0.834248
0.199731 0.523165 9.9991E-05 0.277004
9.9982E-05 0.410394 9.9982E-05 0.589406
0.103877 0.182845 0.0699842 0.643294
0.0622649 0.0566098 0.0193305 0.861795
0.152965 0.0961143 9.9991E-05 0.75082
0.158203 0.157459 9.9991E-05 0.684238
0.0488503 0.484129 9.9991E-05 0.466921
0.101591 0.199603 0.119188 0.579618
0.0116003 0.12642 0.169603 0.692376
0.13559 0.0692497 0.0834223 0.711738
9.9982E-05 0.356718 9.9982E-05 0.643082
0.00463358 0.137847 0.0306603 0.82686
0.162688 0.0491655 0.0575719 0.730575
0.0935332 0.791824 9.9991E-05 0.114543
0.0342201 0.627405 9.9991E-05 0.338275
0.062461 0.685016 0.0502651 0.202258
0.107525 0.175462 0.152311 0.564702
0.0826518 0.129033 0.0886269 0.699688
0.0892948 0.12349 0.100554 0.686661
0.142527 0.547006 0.0204796 0.289988
0.0533056 0.281198 0.0574566 0.60804
0.0658941 0.11873 0.183952 0.631424
0.145902 0.319347 0.022528 0.512223
0.256502 0.550125 0.0535596 0.139814
0.0919112 0.150741 0.0673254 0.690022
0.113011 0.268143 0.062556 0.55629
0.152318 0.680342 9.9991E-05 0.16724
0.0308027 0.258688 0.0397554 0.670754
9.9991E-05 0.152208 0.177984 0.669708
0.167461 0.165839 0.153721 0.512979
0.101264 0.399797 0.0654318 0.433507
0.0612016 0.282652 0.0785401 0.577607
0.0942089 0.0898687 0.105838 0.710085
0.0863522 0.494012 9.9991E-05 0.419536
9.9982E-05 0.18984 9.9982E-05 0.80996
9.9982E-05 0.476502 9.9982E-05 0.523298
0.123271 0.109066 0.0271396 0.740523
9.9982E-05 0.706138 9.9982E-05 0.293662
9.9982E-05 0.692389 9.9982E-05 0.307411
9.9982E-05 0.365232 9.9982E-05 0.634568
9.9982E-05 0.271388 9.9982E-05 0.728412
0.248976 0.0680224 0.0348215 0.64818
9.9991E-05 0.242998 0.0240966 0.732805
0.0644178 0.468889 9.9991E-05 0.466593
0.0507544 0.404154 9.9991E-05 0.544992
0.121623 0.0977264 0.0950267 0.685624
0.020715 0.409981 0.00422324 0.565081
0.0426233 0.22895 0.0225818 0.705845
9.9982E-05 0.324464 9.9982E-05 0.675336
0.0199602 0.681855 9.9991E-05 0.298085
0.0409742 0.153376 0.113006 0.692644
0.831287 9.9991E-05 0.0605821 0.108031
0.933962 9.9982E-05 9.9982E-05 0.0658381
0.879564 9.9991E-05 0.0622118 0.0581244
0.935654 9.9991E-05 0.0298667 0.0343789
0.874514 9.9991E-05 0.040586 0.0847995
0.899457 9.9991E-05 0.027918 0.0725252
0.953216 9.9982E-05 9.9982E-05 0.0465844
0.093241 0.160984 0.136764 0.609011
0.0940201 0.135169 0.112528 0.658283
0.00865464 0.590826 9.9991E-05 0.400419
0.240003 0.0231023 0.0466924 0.690202
0.0502608 0.269132 9.9991E-05 0.680507
0.0818644 0.0821894 0.0693789 0.766567
0.0790066 0.127121 0.0514029 0.74247
9.9991E-05 0.21007 0.120579 0.669251
0.0755896 0.661205 9.9991E-05 0.263106
0.102785 0.120759 0.0527552 0.7237
0.0735678 0.132953 0.0831967 0.710282
0.14478 0.0238657 0.086934 0.74442
9.9991E-05 0.470298 0.0292614 0.500341
9.9991E-05 0.19865 0.015457 0.785793
0.0390061 0.290295 9.9991E-05 0.670599
9.9991E-05 0.308967 0.0896517 0.601281
0.0952092 0.229817 9.9991E-05 0.674873
0.204665 0.0545487 0.0389896 0.701797
0.043095 0.55143 0.152068 0.253406
0.12651 0.279224 0.181392 0.412874
0.223994 0.0675223 0.093156 0.615327
0.134806 0.105551 0.0868599 0.672782
0.124694 0.289686 0.0174033 0.568217
0.0486211 0.186273 0.0755949 0.689511
0.129001 0.203628 0.0189447 0.648425
0.15398 0.153891 0.00954121 0.682589
0.100196 0.247292 0.120137 0.532375
0.0982879 0.153775 9.9991E-05 0.747837
0.0392375 0.297767 9.9991E-05 0.662896
0.0951952 0.165601 0.164359 0.574845
0.250402 0.0899811 0.0871291 0.572488
0.0348167 0.220204 0.144156 0.600823
0.0711853 0.191817 0.113307 0.62369
9.9991E-05 0.235254 0.158529 0.606117
0.16105 0.361615 0.0940718 0.383263
0.0621095 0.153606 0.0984176 0.685867
0.0629819 0.142011 0.145644 0.649363
0.095639 0.506076 0.0478131 0.350472
0.0326849 0.619077 0.133992 0.214246
0.148133 0.201239 0.00169412 0.648934
9.9991E-05 0.744019 0.100754 0.155127
0.128318 0.455758 0.0272888 0.388635
0.0403693 0.387011 9.9991E-05 0.572519
0.0969231 0.43635 9.9991E-05 0.466627
0.0988677 0.470413 0.0365218 0.394198
0.119646 0.0430044 0.145198 0.692151
0.0882883 0.178317 0.133212 0.600183
0.0167638 0.256061 0.0992224 0.627952
0.00296063 0.642842 0.161866 0.192331
0.161722 0.200361 0.0486857 0.589231
0.0497308 0.193298 0.150612 0.606358
0.20936 0.68678 0.049362 0.0544979
0.100309 0.0720526 0.121107 0.706531
0.0886795 0.367871 0.118037 0.425413
0.112148 0.204556 0.180594 0.502702
0.131446 0.456391 0.0298631 0.382299
0.131779 0.509951 9.9991E-05 0.35817
0.0721156 0.347315 9.9991E-05 0.58047
0.141758 0.210933 0.104978 0.542332
0.206563 0.200439 0.139675 0.453322
0.0595366 0.634974 0.226622 0.0788678
0.157998 0.0903305 0.097088 0.654583
9.9982E-05 0.434946 9.9982E-05 0.564854
0.0321875 0.300507 0.0409824 0.626323
0.0684 0.134103 0.118255 0.679243
0.316425 0.211826 0.344674 0.127074
0.616801 0.178799 0.2043 9.9991E-05
0.487096 0.28817 0.224635 9.9991E-05
0.369799 0.155859 0.4211 0.0532422
0.0343474 0.132363 0.0755326 0.757757
0.109001 0.163088 0.0605821 0.667328
9.9982E-05 9.9982E-05 0.763829 0.235971
0.0837034 0.0646599 0.472718 0.378918
0.13534 9.99984E-05 0.413546 0.451014
0.0437084 0.414059 0.0637865 0.478446
0.0551578 0.142561 0.144236 0.658045
0.0619005 0.570841 0.0669136 0.300345
0.0652928 0.180556 0.0217965 0.732355
0.0655986 0.309553 0.0938184 0.53103
0.032942 0.184281 0.0885963 0.694181
9.9991E-05 0.609629 0.0936604 0.296611
0.0955836 0.0728151 0.229036 0.602565
0.0748879 0.164758 0.122763 0.637591
9.998E-05 9.998E-05 0.9997 9.998E-05
9.9991E-05 0.0252433 0.942767 0.0318896
0.0827334 0.0310667 0.631609 0.25459
9.9982E-05 9.9982E-05 0.705823 0.293977
0.0513042 0.00346915 0.769153 0.176074
9.998E-05 9.998E-05 0.9997 9.998E-05
9.9982E-05 0.0107526 0.989047 9.9982E-05
9.9982E-05 9.9982E-05 0.910443 0.0893567
9.9982E-05 0.0064748 0.993325 9.9982E-05
9.998E-05 9.998E-05 0.9997 9.998E-05
9.998E-05 9.998E-05 0.9997 9.998E-05
0.00388217 9.9991E-05 0.83543 0.160588
0.0784861 9.9991E-05 0.838209 0.0832052
0.0130653 9.9982E-05 0.986735 9.9982E-05
0.0469611 0.136463 0.477971 0.338605
0.130575 9.9991E-05 0.641772 0.227553
0.0585071 9.9991E-05 0.756905 0.184488
0.0100786 9.9991E-05 0.958841 0.0309805
9.998E-05 9.998E-05 0.9997 9.998E-05
0.0565678 9.9991E-05 0.884459 0.0588735
9.998E-05 9.998E-05 0.9997 9.998E-05
0.102376 9.9991E-05 0.606756 0.290768
9.9991E-05 0.0421055 0.939536 0.0182583
0.429208 0.439822 0.130869 9.9991E-05
0.204584 0.202898 0.114475 0.478042
0.270932 0.130635 0.103202 0.495231
0.283981 0.347697 0.194433 0.173888
0.105275 0.177772 0.240359 0.476593
0.279782 0.263439 0.147148 0.309632
0.200974 0.175754 0.126131 0.497141
0.206974 0.216361 0.245083 0.331582
0.188421 0.105446 0.150123 0.556011
0.210019 0.110254 0.265231 0.414496
0.174937 0.196912 0.17376 0.45439
0.863362 0.0693283 9.9991E-05 0.0672095
0.958031 9.9982E-05 0.0417686 9.9982E-05
0.991118 0.00868238 9.9982E-05 9.9982E-05
0.968473 9.9982E-05 9.9982E-05 0.0313275
0.929768 0.0153975 0.049109 0.00572539
0.905367 9.9982E-05 0.0944334 9.9982E-05
0.919294 9.9991E-05 0.068305 0.0123013
0.944933 0.0498844 0.00508258 9.9991E-05
0.954027 9.9991E-05 0.0104501 0.0354227
0.906126 0.00838909 0.085385 9.9991E-05
0.668386 0.331414 9.9982E-05 9.9982E-05
0.677574 0.314298 0.00802736 9.9991E-05
0.628442 0.371358 9.9982E-05 9.9982E-05
0.565411 0.409331 9.9991E-05 0.0251579
0.0961842 0.170248 0.0325548 0.701013
0.0649755 0.144906 0.00282984 0.787289
0.0545736 0.166725 0.0845989 0.694103
0.0728539 0.337106 9.9991E-05 0.58994
0.0599599 0.604791 9.9991E-05 0.33515
0.139727 0.0741287 0.0139524 0.772192
9.9991E-05 0.203859 0.0300226 0.766018
9.9991E-05 0.279802 0.0342495 0.685849
9.9991E-05 0.368109 0.0575266 0.574264
0.0150008 0.198349 0.0851002 0.70155
9.9982E-05 0.296708 9.9982E-05 0.703092
9.9982E-05 0.856464 9.9982E-05 0.143336
0.0950995 0.170052 0.0124491 0.722399
9.9991E-05 0.483421 0.0672895 0.44919
9.9991E-05 0.217041 0.0302156 0.752643
0.0419329 0.549605 9.9991E-05 0.408362
0.238849 0.754688 9.9991E-05 0.00636279
0.2484 0.648739 9.9991E-05 0.102761
0.201002 0.775124 9.9991E-05 0.023774
0.247572 0.752228 9.9982E-05 9.9982E-05
0.138447 0.768862 9.9991E-05 0.0925913
0.229108 0.643922 0.0319253 0.0950446
0.904648 9.9991E-05 0.0192756 0.0759764
0.871155 9.9991E-05 0.0535934 0.0751517
0.782891 9.9991E-05 0.0923043 0.124704
0.785616 0.0110612 0.160748 0.042575
0.849319 9.9991E-05 0.0865182 0.064063
0.508527 0.491273 9.9982E-05 9.9982E-05
0.497418 0.502383 9.9982E-05 9.9982E-05
0.522881 0.471758 9.9991E-05 0.00526089
0.821145 9.9991E-05 0.130719 0.0480367
0.463309 0.536491 9.9982E-05 9.9982E-05
0.254413 0.0813019 0.425167 0.239118
0.168384 9.9991E-05 0.25005 0.581466
0.181117 9.9991E-05 0.344055 0.474727
0.301574 0.0284457 0.263941 0.40604
0.216932 0.0407407 0.244146 0.498181
0.488983 0.140537 0.37038 9.9991E-05
0.0455051 0.302292 0.0470432 0.60516
0.0857691 0.356403 0.0871305 0.470697
0.157189 0.422493 9.9991E-05 0.420218
9.9991E-05 0.404003 0.0446498 0.551247
9.9982E-05 0.96801 0.0317905 9.9982E-05
0.0858005 0.218616 0.123912 0.571671
0.0582761 0.330373 0.0701391 0.541212
0.0965856 0.429131 9.9991E-05 0.474184
0.0975133 0.152561 0.144882 0.605044
0.00574246 0.7084 0.00455171 0.281306
0.0674078 0.290115 0.0553771 0.587101
0.0597201 0.184223 0.0267639 0.729293
0.150523 0.216451 0.208079 0.424947
9.9991E-05 0.469472 0.0636746 0.466754
0.0740701 0.328668 0.081379 0.515883
9.9991E-05 0.220931 0.157584 0.621384
0.0559941 0.268941 0.0618338 0.613231
9.9991E-05 0.136667 0.123785 0.739448
0.0397415 0.205136 0.173537 0.581585
0.121673 0.191164 0.191847 0.495316
0.787378 9.9991E-05 0.102583 0.109938
0.855704 9.9991E-05 0.0280554 0.116141
0.830821 0.0611916 0.00212716 0.10586
0.830958 0.026851 0.025704 0.116487
0.843853 9.9991E-05 0.0531992 0.102847
0.0880312 0.575237 0.0550422 0.281689
0.0907079 0.132432 0.161543 0.615318
0.238539 0.131178 0.20639 0.423893
0.0686045 0.141438 0.103949 0.686009
0.0960064 0.222393 0.029198 0.652402
0.0559192 0.505231 0.15458 0.28427
0.233057 0.663732 9.9991E-05 0.103111
0.0926643 0.225458 0.0645387 0.617339
0.158585 0.576358 0.0504781 0.21458
0.006523 0.425352 0.115602 0.452524
0.208691 0.56103 9.9991E-05 0.230179
0.131489 0.110559 0.104291 0.65366
0.22757 0.451964 9.9991E-05 0.320366
0.10443 0.389183 0.095389 0.410999
0.0302686 0.238073 0.144279 0.587379
0.0485995 0.476107 0.057039 0.418255
0.138837 0.160458 0.0736914 0.627013
0.0834847 0.160921 0.123698 0.631897
0.0347065 0.405087 0.0481678 0.512038
0.0783791 0.231956 0.141369 0.548295
0.111135 0.198826 0.0985483 0.591491
9.9982E-05 0.72334 9.9982E-05 0.27646
9.9991E-05 0.515201 0.0270802 0.457619
0.0142283 0.327722 0.126844 0.531206
0.04674 0.629865 9.9991E-05 0.323295
0.00123243 0.358763 9.9991E-05 0.639905
0.12214 0.628195 9.9991E-05 0.249565
9.9991E-05 0.570243 0.0912519 0.338405
0.0462318 0.407769 0.117988 0.428011
0.00432016 0.14556 0.122116 0.728004
9.9991E-05 0.640723 0.0435622 0.315615
0.0965194 0.141692 0.124889 0.636899
0.117479 0.172745 0.138004 0.571771
9.9991E-05 0.211492 0.156833 0.631576
0.0293774 0.266053 0.14712 0.55745
0.081228 0.305717 0.00231981 0.610735
9.9991E-05 0.542219 0.14863 0.309051
0.0597632 0.350003 0.0751249 0.515109
0.0151767 0.199958 0.109533 0.675333
0.148588 0.141788 0.0670928 0.642531
0.0974055 0.354893 0.0809298 0.466772
9.9991E-05 0.318152 0.196978 0.48477
0.143643 0.352958 0.0721166 0.431283
0.0374093 0.183983 0.110928 0.66768
0.126 0.193823 0.0558155 0.624362
0.0645282 0.269007 0.176792 0.489673
0.426945 0.00248113 0.164285 0.406289
0.147069 0.034533 0.301421 0.516976
0.141767 0.12617 0.266409 0.465655
0.103501 0.0840157 0.227803 0.584681
0.193383 0.0272429 0.286812 0.492563
9.9991E-05 0.363025 0.0996718 0.537203
0.126252 0.0873303 0.244585 0.541832
0.269822 0.454726 0.229849 0.0456038
0.133637 0.0979327 0.26375 0.50468
0.15988 0.0685972 0.19251 0.579013
0.120641 0.134656 0.31839 0.426313
0.207404 0.303129 0.253627 0.23584
0.210864 0.0270062 0.19674 0.56539
0.20696 0.0556912 0.244822 0.492527
0.534259 0.251366 0.214275 9.9991E-05
0.116916 0.0630748 0.261032 0.558977
0.219234 9.9991E-05 0.206174 0.574493
0.120545 9.9991E-05 0.175193 0.704163
0.179827 9.9991E-05 0.259673 0.5604
0.219748 0.138419 0.175507 0.466325
9.9991E-05 0.288952 0.177026 0.533921
0.0937418 0.162888 0.137623 0.605746
9.9991E-05 0.801468 0.0207306 0.177702
0.00847486 0.755426 9.9991E-05 0.235999
0.0309089 0.206463 0.134799 0.627828
0.0918687 0.0771918 0.360129 0.470811
0.0962612 0.159554 0.42666 0.317525
0.189929 0.272159 0.398581 0.139331
0.24354 0.0953912 0.323861 0.337208
0.0739029 0.563583 0.232549 0.129965
0.146855 0.400367 0.190096 0.262682
9.9991E-05 0.142762 0.168864 0.688274
0.0106176 0.236304 0.187186 0.565893
0.070513 0.489703 0.224159 0.215625
0.109396 0.0965667 0.16802 0.626018
0.0272917 0.244277 0.186173 0.542259
0.115904 0.232492 0.164784 0.48682
9.9991E-05 0.477363 0.0554166 0.46712
9.9991E-05 0.428231 0.113473 0.458196
0.0900785 0.19653 0.0709007 0.64249
0.109278 0.288748 0.0781218 0.523852
0.0544869 0.250681 0.136536 0.558296
9.9991E-05 0.324465 0.0813867 0.594049
9.9991E-05 0.615854 0.0542549 0.329791
0.0277849 0.127473 0.0427709 0.801971
0.135764 0.141299 0.0661407 0.656796
9.9991E-05 0.568864 0.0484866 0.382549
0.0087843 0.356461 0.0717259 0.563029
0.121894 0.175219 0.051469 0.651418
0.0724227 0.256468 0.100577 0.570532
0.199167 0.0401774 0.201749 0.558906
0.157318 0.209017 0.277634 0.35603
0.184753 0.140473 0.375405 0.299369
0.218847 0.15408 0.244305 0.382767
0.139251 0.133973 0.242765 0.48401
0.222614 0.0754861 0.196369 0.505531
0.159375 0.603778 0.236747 9.9991E-05
0.0295611 0.086904 0.339762 0.543773
0.412294 0.370023 0.217583 9.9991E-05
0.0732875 0.0449188 0.263906 0.617888
9.9982E-05 0.619277 9.9982E-05 0.380523
0.00150876 0.815013 0.00893596 0.174542
9.9991E-05 0.334086 0.056683 0.609131
0.0338132 0.111674 0.123888 0.730625
9.9982E-05 0.36183 9.9982E-05 0.63797
9.9991E-05 0.216183 0.0897839 0.693933
9.9991E-05 0.277292 0.0673649 0.655243
0.839533 0.0219 0.0281351 0.110432
0.750434 0.111817 0.137649 9.9991E-05
0.955607 9.9982E-05 0.0441934 9.9982E-05
0.99841 9.9982E-05 9.9982E-05 0.00139016
0.0809263 0.168225 0.0657129 0.685136
0.0650823 0.155751 9.9991E-05 0.779067
0.0356381 0.211824 9.9991E-05 0.752438
0.159243 0.0828196 9.9991E-05 0.757837
0.10791 0.185699 0.067881 0.63851
0.015578 0.478432 9.9991E-05 0.50589
9.9991E-05 0.148035 0.0103509 0.841514
0.0246898 0.327508 9.9991E-05 0.647702
0.217871 0.0322961 0.258965 0.490868
9.9991E-05 0.283918 0.164983 0.550998
0.0337552 0.334034 9.9991E-05 0.632111
9.9982E-05 0.16532 9.9982E-05 0.83448
0.00348677 0.26231 9.9991E-05 0.734103
0.00359662 0.180988 9.9991E-05 0.815315
0.0437331 0.111688 9.9991E-05 0.844479
9.9982E-05 0.542235 9.9982E-05 0.457565
9.9982E-05 0.4435 9.9982E-05 0.556301
9.9982E-05 0.453807 9.9982E-05 0.545993
9.9982E-05 0.740323 9.9982E-05 0.259477
0.0220867 0.329562 0.0458073 0.602544
9.9982E-05 0.587799 9.9982E-05 0.412001
0.0058725 0.777473 9.9991E-05 0.216554
0.0478534 0.120237 0.0527231 0.779187
0.0352599 0.492259 9.9991E-05 0.472381
9.9991E-05 0.343977 0.0630295 0.592894
0.129851 0.0196076 0.0475102 0.803031
9.9982E-05 0.265466 9.9982E-05 0.734334
9.9991E-05 0.465658 0.121604 0.412638
0.0564594 0.213392 0.0167953 0.713354
0.0477338 0.204169 0.0344708 0.713627
9.9982E-05 0.36579 9.9982E-05 0.63401
0.0931478 0.185264 0.0666784 0.65491
0.694678 0.266348 0.0329755 0.00599929
0.798416 0.0948277 9.9991E-05 0.106656
0.859224 0.140576 9.9982E-05 9.9982E-05
0.851617 0.148183 9.9982E-05 9.9982E-05
0.80774 0.183575 9.9991E-05 0.00858483
0.0577637 0.479128 9.9991E-05 0.463008
0.067579 0.552747 9.9991E-05 0.379574
9.9982E-05 0.516367 9.9982E-05 0.483433
0.120458 0.0787483 0.144301 0.656493
0.147417 0.063833 0.129834 0.658916
0.0125713 0.352419 0.0654658 0.569544
0.0523759 0.116166 0.0376469 0.793811
0.0582623 0.234184 0.0437882 0.663766
0.0342525 0.146845 0.0459419 0.772961
0.110692 0.0287441 0.0348852 0.825678
0.0265972 0.459446 9.9991E-05 0.513856
9.9982E-05 0.32216 9.9982E-05 0.67764
9.9982E-05 0.375685 9.9982E-05 0.624115
0.200414 0.12257 0.00538077 0.671635
0.0321399 0.236337 9.9991E-05 0.731423
9.9991E-05 0.224323 0.0703864 0.705191
0.0586298 9.9991E-05 0.415283 0.525988
0.148753 0.100135 0.50435 0.246763
0.110134 9.9991E-05 0.510599 0.379166
0.143275 0.00721465 0.63055 0.21896
0.115029 9.9991E-05 0.378956 0.505915
0.0385319 0.180563 0.0890639 0.691841
0.280914 0.0357923 0.679203 0.00409099
0.193134 9.9991E-05 0.540735 0.266031
0.151474 0.167101 0.239709 0.441715
0.211271 0.0604385 9.9991E-05 0.728191
0.166177 0.227614 0.040933 0.565276
0.132093 0.0996401 0.0688039 0.699463
0.128451 0.156934 0.068157 0.646459
0.217935 9.9991E-05 0.45799 0.323975
0.116649 0.048238 0.401773 0.43334
0.0929603 9.9991E-05 0.515751 0.391189
0.167327 0.0280721 0.330831 0.47377
0.203095 9.9991E-05 0.527191 0.269614
0.126456 9.9991E-05 0.343484 0.529959
0.162437 0.0149519 0.54953 0.273081
0.121366 0.0509136 0.445784 0.381936
0.0827326 0.188765 0.107646 0.620856
0.109509 0.12434 0.53154 0.23461
0.171556 9.9991E-05 0.66207 0.166275
0.156653 0.0318812 0.357889 0.453577
0.2019 0.429792 0.0534807 0.314828
0.0709641 0.131667 0.113825 0.683544
0.232728 9.9991E-05 0.310778 0.456394
0.132178 0.11069 0.0388355 0.718297
0.207406 0.158502 0.0106574 0.623435
0.190769 0.111599 0.252083 0.445549
0.220197 0.0603799 0.344505 0.374918
0.0677947 0.0885604 0.185236 0.658409
0.114369 0.042773 0.443632 0.399225
0.036459 0.00135092 0.591097 0.371093
0.239099 0.00135286 0.574117 0.185431
0.180949 0.0501181 0.082099 0.686834
0.136251 0.270023 9.9991E-05 0.593626
0.159233 0.509734 0.164508 0.166526
0.103683 0.0825092 0.178878 0.63493
0.155281 0.272141 0.126288 0.44629
0.210298 9.9991E-05 0.22758 0.562023
0.179329 0.171145 0.134146 0.515381
0.33364 0.382285 0.283975 9.9991E-05
0.387014 0.408167 0.20472 9.9991E-05
0.130528 0.345135 0.202858 0.321479
0.356321 0.366575 0.277004 9.9991E-05
0.453662 0.237999 0.308239 9.9991E-05
0.103998 0.313162 0.243212 0.339628
0.268655 0.205749 0.203421 0.322176
0.382608 0.169154 0.199784 0.248454
0.335865 0.353334 0.203534 0.107266
0.163445 0.190201 0.209542 0.436812
0.234895 0.37561 0.212044 0.177451
0.523534 0.314123 0.162244 9.9991E-05
0.195047 0.0448931 0.151155 0.608905
0.179891 0.171354 0.33212 0.316635
0.275485 0.00673527 0.264524 0.453255
0.183653 9.9991E-05 0.308069 0.508178
0.214158 0.168475 0.161631 0.455736
0.127782 9.9991E-05 0.209842 0.662276
0.165465 0.0188126 0.397304 0.418418
0.390142 9.9991E-05 0.2515 0.358259
0.240211 9.9991E-05 0.249702 0.509987
0.214616 9.9991E-05 0.307244 0.47804
0.248556 0.148028 0.310308 0.293108
0.195391 0.262771 0.167953 0.373886
0.168529 0.153025 0.0986524 0.579794
0.16203 0.0907873 0.240979 0.506204
0.0998034 0.0126276 0.147994 0.739575
0.267673 0.0168862 0.323358 0.392083
0.150399 0.122307 0.306897 0.420397
0.388976 0.160165 0.294498 0.15636
0.21124 9.9991E-05 0.197733 0.590927
0.232311 0.131226 0.378466 0.257997
0.850921 0.146168 0.00281072 9.9991E-05
0.136295 0.646825 9.9991E-05 0.21678
0.188094 0.811706 9.9982E-05 9.9982E-05
0.18897 0.744361 9.9991E-05 0.0665689
0.153707 0.753536 0.0427676 0.0499896
0.176835 0.673471 0.00943492 0.140259
0.155587 0.739315 9.9991E-05 0.104998
0.209658 0.790142 9.9982E-05 9.9982E-05
0.364093 0.622062 9.9991E-05 0.0137443
0.952514 0.00194832 0.0117381 0.0338
0.871979 0.0424262 9.9991E-05 0.0854948
0.913278 9.9991E-05 0.0385532 0.0480693
0.890293 0.0453335 9.9991E-05 0.0642739
0.910845 9.9991E-05 0.0648632 0.0241916
0.93476 0.0586804 0.00645971 9.9991E-05
0.774869 0.0527761 0.106818 0.0655367
0.877755 0.0397902 0.0384867 0.0439683
0.762111 0.0777618 0.0648193 0.0953074
0.915668 9.9982E-05 0.0841316 9.9982E-05
0.980921 0.018879 9.9982E-05 9.9982E-05
0.879681 0.0782513 0.0419676 9.9991E-05
0.980279 0.00510046 0.0114504 0.00317011
0.939831 9.9991E-05 0.0269335 0.033135
0.889878 9.9991E-05 0.0415154 0.0685062
0.823259 9.9991E-05 0.0701182 0.106523
0.78914 9.9991E-05 0.195753 0.0150069
0.776452 9.9991E-05 0.125686 0.0977615
0.81447 9.9991E-05 0.0586093 0.126821
0.164784 0.285568 9.9991E-05 0.549547
0.124323 0.0451193 9.9991E-05 0.830457
0.133759 0.0974026 0.0759599 0.692878
0.0952429 0.534331 0.103633 0.266793
0.215142 0.11349 9.9991E-05 0.671268
0.222273 0.491644 0.0702976 0.215785
0.0977519 0.14512 0.157715 0.599413
0.148478 0.249638 9.9991E-05 0.601784
0.187851 0.158501 9.9991E-05 0.653548
0.0141325 0.258484 0.0406243 0.686759
0.154751 0.250258 0.0138834 0.581108
0.129682 0.082895 9.9991E-05 0.787323
0.139357 0.124553 0.0345055 0.701584
9.9991E-05 0.774086 0.116903 0.108911
0.104589 0.795079 0.00675178 0.0935802
0.0968487 0.631196 0.109575 0.16238
0.13375 0.0939225 0.0820162 0.690311
0.113775 0.178579 0.0841482 0.623498
0.192489 0.139297 9.9991E-05 0.668114
0.150705 0.0497831 0.129133 0.67038
0.234488 0.000432523 0.220237 0.544843
0.193783 9.9991E-05 0.211305 0.594812
0.433131 0.250197 0.175422 0.14125
0.199028 0.0480661 0.0719657 0.68094
0.229027 0.152186 0.196685 0.422102
0.422753 0.34769 0.229457 9.9991E-05
0.279225 0.124757 0.301551 0.294468
0.389871 0.089152 0.201402 0.319575
0.352649 0.0779243 0.11897 0.450456
0.15502 0.0821434 0.195056 0.567781
0.236652 0.0938716 0.188153 0.481324
0.166215 0.00372871 0.241248 0.588809
0.0874812 0.191516 0.349181 0.371821
0.493467 9.9991E-05 0.161707 0.344726
