0.881613 0.0698294 0.0483581 9.9982E-05 9.9982E-05
0.935265 9.9973E-05 9.9973E-05 0.064435 9.9973E-05
0.799246 0.0536997 0.0280288 9.9991E-05 0.118926
0.7924 0.0843549 0.0678482 9.9991E-05 0.0552973
0.859817 0.0409997 0.0423039 9.9991E-05 0.0567794
0.671569 0.05214 0.0379325 0.186102 0.0522562
0.855289 0.0360906 0.00677994 0.101741 9.9991E-05
0.735514 0.131228 0.0307344 0.102424 9.9991E-05
0.83795 0.0531823 9.9982E-05 0.108667 9.9982E-05
0.703497 0.101912 0.0648569 0.0066124 0.123122
0.757994 0.132422 9.9991E-05 0.0646348 0.0448489
9.9991E-05 0.560328 0.0502591 0.0988775 0.290435
9.9991E-05 0.327104 0.132305 0.0252778 0.515213
0.0547182 0.457232 0.069947 0.147251 0.270852
0.0199683 0.367685 0.220293 0.145857 0.246196
0.119621 0.234227 0.109803 0.124239 0.41211
0.0293883 0.159087 0.117364 0.0860942 0.608066
9.9991E-05 0.263611 0.0875859 0.0535296 0.595174
0.111195 0.375074 0.0838709 0.0761122 0.353748
0.0538867 0.692766 0.0665757 0.173894 0.0128778
0.0346468 0.275075 0.0422899 0.118916 0.529072
0.0488504 0.231985 0.113741 0.143884 0.461539
0.0708708 0.241577 0.0375137 0.0494908 0.600548
9.999E-05 0.392233 0.112072 0.198362 0.297233
0.0552375 0.15431 0.216755 0.00415926 0.569539
0.0187559 0.243061 0.152669 0.0441601 0.541354
0.043507 0.492121 0.108715 0.121363 0.234294
9.9991E-05 0.466218 0.189265 0.0988632 0.245554
9.9991E-05 0.444159 0.06917 0.286377 0.200194
0.828493 9.9982E-05 0.0615674 9.9982E-05 0.109739
0.830567 9.9973E-05 9.9973E-05 9.9973E-05 0.169133
0.814992 9.9982E-05 0.0245152 9.9982E-05 0.160292
0.76598 9.9982E-05 0.0994128 9.9982E-05 0.134407
0.0950379 0.0811146 0.0260666 0.195431 0.60235
0.0860818 0.0930354 0.0606733 0.166717 0.593493
0.0431742 0.0434008 0.0151251 0.254218 0.644082
0.109211 0.556484 9.9991E-05 0.110584 0.223622
0.0528946 9.9982E-05 9.9982E-05 0.484688 0.462218
0.144301 0.0525425 0.0551854 0.245105 0.502867
0.0435713 9.9991E-05 0.0101594 0.151719 0.79445
0.126685 0.0450509 0.0285653 0.166279 0.63342
0.112869 0.0240129 0.0186327 0.179696 0.66479
9.9982E-05 0.197479 9.9982E-05 0.483772 0.318549
0.0743867 0.0344809 0.0345876 0.158819 0.697726
0.0471551 0.0447712 0.097893 0.223751 0.58643
0.130152 9.9991E-05 0.0321165 0.153347 0.684284
9.9982E-05 0.020606 9.9982E-05 0.46578 0.513414
0.00981043 9.9991E-05 0.0654369 0.120246 0.804407
0.0677247 0.0755238 0.0252009 0.188375 0.643176
0.0934475 9.9973E-05 9.9973E-05 0.906253 9.9973E-05
9.9982E-05 0.475615 9.9982E-05 0.251279 0.272906
0.0270007 0.23289 0.0742733 0.605879 0.0599568
0.0407025 0.278871 0.128443 0.0859595 0.466024
0.120363 0.0977944 0.0998435 0.0984732 0.583526
0.125304 0.0500633 0.0400368 0.0741114 0.710485
0.0592586 0.39578 9.9991E-05 0.310484 0.234377
0.0449575 0.212094 0.0441268 0.148062 0.550759
0.103652 0.091466 0.0337654 0.0969378 0.674179
0.109602 0.225337 9.9991E-05 0.23531 0.429651
0.178628 0.34369 0.0956799 0.347199 0.0348027
0.00482588 0.250846 0.0736461 0.149251 0.521431
0.0538567 0.294238 0.0848909 0.129602 0.437412
0.0653338 0.524538 9.9991E-05 0.344191 0.0658364
9.9991E-05 0.303504 0.0384174 0.0864207 0.571558
0.0518192 0.12737 0.0464945 0.103344 0.670972
0.0715835 0.12858 0.11659 0.0993641 0.583882
0.0450954 0.251062 0.0789888 0.323783 0.301071
9.9991E-05 0.157779 0.0839856 0.218557 0.539578
0.0874673 0.176361 0.0294 9.9991E-05 0.706672
9.9982E-05 0.415976 9.9982E-05 0.290147 0.293677
9.9982E-05 0.0394344 9.9982E-05 0.284598 0.675767
9.9982E-05 0.206235 9.9982E-05 0.450566 0.343
0.128113 9.9991E-05 0.106206 0.21219 0.553392
9.9973E-05 9.9973E-05 9.9973E-05 0.886847 0.112853
9.9982E-05 0.054278 9.9982E-05 0.849866 0.0956557
9.9982E-05 0.0376786 9.9982E-05 0.520456 0.441666
0.0178252 0.118837 9.9991E-05 0.231824 0.631414
0.0846158 0.126546 0.198815 0.094125 0.495898
9.9982E-05 0.0390084 9.9982E-05 0.312028 0.648764
0.018146 0.239537 9.9991E-05 0.43295 0.309267
0.0101619 0.326585 9.9991E-05 0.295925 0.367228
0.0415064 0.0125421 0.140853 0.25558 0.549519
9.9982E-05 0.202856 9.9982E-05 0.361317 0.435626
0.0391657 0.0594819 9.9991E-05 0.353728 0.547525
9.9973E-05 9.9973E-05 9.9973E-05 0.46733 0.53237
0.0162274 9.9991E-05 0.00675786 0.866415 0.1105
0.0416832 0.125415 0.0814874 0.167735 0.583679
0.79579 0.0738089 0.0629355 9.9991E-05 0.0673652
0.919754 9.9973E-05 9.9973E-05 9.9973E-05 0.0799462
0.866702 9.9982E-05 0.0545741 9.9982E-05 0.0785234
0.933168 9.9982E-05 9.9982E-05 0.0174059 0.0492261
0.89217 9.9982E-05 0.0189223 9.9982E-05 0.0887082
0.895561 9.9982E-05 0.0396802 9.9982E-05 0.0645586
0.898925 9.9982E-05 0.0270815 9.9982E-05 0.0737934
0.102376 0.0652319 0.0201656 0.182326 0.6299
0.115846 0.0689501 0.0702761 0.226243 0.518685
0.00880934 0.110322 9.9991E-05 0.683508 0.197261
0.158678 0.0183841 0.00864031 0.156341 0.657957
0.0667847 0.0956657 9.9991E-05 0.252426 0.585024
0.109961 9.9982E-05 9.9982E-05 0.169806 0.720033
0.0109426 0.0382153 0.0382271 0.309001 0.603614
9.9982E-05 9.9982E-05 0.0467285 0.380281 0.572791
0.0440558 0.223537 9.9991E-05 0.650787 0.0815204
0.120685 0.104967 0.0584734 0.183529 0.532345
0.0731767 0.0110073 0.0977703 0.110497 0.707548
0.0631013 0.0859105 0.0835656 0.156668 0.610754
0.0250212 9.9991E-05 0.0341655 0.542234 0.398479
0.0168595 9.9982E-05 9.9982E-05 0.378233 0.604708
0.0223608 0.115652 0.00296538 0.291677 0.567345
9.9982E-05 9.9982E-05 0.0772992 0.48804 0.434461
0.0745863 0.136773 9.9991E-05 0.240206 0.548335
0.0943682 0.128399 0.0454501 0.0740983 0.657684
0.0429811 0.365631 0.0912625 0.262289 0.237835
0.156941 0.3391 0.0266244 0.0422492 0.435086
0.205542 0.141792 0.0234568 0.0523456 0.576863
0.0775699 0.145133 0.0467566 0.118079 0.612461
0.0754293 0.379015 9.9982E-05 9.9982E-05 0.545356
9.9991E-05 0.285696 0.0787891 0.0243028 0.611112
0.00354106 0.438833 0.0280116 9.9991E-05 0.529514
0.168126 0.109262 0.0342699 0.136975 0.551367
0.0587816 0.186405 0.0919729 0.120399 0.542442
0.0277913 0.202639 9.9991E-05 0.162053 0.607417
9.9982E-05 0.368748 9.9982E-05 0.0172391 0.613813
0.0625877 0.141852 0.0453811 0.178525 0.571654
0.0789264 0.102926 0.0200538 0.108183 0.689911
9.9991E-05 0.264452 0.0521273 0.0231732 0.660148
0.146716 0.093268 0.0106179 0.0679799 0.681418
9.9991E-05 0.23787 0.115345 0.0604333 0.586252
0.179752 0.297559 0.0233064 0.123527 0.375856
0.0317791 0.200045 0.0577996 0.020418 0.689959
0.0205421 0.116983 0.0662722 0.0631473 0.733056
9.9991E-05 0.437648 0.147775 0.206261 0.208216
0.0283691 0.376843 0.0671749 0.347799 0.179815
9.9991E-05 0.230149 0.14212 0.151559 0.476072
9.9991E-05 0.370136 0.0769088 0.490066 0.0627889
0.0555121 0.476268 0.0186606 0.166283 0.283276
9.9982E-05 0.374762 9.9982E-05 0.146665 0.478373
0.0238863 0.507416 9.9991E-05 0.0494546 0.419143
9.9982E-05 0.554017 9.9982E-05 0.0875765 0.358206
0.106556 0.0946103 0.0263334 0.139726 0.632774
0.0837278 0.150787 0.116357 0.130269 0.518859
0.0691013 0.296617 0.0137806 0.0508915 0.569609
9.9991E-05 0.368464 0.11981 0.394958 0.116668
0.226225 0.047964 9.9991E-05 0.119496 0.606215
0.0702278 0.0363176 0.0507104 0.282348 0.560396
0.190122 0.142396 0.00959156 0.63925 0.0186411
0.133106 0.00555849 0.054019 0.0801108 0.727206
0.049384 0.0696368 0.0542692 0.432475 0.394235
0.0168911 0.202691 0.119045 0.146452 0.514921
0.123681 0.0930326 9.9991E-05 0.476791 0.306396
0.11459 0.174126 9.9991E-05 0.493178 0.218006
0.067928 0.144836 9.9991E-05 0.250191 0.536944
0.132119 0.18267 0.0474849 0.105046 0.532681
0.147557 0.191404 0.0767714 0.106312 0.477956
0.0654852 0.170675 0.184163 0.539407 0.0402692
0.15199 0.0448337 0.0447392 0.0871406 0.671297
9.9982E-05 0.171208 9.9982E-05 0.399337 0.429255
9.9991E-05 0.214235 0.0214827 0.27948 0.484702
0.0935461 9.9991E-05 0.0529749 0.135613 0.717766
0.337382 9.9991E-05 0.283984 0.238017 0.140516
0.631298 9.9982E-05 0.146976 0.221526 9.9982E-05
0.524012 9.9982E-05 0.177562 0.298226 9.9982E-05
0.392426 0.0696542 0.417397 0.120422 9.9991E-05
0.0131072 0.0830916 0.0071536 0.16488 0.731767
0.0767008 0.116834 0.10025 0.176997 0.529218
9.9982E-05 0.0169359 0.690203 9.9982E-05 0.292661
9.9991E-05 0.110379 0.431151 0.0539031 0.404467
0.0354115 0.155072 0.478835 0.0131822 0.3175
9.9991E-05 0.0698372 0.0695903 0.558203 0.30227
0.0902854 0.0905931 0.120671 0.246824 0.451627
0.00716998 0.095644 0.0569585 0.647083 0.193144
0.0544749 0.0562133 0.050904 0.22393 0.614478
0.067785 9.9991E-05 0.0799091 0.322116 0.53009
0.0696551 0.0429027 0.0941193 0.212401 0.580922
0.0171003 0.1213 9.9991E-05 0.605687 0.255812
0.103967 0.0435701 0.153817 0.125835 0.572812
0.0572305 0.011365 0.0322236 0.254168 0.645013
9.9982E-05 9.9982E-05 0.974551 0.0201464 0.00510253
9.9973E-05 9.9973E-05 0.905471 9.9973E-05 0.0942287
9.9991E-05 0.0521519 0.611821 0.0418916 0.294036
0.0147498 0.0100473 0.710996 9.9991E-05 0.264107
0.047072 9.9982E-05 0.872362 9.9982E-05 0.0803663
9.997E-05 9.997E-05 0.9996 9.997E-05 9.997E-05
9.9973E-05 0.0343193 0.965381 9.9973E-05 9.9973E-05
9.9973E-05 9.9973E-05 0.807901 9.9973E-05 0.1918
9.9973E-05 0.00560117 0.994099 9.9973E-05 9.9973E-05
9.997E-05 9.997E-05 0.9996 9.997E-05 9.997E-05
9.997E-05 9.997E-05 0.9996 9.997E-05 9.997E-05
0.0507249 9.9982E-05 0.719973 9.9982E-05 0.229102
0.0755431 0.00912461 0.826164 0.0219139 0.0672543
9.9973E-05 0.0144398 0.98526 9.9973E-05 9.9973E-05
9.9991E-05 0.140287 0.42205 0.0237748 0.413789
0.0558807 0.109957 0.633851 9.9991E-05 0.200212
0.00604894 0.063812 0.74671 0.0140731 0.169356
0.0227114 0.034725 0.908428 9.9991E-05 0.0340357
9.997E-05 9.997E-05 0.9996 9.997E-05 9.997E-05
0.0387455 9.9982E-05 0.846383 9.9982E-05 0.114672
9.997E-05 9.997E-05 0.9996 9.997E-05 9.997E-05
0.0342192 0.0977768 0.655629 0.0200483 0.192327
0.0199261 0.0214577 0.86271 0.0344748 0.0614312
0.402891 9.9982E-05 0.0763669 0.520542 9.9982E-05
0.169167 0.158468 0.106057 0.16825 0.398058
0.230885 9.9991E-05 0.0714996 0.257784 0.439731
0.285701 9.9991E-05 0.152078 0.381613 0.180509
0.106142 0.0805127 0.203765 0.236606 0.372975
0.294303 9.9991E-05 0.180067 0.347874 0.177656
0.234769 0.0268283 0.109442 0.206583 0.422378
0.191295 9.9991E-05 0.240097 0.269709 0.2988
0.141747 0.103502 0.167839 0.162881 0.424031
0.190052 9.9991E-05 0.334861 0.208736 0.266251
0.163962 0.108361 0.238397 0.10751 0.38177
0.839604 0.045409 9.9991E-05 0.0600081 0.0548784
0.941299 9.9982E-05 0.0299049 0.0285961 9.9982E-05
0.961685 0.038015 9.9973E-05 9.9973E-05 9.9973E-05
0.944528 0.00982157 9.9982E-05 9.9982E-05 0.0454503
0.886029 0.0494112 0.0557956 9.9991E-05 0.00866445
0.881389 9.9982E-05 0.113094 0.00531723 9.9982E-05
0.903695 9.9982E-05 0.0620646 9.9982E-05 0.0340401
0.908794 0.0258647 9.9991E-05 0.0603383 0.00490289
0.930134 9.9973E-05 9.9973E-05 9.9973E-05 0.069566
0.902112 0.00293644 0.0446951 0.0305975 0.0196594
0.616128 0.241641 9.9982E-05 0.142031 9.9982E-05
0.591604 0.347267 0.0101326 0.0508964 9.9991E-05
0.542462 0.279928 9.9982E-05 0.177411 9.9982E-05
0.494754 0.316944 9.9991E-05 0.188018 0.000183121
0.0170646 0.147276 9.9991E-05 0.192939 0.642621
0.0129471 0.118883 0.0135027 0.268983 0.585684
0.0360428 0.206164 0.0464128 0.0663532 0.645028
0.0871192 0.317182 9.9991E-05 0.0788718 0.516727
9.9991E-05 0.641721 0.000864886 0.113478 0.243836
0.0936933 0.046045 0.0150379 0.103252 0.741971
9.9991E-05 0.13508 0.0367857 0.174874 0.65316
9.9982E-05 0.124445 9.9982E-05 0.28026 0.595094
9.9991E-05 0.0342062 0.0520172 0.452383 0.461294
0.0642544 0.147499 0.0846014 0.0363995 0.667245
0.00310513 0.105402 9.9991E-05 0.345176 0.546217
9.9973E-05 0.0982242 9.9973E-05 0.901476 9.9973E-05
0.0651352 0.167806 9.9991E-05 0.14143 0.625529
0.00663843 9.9982E-05 9.9982E-05 0.616332 0.37683
0.00326175 0.0669329 9.9991E-05 0.301292 0.628413
0.0215831 0.236247 9.9991E-05 0.493935 0.248135
0.134846 0.842513 9.9991E-05 0.00828843 0.0142529
0.145751 0.809739 0.00496344 0.0231363 0.0164096
0.073971 0.876538 9.9982E-05 0.049291 9.9982E-05
0.112492 0.815464 9.9982E-05 0.0718447 9.9982E-05
9.9973E-05 0.946169 0.0535307 9.9973E-05 9.9973E-05
0.0371582 0.842495 0.112618 9.9991E-05 0.00762879
0.878737 9.9982E-05 0.0360704 9.9982E-05 0.0849929
0.844473 0.0182358 0.0639798 9.9991E-05 0.0732109
0.739808 9.9982E-05 0.128775 9.9982E-05 0.131217
0.772824 0.0667794 0.0995955 9.9991E-05 0.0607015
0.838275 0.00874947 0.0799343 9.9991E-05 0.0729416
0.392586 0.595248 9.9982E-05 0.0119665 9.9982E-05
0.466687 0.440726 9.9982E-05 0.0923873 9.9982E-05
0.448499 0.455024 9.9982E-05 0.0962775 9.9982E-05
0.807398 0.0275563 0.043813 9.9991E-05 0.121133
0.365232 0.501202 9.9982E-05 0.133366 9.9982E-05
0.262756 9.9991E-05 0.412048 0.108685 0.216411
0.111739 0.0825267 0.252263 9.9991E-05 0.553372
0.195187 9.9982E-05 0.271564 9.9982E-05 0.533048
0.248245 0.0487467 0.278267 0.0673909 0.357351
0.178131 0.176576 0.146248 9.9991E-05 0.498945
0.4808 9.9982E-05 0.329611 0.189388 9.9982E-05
9.9991E-05 0.373335 0.0113963 0.104094 0.511075
9.9991E-05 0.258767 0.0586358 0.272167 0.41033
0.0607769 0.51766 0.0392353 0.0346607 0.347667
9.9991E-05 0.115087 0.00728381 0.306573 0.570956
9.9973E-05 0.164148 9.9973E-05 0.835552 9.9973E-05
0.0934705 0.17659 0.0588261 0.0964919 0.574622
0.033951 0.149099 0.0555997 0.189395 0.571955
0.0238823 0.44577 9.9991E-05 0.123357 0.406891
0.106511 0.163637 0.0593099 0.145715 0.524828
9.9982E-05 0.28937 9.9982E-05 0.52053 0.189899
9.9991E-05 0.131562 0.0843293 0.313816 0.470192
9.9991E-05 0.361006 0.0254456 0.0550182 0.55843
0.0757515 0.160009 0.265511 0.138487 0.360242
9.9991E-05 0.250648 0.00568853 0.284157 0.459406
0.00758267 0.358897 0.0624472 0.129417 0.441656
9.9991E-05 0.186841 0.156916 0.182968 0.473175
9.9991E-05 0.259487 0.0140683 0.118414 0.60793
0.0603768 0.123966 0.07881 0.0666803 0.670167
0.068321 0.129737 0.0717937 0.0594683 0.67068
0.086457 0.20812 0.0903816 0.0797276 0.535314
0.787566 9.9982E-05 0.0808548 9.9982E-05 0.131379
0.831953 9.9991E-05 0.0867686 0.036062 0.0451164
0.790862 0.0614168 0.00162138 0.0521278 0.0939724
0.813344 0.0173997 0.0178724 0.0585569 0.0928266
0.837387 9.9982E-05 0.00321668 9.9982E-05 0.159197
9.9991E-05 0.65729 0.0378243 0.0539032 0.250883
0.0393743 0.201701 0.126454 0.170088 0.462383
0.27081 0.00960004 0.10836 0.198946 0.412284
9.9991E-05 0.107544 0.114915 0.0875968 0.689844
0.0974792 0.23296 0.00270041 0.0991317 0.567728
0.0257076 0.386915 0.0791604 0.222931 0.285286
0.119006 0.622003 9.9991E-05 0.243182 0.0157091
0.0329833 0.3655 0.00299612 9.9991E-05 0.598421
0.0766642 0.591064 0.0812287 0.117653 0.13339
9.9991E-05 0.292224 0.109953 0.200672 0.397052
0.15246 0.602123 9.9991E-05 0.0409028 0.204414
0.177783 0.153363 0.00206716 9.9991E-05 0.666687
0.0749818 0.539959 9.9991E-05 0.147733 0.237226
0.0257367 0.314737 0.122419 0.154931 0.382176
0.07727 0.0265444 0.0885458 0.265661 0.541979
0.0269775 0.189661 0.106614 0.417186 0.259561
0.140359 9.9991E-05 0.016303 0.236545 0.606693
0.154327 9.9991E-05 0.0421114 0.219715 0.583747
0.0204469 0.106725 9.9991E-05 0.448177 0.424551
0.0599152 0.0707193 0.114519 0.334085 0.420761
0.102986 9.9982E-05 9.9982E-05 0.307396 0.589418
9.9982E-05 0.124825 9.9982E-05 0.723058 0.151917
0.0134859 0.0435307 0.00883514 0.617064 0.317084
0.0456167 0.11898 9.9991E-05 0.26396 0.571343
0.00742087 0.134026 9.9991E-05 0.652632 0.205821
9.9982E-05 0.140688 9.9982E-05 0.34606 0.513053
0.0547334 0.573564 0.0103876 0.170389 0.190926
9.9991E-05 0.365785 0.00682356 0.310623 0.316668
0.0442551 0.454765 0.0713188 0.0374735 0.392187
9.9991E-05 0.180806 0.0804367 0.0355825 0.703074
9.9982E-05 0.497901 9.9982E-05 0.215236 0.286663
0.0392828 0.234151 0.0967711 0.101158 0.528637
9.9991E-05 0.197531 0.111482 0.0566569 0.63423
0.0059063 0.158397 0.134081 0.157417 0.544199
9.9991E-05 0.312537 0.118531 0.0423138 0.526518
0.0250331 0.366716 0.0804535 0.0168816 0.510916
9.9991E-05 0.534448 0.0414521 0.169268 0.254732
9.9991E-05 0.440323 0.147452 0.102451 0.309674
9.9991E-05 0.224697 0.110615 0.0805027 0.584086
0.0403586 0.249768 0.0990994 0.00820598 0.602568
0.103698 0.240676 9.9991E-05 0.131745 0.523781
9.9991E-05 0.333442 0.167013 0.0571522 0.442293
0.0924688 0.470002 0.0543523 0.0172944 0.365883
0.00987293 0.292853 0.062789 0.0027337 0.631751
9.9991E-05 0.292328 0.120915 0.0574168 0.529241
0.10481 0.175787 0.0819245 0.043541 0.593938
0.347657 0.0768716 0.128734 9.9991E-05 0.446638
0.150888 9.9991E-05 0.232776 0.200346 0.415889
0.188207 0.0291504 0.169564 0.119284 0.493794
9.9991E-05 0.097133 0.190302 0.111005 0.601459
0.254863 9.9991E-05 0.20384 0.0363566 0.504841
9.9991E-05 0.193889 0.0750073 0.228415 0.502588
0.127698 0.139446 0.134307 0.0664995 0.53205
0.321054 9.9991E-05 0.154537 0.491038 0.0332708
0.150743 0.153505 0.173937 0.0544079 0.467408
0.0907938 0.0395413 0.13266 0.16779 0.569214
0.0692795 0.0581174 0.308156 0.148294 0.416153
0.239944 0.0821962 0.15314 0.177397 0.347323
0.15742 0.131498 0.171929 0.0338309 0.505322
0.119507 0.0490873 0.252633 0.0814581 0.497315
0.511031 9.9982E-05 0.186744 0.302025 9.9982E-05
0.207589 0.0313819 0.165385 9.9991E-05 0.595543
0.147302 0.0561117 0.20814 0.0328481 0.555598
0.0814553 0.122307 0.224485 0.0573974 0.514355
0.187882 9.9982E-05 0.236781 9.9982E-05 0.575137
0.172414 0.0929933 0.128379 0.0491831 0.55703
0.0328611 0.0736279 0.112385 0.285618 0.495508
0.093917 0.0694095 0.0568149 0.141587 0.638272
9.9991E-05 0.12055 0.0119632 0.832601 0.0347856
9.9982E-05 0.0594193 9.9982E-05 0.85066 0.0897209
0.0809528 0.0322426 0.0998038 0.276019 0.510982
0.164783 9.9991E-05 0.362222 0.122857 0.350038
0.103774 9.9991E-05 0.341963 0.253131 0.301032
0.237785 9.9991E-05 0.331994 0.289961 0.14016
0.165418 0.0253156 0.352518 0.171922 0.284825
0.11468 9.9991E-05 0.172876 0.659263 0.0530811
0.141547 9.9991E-05 0.147744 0.565384 0.145225
9.9991E-05 0.00708527 0.169991 0.304957 0.517867
0.0388079 9.9991E-05 0.139171 0.357677 0.464244
0.0576183 0.0360687 0.178496 0.518494 0.209322
0.0897995 0.0367652 0.0466593 0.196075 0.630701
9.9991E-05 0.0379881 0.118087 0.289972 0.553853
0.0577156 0.0697744 0.225827 0.196889 0.449794
0.0218374 0.133985 9.9991E-05 0.437396 0.406682
0.00980182 0.137173 0.0231766 0.430215 0.399633
0.0688878 9.9991E-05 0.0060237 0.213447 0.711541
0.0498023 0.185348 9.9991E-05 0.271677 0.493073
0.0374903 0.129464 0.156489 0.241181 0.435376
9.9982E-05 0.0827097 9.9982E-05 0.405739 0.511351
9.9991E-05 0.143059 0.0194987 0.593524 0.243818
0.0299878 9.9991E-05 0.0120435 0.327602 0.630266
0.0754647 0.110043 0.205006 0.108558 0.500929
9.9991E-05 0.0344806 0.0215006 0.652826 0.291092
0.0623706 9.9982E-05 9.9982E-05 0.447637 0.489792
0.0397325 0.0821147 0.0856734 0.184375 0.608104
0.04165 0.0600605 9.9991E-05 0.204436 0.693754
0.222588 0.056295 0.161811 0.0261927 0.533113
0.12069 0.0654207 0.190553 0.152316 0.471021
0.156774 0.0484456 0.268212 0.137251 0.389317
0.23138 0.0828764 0.20087 0.127219 0.357654
0.200304 0.127795 0.16555 0.0287345 0.477616
0.128496 0.144139 0.23939 0.0344223 0.453552
0.208065 0.0287693 0.170418 0.592648 9.9991E-05
0.0952486 0.04292 0.206635 0.0885226 0.566674
0.43207 9.9982E-05 0.178704 0.389025 9.9982E-05
0.0473496 9.9991E-05 0.239698 0.170699 0.542154
9.9973E-05 9.9973E-05 9.9973E-05 0.822581 0.177119
9.9982E-05 0.0990991 0.0187249 0.881976 9.9982E-05
0.00344995 0.0277277 9.9991E-05 0.417851 0.550871
0.0467422 9.9982E-05 9.9982E-05 0.263781 0.689277
9.9982E-05 0.0283878 9.9982E-05 0.507616 0.463796
9.9982E-05 0.0401809 9.9982E-05 0.360537 0.599082
9.9991E-05 0.0347103 0.0235989 0.32998 0.611611
0.818652 0.000816796 0.0707224 0.0452488 0.06456
0.695306 0.180679 0.123815 9.9982E-05 9.9982E-05
0.874472 0.0751269 0.0502011 9.9982E-05 9.9982E-05
0.935013 9.9973E-05 9.9973E-05 9.9973E-05 0.0646871
0.0111121 0.130443 9.9991E-05 0.232192 0.626154
0.0565839 0.0481501 0.0449011 0.282814 0.56755
0.0186777 0.0925122 9.9991E-05 0.3122 0.57651
0.0838342 0.038591 9.9991E-05 0.190583 0.686892
0.144225 0.0234175 0.0374663 0.213123 0.581768
0.0219443 0.14805 9.9991E-05 0.45599 0.373915
0.0426004 9.9991E-05 0.0896313 0.255509 0.61216
0.0261276 9.9982E-05 9.9982E-05 0.541852 0.43182
0.276088 0.0393674 0.172403 0.00739261 0.504748
9.9991E-05 0.00223436 0.105751 0.417381 0.474534
9.9982E-05 0.133515 9.9982E-05 0.355277 0.511008
9.9982E-05 0.0273176 9.9982E-05 0.343741 0.628742
0.0340348 0.0775349 9.9991E-05 0.332233 0.556098
9.9982E-05 9.9982E-05 0.0158936 0.324052 0.659855
0.0933776 0.0389672 9.9991E-05 0.189613 0.677942
9.9973E-05 9.9973E-05 9.9973E-05 0.767649 0.232051
9.9982E-05 0.0616365 9.9982E-05 0.554487 0.383677
9.9982E-05 0.132986 9.9982E-05 0.385191 0.481623
9.9973E-05 9.9973E-05 9.9973E-05 0.969047 0.0306526
9.9991E-05 0.106779 0.031472 0.286944 0.574705
9.9973E-05 9.9973E-05 9.9973E-05 0.75384 0.24586
0.0246126 9.9982E-05 9.9982E-05 0.909554 0.0656331
0.0426132 9.9982E-05 9.9982E-05 0.2628 0.694387
0.0149343 0.113412 9.9991E-05 0.488874 0.382679
0.0199702 0.144314 0.111794 0.306692 0.41723
0.0812541 9.9991E-05 0.10763 0.182857 0.628159
9.9982E-05 0.179644 9.9982E-05 0.150767 0.669389
9.9991E-05 0.298095 0.104562 0.266282 0.330961
9.9991E-05 0.0867061 0.0243224 0.229987 0.658884
0.0418497 0.0789897 9.9991E-05 0.28333 0.595731
9.9973E-05 9.9973E-05 9.9973E-05 0.52207 0.47763
0.0185496 0.169017 0.0687462 0.230488 0.513198
0.611822 0.299893 0.0470387 0.0411463 9.9991E-05
0.765242 0.0831354 9.9991E-05 0.0533538 0.098169
0.845494 0.103549 9.9982E-05 0.0507569 9.9982E-05
0.843123 0.140247 9.9982E-05 0.0164303 9.9982E-05
0.746404 0.230584 9.9982E-05 9.9982E-05 0.0228123
0.0170989 0.193397 9.9991E-05 0.497337 0.292067
0.0487543 0.0805201 9.9991E-05 0.581853 0.288772
9.9973E-05 9.9973E-05 9.9973E-05 0.658722 0.340979
0.0569736 0.0423342 0.157325 0.0862979 0.657069
0.149642 0.0501093 0.0757109 0.0606893 0.663848
0.0499658 9.9991E-05 0.00755688 0.501115 0.441262
9.9982E-05 9.9982E-05 0.00312268 0.262561 0.734116
0.0428769 9.9991E-05 0.0650676 0.411812 0.480143
0.0364278 0.100534 9.9991E-05 0.215489 0.647449
0.0191519 0.0634342 0.009729 0.181566 0.726119
9.9991E-05 0.163108 0.0253812 0.442532 0.368878
0.0261925 0.108756 9.9991E-05 0.370281 0.494671
9.9982E-05 0.211645 9.9982E-05 0.297144 0.491011
0.127597 0.120585 0.057845 0.102234 0.591739
0.0311362 0.0445777 9.9991E-05 0.399806 0.52438
9.9982E-05 0.0876762 9.9982E-05 0.321567 0.590557
0.0850702 9.9991E-05 0.428892 0.0193685 0.46657
0.0919942 0.00433247 0.503276 0.0723639 0.328034
0.0532748 0.0296958 0.535754 0.0206032 0.360672
0.175226 9.9991E-05 0.45469 0.0209928 0.348992
0.13613 9.9991E-05 0.402839 0.0171566 0.443774
0.0570624 0.00420936 0.0628788 0.392987 0.482862
0.300552 9.9982E-05 0.61656 9.9982E-05 0.0826881
0.110605 9.9991E-05 0.580978 0.0603649 0.247953
0.211575 9.9991E-05 0.146275 0.141689 0.500362
0.182569 0.00833216 0.0265386 0.210127 0.572433
0.129395 0.148565 0.0798042 0.268485 0.37375
0.157222 0.127656 0.0533923 0.0287848 0.632945
0.132346 0.0819289 0.00614458 0.0342331 0.745348
0.18807 9.9982E-05 0.450462 9.9982E-05 0.361268
0.103672 0.0733783 0.361012 9.9991E-05 0.461838
0.0743059 9.9982E-05 0.454375 9.9982E-05 0.471119
0.122408 0.133137 0.300773 0.043784 0.399897
0.159926 9.9982E-05 0.515087 9.9982E-05 0.324787
0.182634 0.0340655 0.312911 0.0174719 0.452918
0.104004 0.0338783 0.615473 0.0698239 0.176821
0.0130191 0.0548041 0.501562 0.116691 0.313925
0.138894 9.9991E-05 0.0922291 0.291762 0.477015
0.143864 0.00791983 0.35744 0.055638 0.435138
0.161912 9.9982E-05 0.687067 9.9982E-05 0.150821
0.130771 0.135806 0.303092 0.0747599 0.355571
0.125285 0.253644 0.0345318 0.334334 0.252206
0.0177614 0.176956 0.166601 0.137823 0.500859
0.108677 0.0812067 0.35324 0.101712 0.355165
0.12963 0.0803999 0.00130652 0.136235 0.652429
0.190367 0.110258 9.9991E-05 0.113838 0.585437
0.206209 0.0407105 0.256877 0.121932 0.374271
0.231207 9.9991E-05 0.276375 0.0548938 0.437425
0.14206 0.0621937 0.102117 0.093132 0.600497
0.109171 9.9991E-05 0.451133 0.0650883 0.374508
0.0999355 9.9982E-05 0.53576 9.9982E-05 0.364105
0.26497 9.9982E-05 0.592118 9.9982E-05 0.142712
0.138954 0.0803022 0.143607 0.108915 0.528221
0.158447 0.0599443 9.9991E-05 0.300323 0.481186
0.180292 9.9991E-05 0.0925339 0.599054 0.12802
0.16572 0.035335 0.0983333 0.106458 0.594154
0.128822 0.180345 0.0429309 0.190849 0.457053
0.166564 9.9991E-05 0.174269 0.128823 0.530243
0.0323377 0.177365 0.100528 0.198909 0.49086
0.359256 9.9982E-05 0.245409 0.395135 9.9982E-05
0.396185 9.9982E-05 0.127846 0.475769 9.9982E-05
0.152384 0.157653 0.14769 0.270567 0.271705
0.382946 9.9982E-05 0.224765 0.392088 9.9982E-05
0.44751 9.9982E-05 0.250961 0.301329 9.9982E-05
0.150314 0.0911646 0.179678 0.265963 0.31288
0.249862 0.0344287 0.11476 0.195641 0.405309
0.320922 9.9991E-05 0.239365 0.295227 0.144387
0.37012 0.00108216 0.180243 0.357717 0.0908379
0.121659 0.0826351 0.2021 0.0934462 0.50016
0.260002 9.9991E-05 0.10881 0.433137 0.197951
0.539038 9.9982E-05 0.108488 0.352273 9.9982E-05
0.24781 0.0427001 0.174857 9.9991E-05 0.534533
0.158067 0.0234905 0.291634 0.172344 0.354464
0.336747 0.0203976 0.125339 0.0343635 0.483153
0.196071 9.9982E-05 0.297198 9.9982E-05 0.506531
0.169906 0.107603 0.135457 0.0751201 0.511914
0.209262 0.0720091 0.136888 9.9991E-05 0.581741
0.145567 0.0370668 0.258661 0.0452046 0.513501
0.402118 0.028823 0.168263 9.9991E-05 0.400696
0.256439 0.0729791 0.123308 9.9991E-05 0.547174
0.279174 9.9982E-05 0.215276 9.9982E-05 0.50535
0.343734 0.00321611 0.201129 0.0563418 0.395579
0.172864 0.146212 0.158611 0.235191 0.287122
0.180103 0.0836669 0.0738946 0.0516149 0.61072
0.162053 0.10989 0.210601 0.0122661 0.50519
0.114192 0.0666275 0.0863418 0.0173028 0.715536
0.294664 0.0703518 0.30225 9.9991E-05 0.332634
0.228451 0.0741914 0.162005 0.0587868 0.476566
0.418403 9.9991E-05 0.227047 0.21347 0.14098
0.15514 0.100708 0.310879 0.00301008 0.430263
0.290907 9.9991E-05 0.378891 0.215796 0.114306
0.820572 0.128328 9.9982E-05 0.0508997 9.9982E-05
0.0629711 0.761343 0.00440649 0.0231426 0.148137
0.00807835 0.986078 9.9982E-05 0.00564387 9.9982E-05
0.0111448 0.988555 9.9973E-05 9.9973E-05 9.9973E-05
9.9982E-05 0.944649 0.0348158 9.9982E-05 0.0203347
9.9973E-05 0.934926 0.0647737 9.9973E-05 9.9973E-05
9.9973E-05 0.923285 9.9973E-05 9.9973E-05 0.0764149
0.0649541 0.934746 9.9973E-05 9.9973E-05 9.9973E-05
0.267235 0.732466 9.9973E-05 9.9973E-05 9.9973E-05
0.931585 0.00863918 9.9982E-05 9.9982E-05 0.0595757
0.830462 0.13285 0.000165944 9.9991E-05 0.0364221
0.889818 0.00883146 0.0606577 0.00829063 0.032402
0.850235 0.0944614 9.9982E-05 9.9982E-05 0.0551038
0.870693 0.0780981 0.0316273 9.9991E-05 0.0194819
0.91409 0.0668493 0.0154321 0.00352898 9.9991E-05
0.754722 0.103423 0.123122 9.9991E-05 0.0186326
0.888689 9.9991E-05 0.0362786 0.0101703 0.0647622
0.730989 0.137249 0.0026593 0.0237552 0.105348
0.926131 9.9982E-05 0.0373099 9.9982E-05 0.0363589
0.96959 0.0250968 9.9991E-05 0.00468765 0.000526075
0.83302 0.0309681 0.0601455 0.0757664 9.9991E-05
0.931887 0.0678134 9.9973E-05 9.9973E-05 9.9973E-05
0.925357 9.9973E-05 9.9973E-05 9.9973E-05 0.0743433
0.888564 0.00535978 0.00994601 9.9991E-05 0.0960297
0.813474 9.9982E-05 0.0508093 9.9982E-05 0.135516
0.773567 9.9982E-05 0.176665 9.9982E-05 0.0495682
0.7238 9.9982E-05 0.104956 9.9982E-05 0.171044
0.808009 9.9982E-05 0.0298042 9.9982E-05 0.161987
0.169427 0.0643472 9.9991E-05 0.291807 0.474319
0.0956272 0.01736 9.9991E-05 0.105211 0.781702
0.186188 9.9991E-05 0.0859515 0.148144 0.579617
0.097421 0.0315406 0.0479778 0.641465 0.181596
0.118817 0.180187 0.0724511 0.0953681 0.533176
0.225854 9.9982E-05 9.9982E-05 0.636852 0.137094
0.134102 0.0646767 0.0677635 0.111128 0.62233
0.106078 0.189859 9.9991E-05 0.249217 0.454746
0.112797 0.115924 9.9991E-05 0.212256 0.558923
0.0395441 0.0920777 0.00943786 0.192257 0.666683
0.0966613 0.2162 0.0199633 0.1745 0.492675
0.0407428 0.0077838 0.0152624 0.184679 0.751532
0.0860575 0.191129 9.9991E-05 0.104677 0.618037
9.9991E-05 0.457163 0.007744 0.380538 0.154455
0.10327 0.119952 0.0026262 0.774052 9.9991E-05
0.107471 0.0554845 0.0725703 0.610499 0.153975
0.119253 0.018144 9.9991E-05 0.0959548 0.766549
0.134974 0.0605145 0.0668528 0.218763 0.518895
0.169578 9.9982E-05 9.9982E-05 0.228938 0.601284
0.170697 9.9982E-05 9.9982E-05 0.110476 0.718627
0.231723 9.9991E-05 0.11598 0.0881494 0.564048
0.191428 0.0811725 0.248888 0.0348537 0.443658
0.420027 0.137199 0.166593 0.167703 0.108477
0.141998 0.0654976 0.0172073 0.0624515 0.712846
0.241191 0.0400236 0.164581 0.124548 0.429656
0.46727 9.9982E-05 0.197549 0.334981 9.9982E-05
0.295914 9.9991E-05 0.183909 0.155709 0.364368
0.357819 0.0694307 0.186841 0.0700514 0.315858
0.273934 0.17901 0.136583 0.0105886 0.399883
0.114516 0.0520007 0.13086 0.155512 0.547112
0.171945 0.10119 0.203722 0.0112798 0.511863
0.106029 0.00236133 0.215695 0.127205 0.54871
0.163092 9.9991E-05 0.21555 0.222413 0.398846
0.497656 0.0311084 0.143229 0.0114265 0.31658
