0.897065 0.0168034 9.9982E-05 0.085932 9.9982E-05
0.969659 9.9973E-05 9.9973E-05 9.9973E-05 0.0300412
0.832384 0.0110917 0.148367 0.0080568 9.9991E-05
0.780854 0.11286 9.9982E-05 0.106086 9.9982E-05
0.867097 0.0328282 0.0938749 0.00610009 9.9991E-05
0.658261 0.0222309 0.121028 0.132373 0.0661075
0.832866 9.9991E-05 0.0313247 0.0340668 0.101643
0.753039 0.0372013 0.0213083 0.109314 0.0791375
0.81172 9.9982E-05 9.9982E-05 0.0696616 0.118419
0.768766 0.0513908 0.110496 0.0666889 0.0026582
0.741661 9.9991E-05 0.0241956 0.167043 0.0670006
9.999E-05 0.0917419 0.320012 0.432248 0.155899
9.9982E-05 0.14968 0.508703 0.341417 9.9982E-05
9.999E-05 0.113075 0.251277 0.532898 0.10265
0.0531724 0.195857 0.320502 0.36021 0.0702585
0.0627376 0.187268 0.4082 0.230794 0.111001
0.120517 0.0940448 0.600827 0.156429 0.0281822
9.999E-05 0.140773 0.498228 0.298906 0.0619924
0.102598 0.10882 0.446178 0.342304 9.9991E-05
0.000399476 0.0863917 0.0591353 0.715947 0.138127
9.999E-05 0.119995 0.460052 0.295723 0.12413
0.0519874 0.11337 0.436344 0.249312 0.148988
0.0372132 0.0440733 0.642825 0.192932 0.0829574
9.999E-05 0.130939 0.299492 0.408649 0.16082
0.139825 0.159439 0.588337 0.112299 9.9991E-05
0.0746304 0.084114 0.527883 0.242189 0.071184
0.0312068 0.102322 0.198832 0.544888 0.122751
9.9991E-05 0.253027 0.23031 0.412783 0.10378
0.00628501 0.0896243 0.228603 0.412353 0.263135
0.834944 0.0898695 0.0749863 9.9982E-05 9.9982E-05
0.838945 0.0551461 0.105709 9.9982E-05 9.9982E-05
0.810028 9.9973E-05 0.189672 9.9973E-05 9.9973E-05
0.717464 0.0702332 0.184991 0.0272116 9.9991E-05
0.0466018 0.014947 0.67755 0.0999593 0.160942
0.097277 0.0905604 0.57248 0.136228 0.103455
0.0441275 9.9991E-05 0.775079 0.0609156 0.119777
0.0988463 9.9991E-05 0.275152 0.534704 0.0911974
0.00143542 0.0214405 0.490493 9.9991E-05 0.486531
0.0975723 0.0113084 0.60675 0.153919 0.130451
0.0581553 0.0360368 0.825008 9.9991E-05 0.0806999
0.149993 9.9991E-05 0.648102 0.0755583 0.126246
0.183907 0.0464321 0.670439 0.0331611 0.0660614
9.9982E-05 9.9982E-05 0.352351 0.207515 0.439934
0.0704059 0.113956 0.611589 0.0771325 0.126916
0.106633 0.0916538 0.658861 9.9991E-05 0.142753
0.161484 0.0110373 0.632629 0.0694029 0.125447
0.000124045 9.9982E-05 0.572427 9.9982E-05 0.427249
0.133185 0.0260037 0.726739 0.000315472 0.113757
0.15307 0.0296986 0.644311 0.0635672 0.109353
0.0751018 9.9982E-05 9.9982E-05 0.0497198 0.874978
9.9991E-05 0.01392 0.241753 0.547903 0.196324
0.0518229 0.0584387 0.125673 0.18832 0.575745
0.0855211 0.108259 0.569723 0.180961 0.0555361
0.0669809 0.248658 0.514776 0.157938 0.0116471
0.0700015 0.134436 0.572954 0.0757163 0.146892
0.0855005 0.0162835 0.252392 0.388729 0.257095
0.0345477 0.0798014 0.560004 0.325547 9.9991E-05
0.11423 0.13048 0.526156 0.113855 0.115279
0.149038 9.9991E-05 0.449951 0.190242 0.210669
0.20328 0.0554174 0.121111 0.355572 0.264621
0.174534 9.9991E-05 0.70158 0.0296052 0.0941811
0.098631 0.0587047 0.48212 0.304802 0.0557426
0.0263978 9.9991E-05 0.123855 0.565738 0.283909
9.9991E-05 0.0546135 0.581605 0.225725 0.137957
9.9991E-05 0.105392 0.639555 0.0272972 0.227656
0.0980149 0.150239 0.550909 0.0870354 0.113801
0.0543778 0.015808 0.405375 0.211097 0.313342
0.0135462 0.132468 0.541836 0.157045 0.155105
0.0605813 0.0554821 0.561218 0.144321 0.178397
0.0154345 0.000597491 0.329963 0.39121 0.262796
9.9982E-05 9.9982E-05 0.737314 0.0870796 0.175406
9.9982E-05 9.9982E-05 0.406252 0.180654 0.412894
0.0405841 0.0991883 0.619565 0.101477 0.139185
9.9982E-05 9.9982E-05 0.217 0.00725912 0.77554
9.9982E-05 9.9982E-05 0.180202 0.0710703 0.748527
9.9982E-05 9.9982E-05 0.509781 0.0426992 0.447319
0.00738022 0.0291812 0.589966 0.116998 0.256474
0.146757 9.9991E-05 0.711511 0.00342287 0.138209
0.00198136 9.9991E-05 0.621403 0.127287 0.249229
0.044505 9.9991E-05 0.404832 0.252675 0.297888
0.0609884 9.9991E-05 0.41553 0.309895 0.213487
0.149562 0.100541 0.54954 0.0829734 0.117384
0.0323992 9.9991E-05 0.548699 0.137534 0.281268
0.0610725 0.00411628 0.603946 0.146021 0.184844
9.9973E-05 9.9973E-05 0.632933 9.9973E-05 0.366767
9.9982E-05 9.9982E-05 0.162018 0.0876827 0.750099
0.0407336 0.0627508 0.671425 0.0704301 0.154661
0.823254 0.0714863 0.051408 0.0537519 9.9991E-05
0.92438 9.9973E-05 0.07532 9.9973E-05 9.9973E-05
0.874333 0.0480692 0.0773979 9.9982E-05 9.9982E-05
0.932736 0.0110517 0.0560124 9.9982E-05 9.9982E-05
0.884958 9.9973E-05 0.114742 9.9973E-05 9.9973E-05
0.928861 0.0106388 0.0522238 9.9991E-05 0.00817643
0.917966 0.0340535 0.0477807 9.9982E-05 9.9982E-05
0.118737 0.142645 0.552911 0.119512 0.066196
9.9991E-05 0.120968 0.600751 0.107363 0.170819
9.9982E-05 9.9982E-05 0.301597 0.180473 0.51773
0.0740407 0.135021 0.587437 0.145489 0.0580117
0.0454741 9.9991E-05 0.619811 0.176457 0.158158
0.114664 9.9982E-05 0.786305 9.9982E-05 0.0988314
0.0298583 0.0447508 0.619551 9.9991E-05 0.30574
0.0166926 0.0154544 0.700391 9.9991E-05 0.267362
0.025283 9.9991E-05 0.161774 0.267144 0.5457
0.20162 0.0535996 0.588813 0.0439261 0.112041
0.0857459 0.0440552 0.768005 0.0590651 0.0431286
0.0191084 0.174668 0.541244 0.123407 0.141572
0.0714936 9.9982E-05 0.430887 9.9982E-05 0.497419
0.0500513 0.00739486 0.681299 9.9991E-05 0.261155
0.0426869 0.024561 0.625828 0.126077 0.180847
9.9991E-05 0.0337268 0.552128 0.0351064 0.378938
0.098212 9.9991E-05 0.544487 0.124198 0.233003
0.11889 0.0594325 0.617436 0.0945804 0.109661
9.9991E-05 0.0558576 0.311769 0.322481 0.309793
0.146566 0.0401157 0.457912 0.355306 9.9991E-05
0.103915 0.0872577 0.571547 0.146624 0.0906568
0.11398 0.0857587 0.663892 0.136269 9.9991E-05
0.0409235 0.0583955 0.547925 0.352656 9.9991E-05
0.0761721 0.00811976 0.69551 0.220098 9.9991E-05
0.0454412 0.0193119 0.540438 0.394708 9.9991E-05
0.00872366 0.078573 0.593597 0.186173 0.132933
0.0188368 0.150732 0.592519 0.186533 0.0513788
0.0524506 0.0126909 0.633803 0.223688 0.0773676
0.0170318 9.9982E-05 0.623255 0.359514 9.9982E-05
0.0233569 0.17281 0.556313 0.217335 0.0301846
0.113169 0.0729688 0.634726 0.139097 0.04004
9.9991E-05 0.12193 0.577922 0.268682 0.031365
0.0713478 0.0761641 0.570421 0.118873 0.163194
9.9991E-05 0.154694 0.547375 0.243461 0.0543692
0.180448 0.0523713 0.358072 0.294988 0.114121
9.9991E-05 0.127154 0.648991 0.208985 0.0147704
0.0566225 0.0458022 0.681494 0.141699 0.0743827
9.9991E-05 0.0756301 0.25032 0.450942 0.223008
9.9991E-05 0.100483 0.149117 0.33643 0.413871
0.127006 0.0628736 0.549859 0.216155 0.0441065
9.9991E-05 0.114411 0.112749 0.28465 0.488089
0.0323143 9.9991E-05 0.338509 0.450473 0.178604
9.9991E-05 0.0102039 0.48816 0.404669 0.0968666
0.0146392 9.9991E-05 0.457118 0.481678 0.0464652
0.0134852 0.0290902 0.345316 0.499171 0.112938
0.0927683 0.0636001 0.638064 0.0791481 0.126419
0.082763 0.0909422 0.556797 0.137453 0.132045
0.0887296 0.0240799 0.576739 0.216318 0.094134
9.9991E-05 0.167738 0.110466 0.410489 0.311207
0.164042 0.165691 0.458926 0.0684198 0.142921
0.0385159 0.165204 0.535561 0.0857772 0.174942
0.163024 9.9991E-05 0.0770858 0.181709 0.578081
0.16204 0.0337305 0.721088 9.9991E-05 0.0830418
0.0891148 0.0789095 0.359733 0.171736 0.300507
0.0831143 0.172181 0.441213 0.197847 0.105645
0.121736 0.0298474 0.291447 0.171127 0.385843
0.142 9.9991E-05 0.242138 0.147397 0.468366
0.0453918 9.9991E-05 0.528651 0.128241 0.297616
0.0935931 0.0770755 0.502753 0.14273 0.183849
0.092838 0.106894 0.470566 0.100839 0.228863
0.0323183 0.241637 0.0623117 0.105227 0.558506
0.0277923 0.179656 0.609134 0.0285916 0.154826
9.9982E-05 9.9982E-05 0.469859 0.123419 0.406521
0.0132772 0.01372 0.604474 0.181314 0.187215
0.247739 0.0296072 0.662264 9.9991E-05 0.06029
0.35116 0.28814 0.112455 0.00593775 0.242307
0.599656 0.157822 9.9982E-05 9.9982E-05 0.242321
0.514618 0.162343 9.9982E-05 9.9982E-05 0.322839
0.432102 0.35087 9.9991E-05 0.0807112 0.136217
0.00815101 0.0963129 0.648149 0.0167427 0.230644
0.168847 0.049088 0.589732 0.103774 0.0885603
9.9973E-05 0.735347 0.264353 9.9973E-05 9.9973E-05
0.0265069 0.494805 0.335437 0.143151 9.9991E-05
0.118139 0.439328 0.383567 0.0379388 0.021028
0.0249061 0.0481862 0.368945 0.0595833 0.49838
0.0628277 0.152616 0.494127 0.0880117 0.202417
0.0470727 0.0519092 0.263154 9.9991E-05 0.637764
0.050003 0.0623804 0.629785 0.0529158 0.204916
0.0028593 0.100601 0.490149 0.115251 0.29114
0.0377913 0.0549425 0.671954 0.0225828 0.212729
9.9982E-05 9.9982E-05 0.283559 0.175568 0.540673
0.0606043 0.123136 0.626902 0.108451 0.0809063
0.126293 0.0547631 0.601419 0.0427168 0.174808
9.9982E-05 0.948324 0.0216008 9.9982E-05 0.0298756
9.9982E-05 0.89567 0.0646055 0.0395246 9.9982E-05
0.0380971 0.550234 0.392736 0.0188324 9.9991E-05
9.9973E-05 0.705957 0.293743 9.9973E-05 9.9973E-05
9.9982E-05 0.758859 0.21673 0.0242114 9.9982E-05
9.997E-05 0.9996 9.997E-05 9.997E-05 9.997E-05
9.9973E-05 0.939742 9.9973E-05 0.0599585 9.9973E-05
9.9973E-05 0.93942 0.0602797 9.9973E-05 9.9973E-05
9.9973E-05 0.961641 9.9973E-05 0.0380593 9.9973E-05
9.997E-05 0.9996 9.997E-05 9.997E-05 9.997E-05
9.997E-05 0.9996 9.997E-05 9.997E-05 9.997E-05
0.0998741 0.726865 0.173061 9.9982E-05 9.9982E-05
9.9991E-05 0.828999 0.103652 0.0492288 0.0180198
9.9973E-05 0.9958 9.9973E-05 9.9973E-05 0.00390021
0.0371847 0.519433 0.262802 0.0952391 0.0853407
0.0361245 0.687663 0.200416 0.0756964 9.9991E-05
0.0684142 0.758643 0.113908 0.058935 9.9991E-05
9.9982E-05 0.886247 0.0382677 0.0752857 9.9982E-05
9.997E-05 0.9996 9.997E-05 9.997E-05 9.997E-05
0.0160414 0.918806 0.064953 9.9982E-05 9.9982E-05
9.997E-05 0.9996 9.997E-05 9.997E-05 9.997E-05
0.0351096 0.584714 0.290096 0.0899801 9.9991E-05
0.00445584 0.914439 9.9991E-05 0.0801802 0.000825206
0.398608 0.0746833 9.9982E-05 9.9982E-05 0.526509
0.196116 0.193301 0.355519 0.185322 0.0697425
0.288229 0.0474976 0.461716 0.0532519 0.149306
0.317051 0.173025 0.0870982 9.9991E-05 0.422726
0.208583 0.209222 0.400106 0.018821 0.163268
0.31276 0.126209 0.188505 9.9991E-05 0.372426
0.177085 0.105308 0.442559 0.0642068 0.210841
0.184497 0.212883 0.308769 9.9991E-05 0.293751
0.143569 0.197121 0.460669 0.0562245 0.142417
0.181204 0.277691 0.3582 9.9991E-05 0.182804
0.196763 0.179498 0.430065 0.0865341 0.10714
0.856494 9.9982E-05 0.0619854 0.081321 9.9982E-05
0.931277 0.0486173 9.9982E-05 9.9982E-05 0.0199053
0.993313 9.9982E-05 0.0039836 0.00250338 9.9982E-05
0.94418 9.9982E-05 0.009628 0.0459925 9.9982E-05
0.880813 0.0153275 0.0299205 0.073839 9.9991E-05
0.906368 0.0779358 9.9982E-05 9.9982E-05 0.0154959
0.882402 0.103937 0.0134608 9.9982E-05 9.9982E-05
0.939292 9.9982E-05 0.0174602 9.9982E-05 0.043048
0.927295 0.033224 0.0392813 9.9982E-05 9.9982E-05
0.872246 0.0965663 9.9982E-05 9.9982E-05 0.0309882
0.600451 9.9982E-05 9.9982E-05 0.269717 0.129632
0.562158 0.0354401 9.9991E-05 0.359277 0.043025
0.576201 9.9982E-05 9.9982E-05 0.299467 0.124132
0.50395 9.9991E-05 0.017444 0.290144 0.188362
0.0578453 9.9991E-05 0.683607 0.104811 0.153637
0.042407 0.0129931 0.669058 0.0847938 0.190748
0.0385745 0.0445484 0.690004 0.188891 0.0379821
0.102317 9.9991E-05 0.53739 0.232615 0.127579
9.9982E-05 9.9982E-05 0.269967 0.605439 0.124394
0.0725319 0.0464814 0.770165 0.004802 0.10602
0.00699895 0.0304282 0.6857 0.0892489 0.187624
9.9991E-05 0.0353027 0.607856 0.133761 0.22298
9.9982E-05 0.0193063 0.58969 9.9982E-05 0.390804
0.0799832 0.119492 0.605302 0.133865 0.0613585
9.9991E-05 0.0126465 0.535253 0.143734 0.308267
9.9982E-05 9.9982E-05 0.0608064 0.137258 0.801736
0.164049 9.9991E-05 0.644837 0.129764 0.0612496
0.0395089 0.0167926 0.362221 0.00587955 0.575598
0.0175763 0.0244943 0.6776 0.031495 0.248835
9.9982E-05 9.9982E-05 0.310459 0.272848 0.416493
0.148868 0.00630216 9.9991E-05 0.788276 0.0564539
0.104156 0.0320148 0.0357326 0.769793 0.058303
0.0301389 0.00124013 0.00497564 0.870092 0.0935532
0.108407 9.9982E-05 9.9982E-05 0.85998 0.0314129
9.9991E-05 0.0427113 0.0407342 0.811135 0.105319
0.0897808 0.0684477 0.0252434 0.776663 0.0398646
0.86551 0.0679343 0.0663562 9.9982E-05 9.9982E-05
0.82648 0.0721517 0.0108151 0.0904537 9.9991E-05
0.785838 0.144731 0.0692308 9.9982E-05 9.9982E-05
0.742077 0.159248 0.00872385 0.0898513 9.9991E-05
0.791845 0.0795918 0.080614 0.0478494 9.9991E-05
0.401219 9.9982E-05 9.9982E-05 0.580645 0.0179362
0.505564 9.9982E-05 9.9982E-05 0.363668 0.130568
0.461968 9.9991E-05 0.00568114 0.456967 0.0752839
0.83855 0.0773357 0.0544382 0.0295763 9.9991E-05
0.388375 9.9982E-05 9.9982E-05 0.522963 0.0884625
0.259175 0.44204 0.182427 0.0313468 0.0850112
0.133294 0.237201 0.516884 0.112521 9.9991E-05
0.147065 0.388516 0.464219 9.9982E-05 9.9982E-05
0.248908 0.293457 0.271946 0.0816404 0.104049
0.217473 0.190017 0.523229 0.0691808 9.9991E-05
0.475565 0.340832 9.9982E-05 9.9982E-05 0.183403
0.0246898 0.00461136 0.553671 0.38836 0.0286679
9.9991E-05 0.0703391 0.378079 0.19867 0.352812
0.0882533 0.0113721 0.32115 0.57529 0.00393508
9.9991E-05 0.0586053 0.577526 0.149231 0.214537
9.9973E-05 9.9973E-05 9.9973E-05 0.194007 0.805693
0.0648431 0.0745835 0.558087 0.166753 0.135734
0.0417961 0.0764802 0.479459 0.251669 0.150596
9.9982E-05 9.9982E-05 0.404752 0.45953 0.135518
0.128506 0.06754 0.604359 0.163387 0.0362078
9.9991E-05 0.000519661 0.215468 0.313984 0.469928
0.0408957 0.087337 0.493078 0.0473759 0.331314
9.9991E-05 0.0616328 0.550524 0.310953 0.0767904
0.138186 0.21648 0.447802 0.0998417 0.0976909
9.9991E-05 0.0213281 0.467413 0.25626 0.254899
0.0500991 0.013788 0.521794 0.261059 0.15326
9.9991E-05 0.0763609 0.592738 0.201831 0.128971
0.0747766 0.0189979 0.596571 0.170825 0.138829
0.0252548 0.164126 0.618153 0.139492 0.0529745
0.0578257 0.044451 0.695919 0.165178 0.0366257
0.0271596 0.0853635 0.634193 0.190897 0.0623868
0.782963 0.123321 0.0935163 9.9982E-05 9.9982E-05
0.85381 0.0324588 0.0575578 9.9991E-05 0.0560731
0.819122 9.9991E-05 0.0180027 0.100331 0.0624446
0.816613 0.0526905 0.000349201 0.0698794 0.060468
0.882431 0.0213291 0.0960397 9.9982E-05 9.9982E-05
9.9991E-05 0.0757926 0.16899 0.621256 0.133861
0.0507806 0.100095 0.570998 0.220439 0.0576882
0.199911 0.174961 0.496976 9.9991E-05 0.128052
0.0433713 0.0431044 0.749743 0.163682 9.9991E-05
0.0419039 0.0398829 0.555095 0.27121 0.0919078
0.00671436 0.0913192 0.301302 0.430039 0.170625
0.151087 9.9991E-05 0.0496379 0.632469 0.166706
0.0185646 0.105696 0.552876 0.287595 0.0352678
0.0511938 0.0167882 0.264221 0.521846 0.145952
0.0848042 0.0328798 0.508163 0.181762 0.192391
0.137972 0.0575392 0.138663 0.541463 0.124363
0.0986048 0.0835639 0.615106 0.202626 9.9991E-05
0.0673349 0.0357344 0.286979 0.539878 0.0700741
0.0438294 0.132258 0.338255 0.314136 0.171521
0.00304094 0.136797 0.513331 0.17202 0.174811
0.0760324 0.0120932 0.354659 0.147377 0.409838
0.10491 0.0891649 0.550006 0.173021 0.0828983
0.142683 0.0599001 0.603592 0.0494927 0.144332
0.0437562 9.9991E-05 0.42002 0.130324 0.4058
0.0816142 0.160223 0.416824 0.0398645 0.301474
0.0731341 0.0446082 0.591885 0.0235497 0.266823
9.9982E-05 9.9982E-05 0.203999 0.120073 0.675729
0.0368975 9.9982E-05 0.339384 9.9982E-05 0.623519
0.0469792 0.0222618 0.568032 0.0404684 0.322259
0.0196252 9.9991E-05 0.275756 0.101469 0.60305
0.0144609 9.9991E-05 0.631694 0.159274 0.194471
9.9991E-05 0.00850816 0.195967 0.591386 0.204039
9.9991E-05 0.0319795 0.311154 0.35116 0.305607
0.0200576 0.11286 0.359438 0.465831 0.0418125
0.0044945 0.0813916 0.686002 0.220683 0.00742907
9.9991E-05 0.0392401 0.263552 0.533628 0.163479
0.0428582 0.0985112 0.526925 0.249492 0.0822134
0.0184882 0.161667 0.521856 0.260282 0.0377074
0.0105279 0.155215 0.582793 0.232582 0.0188821
0.0785203 0.0571409 0.589496 0.274743 9.9991E-05
9.9982E-05 0.0623658 0.576092 0.361342 9.9982E-05
9.9991E-05 0.0983624 0.267021 0.588563 0.0459529
9.9991E-05 0.145353 0.333968 0.447445 0.0731347
9.9982E-05 0.100624 0.687076 0.2121 9.9982E-05
0.0760831 0.056816 0.738101 0.0918068 0.0371933
0.0614471 0.0109619 0.453376 0.269423 0.204791
9.9991E-05 0.162392 0.483318 0.279247 0.0749423
0.0890096 0.0833563 0.389587 0.384576 0.0534706
0.0198215 0.0505603 0.626712 0.302806 9.9991E-05
0.0663114 0.00105399 0.608819 0.261097 0.0627193
0.12806 0.0995846 0.570122 0.114712 0.0875206
0.344106 0.18218 0.403437 0.0168069 0.0534697
0.115892 0.314137 0.414562 0.0230911 0.132318
0.0923147 0.18316 0.6337 0.0879704 0.00285512
0.112468 0.134003 0.545684 0.0778014 0.130043
0.189422 0.290185 0.468276 9.9991E-05 0.0520168
9.9991E-05 0.0640644 0.473997 0.267713 0.194126
0.24746 0.0602437 0.622345 0.0304655 0.0394856
0.31344 0.149424 0.0246214 0.0212122 0.491303
0.135976 0.287593 0.447801 0.0953176 0.0333111
0.0813654 0.312072 0.486685 0.025365 0.0945126
0.0947683 0.281857 0.378894 0.137305 0.107176
0.285448 0.0897742 0.36132 0.0413378 0.222121
0.238462 0.142813 0.544923 9.9991E-05 0.0737019
0.165423 0.279737 0.50152 9.99928E-05 0.0532198
0.517745 0.18926 9.9982E-05 9.9982E-05 0.292795
0.143464 0.253099 0.544444 0.058892 9.9991E-05
0.142703 0.31598 0.498494 0.0427222 9.9991E-05
0.166524 0.107178 0.638377 0.0658253 0.0220952
0.206627 0.192622 0.594639 0.00601217 9.9991E-05
0.185617 0.21094 0.488599 0.109688 0.00515709
0.0233085 0.0712571 0.533952 0.0399031 0.331579
0.191061 0.0121789 0.614984 0.00651133 0.175265
9.9982E-05 9.9982E-05 0.162995 0.111853 0.724952
9.9982E-05 9.9982E-05 0.126817 0.0417175 0.831266
0.0717247 0.0978854 0.585379 0.00987324 0.235138
0.107285 0.400594 0.340849 9.9991E-05 0.151173
0.108843 0.42268 0.290452 9.9991E-05 0.177925
0.193646 0.402414 0.140571 9.9991E-05 0.263268
0.189457 0.25554 0.375574 0.0168512 0.162578
0.119597 0.140761 0.0796886 9.9991E-05 0.659853
0.123366 0.156022 0.142384 9.9991E-05 0.578128
9.9982E-05 0.154128 0.590636 9.9982E-05 0.255035
0.057931 0.171931 0.43166 9.9991E-05 0.338378
0.0595623 0.191861 0.255994 9.9991E-05 0.492483
0.0720811 0.141434 0.537193 9.9991E-05 0.249192
0.027469 0.201467 0.505255 9.9991E-05 0.265709
0.0849816 0.115322 0.552107 0.127075 0.120514
9.9982E-05 9.9982E-05 0.4494 0.0948216 0.455579
0.0795601 0.0510869 0.430923 0.042044 0.396386
0.0617371 0.0589369 0.59659 0.0184343 0.264302
0.0949139 0.0891111 0.369019 0.125023 0.321933
0.0732833 0.161554 0.41276 0.0974897 0.254912
0.0177343 0.0128175 0.593475 9.9991E-05 0.375873
9.9991E-05 0.00535395 0.316668 0.079194 0.598685
0.020166 0.090148 0.583012 9.9991E-05 0.306574
0.0763725 0.1041 0.548892 0.115741 0.154895
9.9991E-05 0.0562857 0.274979 0.0589476 0.609688
0.0082312 0.0385878 0.531098 9.9991E-05 0.421983
0.0677803 0.053791 0.620411 0.0565965 0.201421
0.0183599 0.0531154 0.561095 0.00482117 0.362608
0.125838 0.305379 0.485168 9.9991E-05 0.0835152
0.0925521 0.197924 0.384629 0.211302 0.113593
0.187938 0.322643 0.297373 0.0782068 0.113839
0.133481 0.315469 0.27764 0.111167 0.162243
0.169722 0.179689 0.470697 0.107068 0.0728244
0.21285 0.147839 0.527165 9.9991E-05 0.112046
0.198798 0.199435 9.9982E-05 9.9982E-05 0.601567
0.150655 0.213752 0.620356 9.9991E-05 0.0151371
0.422414 0.184873 9.9982E-05 9.9982E-05 0.392513
0.0363468 0.267702 0.533518 9.9991E-05 0.162333
9.9973E-05 9.9973E-05 0.230171 9.9973E-05 0.769529
9.9982E-05 0.0207133 9.9982E-05 0.0419057 0.937181
9.9991E-05 0.0315262 0.597408 0.00346471 0.367501
9.9982E-05 0.0363885 0.700591 9.9982E-05 0.262821
9.9973E-05 9.9973E-05 0.565204 9.9973E-05 0.434496
9.9982E-05 0.0417672 0.561421 9.9982E-05 0.396611
9.9982E-05 0.0449144 0.62376 9.9982E-05 0.331126
0.833048 0.0278267 0.138926 9.9982E-05 9.9982E-05
0.724942 0.12185 9.9991E-05 0.100284 0.0528236
0.923254 0.0435756 9.9982E-05 0.0329707 9.9982E-05
0.966868 9.9982E-05 0.0219188 9.9982E-05 0.0110128
9.9991E-05 0.0864573 0.560364 0.106109 0.24697
0.0730764 0.00692108 0.624723 0.102486 0.192794
9.9982E-05 9.9982E-05 0.718324 0.121437 0.160039
0.130546 0.00489952 0.64339 0.0634614 0.157704
0.0770857 0.0831731 0.583669 0.149986 0.106086
0.0414694 9.9991E-05 0.442014 0.181256 0.335161
9.9991E-05 0.0397919 0.739192 0.047405 0.173511
9.9982E-05 9.9982E-05 0.549433 0.043237 0.40713
0.254298 0.258517 0.397124 0.0326307 0.057431
9.9991E-05 0.0480525 0.555931 0.113167 0.28275
9.9982E-05 9.9982E-05 0.575392 0.141451 0.282957
0.00157301 9.9991E-05 0.677948 0.0837002 0.236679
0.0171409 9.9991E-05 0.600815 0.0520883 0.329856
9.9982E-05 0.061209 0.672458 9.9982E-05 0.266133
0.0584127 0.0257455 0.717058 0.018112 0.180672
9.9973E-05 9.9973E-05 0.316152 9.9973E-05 0.683548
0.0287939 9.9982E-05 0.493381 9.9982E-05 0.477625
9.9991E-05 0.0202062 0.510033 0.081187 0.388474
9.9973E-05 9.9973E-05 0.0947261 9.9973E-05 0.904974
0.118009 9.9991E-05 0.622358 0.11494 0.144593
9.9982E-05 9.9982E-05 0.28728 0.0442315 0.668289
0.00178512 9.9991E-05 0.141009 0.0559916 0.801114
0.0826033 0.00633936 0.736344 0.052964 0.12175
0.0303938 9.9991E-05 0.400617 0.0828779 0.486011
0.00902545 0.045466 0.576029 0.227887 0.141592
0.118558 0.0804134 0.663168 0.00241297 0.135448
0.003987 9.9991E-05 0.735613 0.170234 0.0900661
9.9991E-05 0.141368 0.377017 0.327398 0.154117
0.0275411 9.9991E-05 0.655015 0.0933085 0.224035
0.0789424 0.0377141 0.598603 0.0943487 0.190392
9.9982E-05 9.9982E-05 0.503909 0.0218364 0.474054
0.11336 0.0483358 0.640302 0.000457704 0.197545
0.646212 0.00762916 0.00311335 0.28426 0.058786
0.771183 0.0117861 0.0487557 0.0982341 0.0700412
0.832734 9.9982E-05 9.9982E-05 0.100036 0.0670307
0.817913 9.9982E-05 9.9982E-05 0.181018 0.000869549
0.772601 9.9991E-05 0.00183706 0.20759 0.0178721
0.0339951 9.9991E-05 0.35827 0.242171 0.365464
0.0174752 9.9991E-05 0.363575 0.152727 0.466122
9.9973E-05 9.9973E-05 0.368876 9.9973E-05 0.630824
0.109052 0.141245 0.633037 0.0702715 0.0463947
0.152745 9.9991E-05 0.717944 0.0551151 0.0740954
0.0605724 9.9982E-05 0.500336 9.9982E-05 0.438892
0.000814101 0.117953 0.623542 9.9991E-05 0.257591
0.0842766 0.0113816 0.563684 9.9991E-05 0.340557
0.00541801 9.9991E-05 0.73161 0.0904858 0.172386
0.0694511 0.0909608 0.651236 9.9991E-05 0.188252
9.9982E-05 9.9982E-05 0.441427 0.237636 0.320736
9.9982E-05 9.9982E-05 0.610238 0.149022 0.24054
9.9982E-05 9.9982E-05 0.521484 0.191582 0.286734
0.143379 0.0796831 0.621286 0.113107 0.0425452
9.9982E-05 9.9982E-05 0.608359 0.118616 0.272825
9.9991E-05 0.0494037 0.60545 0.109023 0.236023
0.0507007 0.421945 0.476758 0.0125082 0.0380872
0.0820832 0.549065 0.313432 0.0362268 0.0191927
0.156845 0.431449 0.411507 9.9982E-05 9.9982E-05
0.171183 0.483825 0.309516 9.9991E-05 0.035376
0.146638 0.318166 0.471731 9.9991E-05 0.063365
9.9982E-05 0.061036 0.619161 9.9982E-05 0.319603
0.201645 0.714422 9.9991E-05 0.0274212 0.0564118
0.140329 0.55092 0.201086 0.0336549 0.0740109
0.18352 0.174666 0.444564 0.0354499 0.1618
0.170342 0.0755404 0.559598 0.069189 0.125331
0.1944 0.0403063 0.460917 0.0866832 0.217694
0.0895652 0.113472 0.568485 0.126712 0.101767
0.186689 0.00321826 0.639259 0.0708482 0.0999859
0.20764 0.54223 0.233662 9.9991E-05 0.0163681
0.153719 0.383493 0.376548 0.0861407 9.9991E-05
0.0815191 0.553709 0.364572 9.9982E-05 9.9982E-05
0.0906044 0.447685 0.371522 9.9991E-05 0.0900887
0.0963339 0.614963 0.25172 0.0120793 0.0249029
0.108282 0.437923 0.370346 0.00486177 0.0785868
0.124868 0.611535 0.154157 0.0829933 0.0264462
0.0322827 0.477128 0.332172 0.10121 0.0572068
0.0899786 0.0366253 0.638272 0.0556639 0.179461
0.13195 0.462715 0.304732 0.100503 9.9991E-05
0.173522 0.728796 0.062757 9.9991E-05 0.0348251
0.208182 0.372035 0.327684 0.0582297 0.033869
0.192602 0.00783474 0.251051 0.308272 0.240241
0.0386653 0.131348 0.647583 0.04283 0.139574
0.237997 0.325455 0.364529 9.9991E-05 0.0719181
0.125478 0.10478 0.599681 0.0724882 0.0975728
0.212434 9.9982E-05 0.609075 9.9982E-05 0.178291
0.228169 0.284684 0.320111 0.0531102 0.113925
0.235182 0.319008 0.34757 9.9991E-05 0.0981409
0.0884423 0.22654 0.465128 0.106086 0.113803
0.13304 0.419629 0.395267 9.9991E-05 0.0519641
0.154884 0.516801 0.299322 9.9991E-05 0.0288933
0.223183 0.628847 0.1407 9.9991E-05 0.00717102
0.136165 0.103213 0.561855 0.10153 0.0972364
0.147581 9.9991E-05 0.546318 0.108507 0.197494
0.219688 0.0608821 0.20941 9.9991E-05 0.509919
0.126908 0.13281 0.660268 0.0799146 9.9991E-05
0.112184 0.0619625 0.381608 0.264953 0.179292
0.197811 0.171337 0.481305 9.9991E-05 0.149447
0.178564 0.10835 0.494106 0.152711 0.0662688
0.379395 0.206261 9.9982E-05 9.9982E-05 0.414144
0.369995 0.148839 9.9982E-05 9.9982E-05 0.480966
0.200835 0.168676 0.264938 9.9991E-05 0.36545
0.415508 0.196488 0.0360924 0.0384475 0.313464
0.53265 0.212166 9.9982E-05 9.9982E-05 0.254984
0.119124 0.16012 0.360884 0.100716 0.259156
0.285244 0.165811 0.377912 0.00905481 0.161979
0.340756 0.220982 0.141236 0.0149755 0.282051
0.335361 0.165721 0.11502 9.9991E-05 0.383798
0.187416 0.13302 0.487252 0.0189523 0.173359
0.268899 0.15888 0.204148 9.9991E-05 0.367974
0.543733 0.068876 9.9982E-05 9.9982E-05 0.387191
0.17703 0.190858 0.511985 0.0110258 0.109101
0.19217 0.283984 0.322649 0.0202701 0.180927
0.34376 0.0841956 0.508915 0.0483594 0.0147702
0.180634 0.294716 0.524449 9.9982E-05 9.9982E-05
0.140689 0.200252 0.46117 0.135658 0.0622303
0.204214 0.235584 0.522414 0.0193403 0.0184484
0.181594 0.280243 0.528897 9.9991E-05 0.0091662
0.401168 0.253859 0.327051 0.0178214 9.9991E-05
0.235739 0.23009 0.495187 0.00993896 0.0290447
0.204144 0.299082 0.496573 9.9982E-05 9.9982E-05
0.270145 0.253217 0.292051 0.078325 0.106262
0.134917 0.18221 0.305249 0.122854 0.254769
0.172267 0.14386 0.575157 0.07497 0.0337459
0.202776 0.225581 0.481961 0.0477725 0.0419097
0.122912 0.167681 0.647806 0.0609791 0.000621909
0.31274 0.25862 0.417004 0.0115356 9.9991E-05
0.244777 0.251805 0.426468 0.0583573 0.0185928
0.398204 0.243936 0.151059 9.9991E-05 0.206701
0.192674 0.259805 0.510592 0.0368284 9.9991E-05
0.356189 0.33929 0.180939 9.9991E-05 0.123482
0.807052 9.9991E-05 0.00168152 0.129023 0.0621438
0.0327597 0.00504089 0.127288 0.819533 0.0153789
0.012619 9.9973E-05 9.9973E-05 0.987081 9.9973E-05
0.00588824 9.9973E-05 9.9973E-05 0.993812 9.9973E-05
9.9973E-05 0.0275935 9.9973E-05 0.972107 9.9973E-05
9.9973E-05 0.0549862 9.9973E-05 0.944714 9.9973E-05
9.9973E-05 9.9973E-05 0.0569382 0.942762 9.9973E-05
0.0668225 9.9973E-05 9.9973E-05 0.932878 9.9973E-05
0.208777 9.9973E-05 9.9973E-05 0.790923 9.9973E-05
0.921521 0.00673519 0.0432311 0.0284127 9.9991E-05
0.785705 0.0528942 0.00159671 0.159704 9.9991E-05
0.890132 0.0504343 0.0190018 0.0250667 0.0153652
0.807025 9.9991E-05 0.00668993 0.139901 0.0462846
0.908799 0.0590047 9.9982E-05 0.0319959 9.9982E-05
0.887657 0.00420277 9.9991E-05 0.07622 0.0318199
0.771001 0.085813 0.0521166 0.0909691 9.9991E-05
0.861595 0.0597878 0.036879 0.0416379 9.9991E-05
0.762539 0.0694695 0.0409903 0.126201 0.000800082
0.929662 0.0621183 9.9991E-05 0.00189158 0.00622774
0.941516 9.9982E-05 9.9982E-05 0.0515728 0.00671103
0.862386 0.0512191 0.0216303 0.0289428 0.0358223
0.973751 9.9973E-05 9.9973E-05 0.0259492 9.9973E-05
0.918373 0.0342287 0.0437925 0.00350607 9.9991E-05
0.85081 0.057526 0.0914642 9.9982E-05 9.9982E-05
0.870074 9.9973E-05 0.129626 9.9973E-05 9.9973E-05
0.821038 0.138538 0.0402246 9.9982E-05 9.9982E-05
0.792212 0.0882889 0.119299 9.9982E-05 9.9982E-05
0.826647 0.0557646 0.117389 9.9982E-05 9.9982E-05
0.2427 0.0150794 0.435351 0.1251 0.18177
0.0965533 9.9982E-05 0.814354 9.9982E-05 0.0888926
0.146985 0.15997 0.567724 0.0861597 0.0391608
0.136127 0.0144628 0.176605 9.9991E-05 0.672705
0.213356 0.00225842 0.56752 0.14235 0.0745154
0.189638 0.0454075 0.138626 9.9991E-05 0.626229
0.125613 0.0451859 0.658699 9.9991E-05 0.170403
0.116454 9.9991E-05 0.554904 0.186323 0.142219
0.113457 0.0188593 0.67916 0.130207 0.0583163
0.0729591 9.9991E-05 0.653629 0.0142601 0.259051
0.131894 0.054359 0.508203 0.0915433 0.214001
0.168362 9.9982E-05 0.732844 9.9982E-05 0.0985943
0.101945 0.0140141 0.674705 0.150872 0.058464
9.9991E-05 0.030288 0.159363 0.513144 0.297105
0.118008 9.9991E-05 0.0321367 0.111204 0.738551
0.109503 0.0835794 0.155754 0.140536 0.510629
0.143898 0.0359755 0.692703 0.0924744 0.0349491
0.207262 0.0246002 0.57858 9.9991E-05 0.189458
0.200696 9.9982E-05 0.614222 9.9982E-05 0.184881
0.11768 0.0345032 0.732905 0.0441296 0.0707819
0.197931 0.221065 0.551833 9.9991E-05 0.0290714
0.0815948 0.239108 0.516911 0.162286 9.9991E-05
0.446329 0.212662 0.121388 0.102234 0.117388
0.144101 0.0643479 0.636134 0.128812 0.0266056
0.260805 0.196154 0.433123 0.0428565 0.0670606
0.459832 0.164252 9.9982E-05 9.9982E-05 0.375716
0.254582 0.291226 0.338518 9.9991E-05 0.115574
0.301027 0.233644 0.289442 0.107123 0.0687648
0.333947 0.0924189 0.427004 0.14653 9.9991E-05
0.0978178 0.233797 0.500462 0.140036 0.0278875
0.22497 0.186296 0.529786 0.0515653 0.00738241
0.151684 0.156862 0.608543 0.0828107 9.9991E-05
0.15206 0.236132 0.43029 9.9991E-05 0.181418
0.499375 0.205209 0.28514 9.9991E-05 0.0101762
