9.9964E-05 0.0281813 0.927446 0.0439729 9.9964E-05 9.9964E-05 9.9964E-05
0.0497787 0.027934 0.921887 9.9964E-05 9.9964E-05 9.9964E-05 9.9964E-05
9.9973E-05 0.0201182 0.821952 0.0254711 0.132159 9.9973E-05 9.9973E-05
9.9973E-05 0.0768733 0.795897 0.0668747 0.0600551 9.9973E-05 9.9973E-05
0.0623436 0.00535229 0.865169 0.0514176 0.0155174 9.9982E-05 9.9982E-05
0.0892517 0.0776685 0.620713 0.0229073 0.0403326 0.0962749 0.0528516
9.9964E-05 0.0358807 0.847851 9.9964E-05 9.9964E-05 0.115868 9.9964E-05
0.0144542 0.121002 0.690402 0.019189 9.9982E-05 0.154753 9.9982E-05
9.99729E-05 0.0796517 0.819623 9.99729E-05 9.99729E-05 0.0325255 0.0678996
0.0496705 0.00237371 0.755297 0.00497091 0.122224 0.0653641 9.9991E-05
9.9973E-05 0.12896 0.732903 9.9973E-05 0.0450928 0.0927449 9.9973E-05
0.0191863 0.529553 9.9982E-05 0.0612713 0.258763 9.9982E-05 0.131026
0.0569202 0.229459 9.9991E-05 0.083555 0.524246 0.0957464 0.00997266
0.0974355 0.418084 0.025814 0.0791368 0.229266 0.045747 0.104517
0.0508887 0.373393 9.9982E-05 0.150403 0.331833 0.0932827 9.9982E-05
0.00569869 0.223105 0.10974 0.110854 0.408089 0.121588 0.0209254
0.110566 0.226962 0.0173421 0.0948002 0.536782 0.0134477 9.9991E-05
0.00146511 0.16578 9.9991E-05 0.0721708 0.407282 0.14913 0.204072
9.999E-05 0.311519 0.115525 0.0881537 0.333273 0.0131158 0.138314
9.9982E-05 0.713609 9.9982E-05 0.0992623 0.0311218 0.101617 0.0541898
0.0838025 0.260349 0.0304607 0.0626104 0.415546 0.011612 0.135619
0.0526455 0.191522 0.00903975 0.0416601 0.421154 0.201283 0.0826963
0.067803 0.232128 0.00479774 0.0804203 0.520357 0.00774523 0.0867487
9.9982E-05 0.365911 9.9982E-05 0.125911 0.273843 0.110865 0.12327
0.0136481 0.0740591 0.0858491 0.141971 0.639949 0.0444242 9.9991E-05
0.00433671 0.206988 0.01507 0.133253 0.53403 0.0287225 0.0775995
0.00183108 0.508575 0.0471352 0.113005 0.215473 0.0164938 0.0974873
9.9982E-05 0.395463 9.9982E-05 0.135723 0.287406 0.0710731 0.110135
0.0569787 0.456804 9.9991E-05 0.0208805 0.24006 0.115824 0.109353
9.9964E-05 9.9964E-05 0.83054 0.0381558 0.130904 9.9964E-05 9.9964E-05
9.9955E-05 9.9955E-05 0.836883 9.9955E-05 0.162617 9.9955E-05 9.9955E-05
9.9964E-05 9.9964E-05 0.822774 9.9964E-05 0.147497 9.9964E-05 0.0293288
9.9973E-05 9.9973E-05 0.718782 0.126264 0.105326 9.9973E-05 0.049328
0.0256587 0.104582 0.0022125 0.039242 0.499788 0.107052 0.221464
0.0161281 0.051528 0.030421 0.114102 0.437114 9.9991E-05 0.350606
9.9973E-05 9.9973E-05 9.9973E-05 0.0115302 0.604616 0.014446 0.369108
0.0122814 0.498075 0.111081 9.9991E-05 0.227857 0.00422174 0.146384
9.999E-05 0.00336251 0.0167582 0.0878913 0.276295 0.0525407 0.563052
0.0385944 0.0908977 0.142618 0.00942957 0.495312 0.0524492 0.1707
0.00435099 9.9991E-05 0.0417385 0.00915171 0.670327 0.099467 0.174865
9.9982E-05 0.0220399 0.0883225 9.9982E-05 0.574195 0.193494 0.121749
9.999E-05 0.0656316 0.145155 0.0165534 0.630189 0.0254502 0.11692
9.9982E-05 0.151326 0.0467048 0.00705072 0.107543 9.9982E-05 0.687175
9.999E-05 0.0172808 0.0305934 0.0352024 0.582508 0.271776 0.062539
9.9982E-05 9.9982E-05 0.0737739 0.150725 0.451735 0.0964742 0.227092
0.0524513 0.0252376 0.185506 0.0240118 0.601142 9.9991E-05 0.111551
0.0397664 9.9964E-05 9.9964E-05 9.9964E-05 0.343995 9.9964E-05 0.615839
0.0577246 0.0554003 0.0548054 0.00063299 0.626278 9.9991E-05 0.205059
0.0692951 9.9991E-05 0.143205 0.107249 0.44971 0.0172589 0.213182
9.9964E-05 9.9964E-05 0.0422943 9.9964E-05 9.9964E-05 0.272964 0.684342
9.9973E-05 0.421989 9.9973E-05 9.9973E-05 0.180675 0.0966015 0.300435
0.16466 0.200838 0.00502417 0.0502046 0.0312719 0.296425 0.251576
9.9982E-05 0.268299 0.0783535 0.186947 0.435298 9.9982E-05 0.0309026
0.10266 0.107456 0.0631822 0.022285 0.623808 0.0805093 9.9991E-05
0.122497 0.0707676 0.0857346 0.0201325 0.609718 0.0910498 9.9991E-05
9.9982E-05 0.336851 0.0704787 9.9982E-05 0.180614 0.169699 0.242158
0.0280233 0.197523 9.9991E-05 0.0288724 0.613007 0.0562273 0.0762473
0.063159 0.155568 0.105305 0.0723666 0.460423 0.0405569 0.10262
0.130588 0.169196 0.117657 0.00211963 0.344029 0.103776 0.132633
0.0887871 0.332409 0.203288 0.0532153 0.0558256 0.100237 0.166237
0.0161706 0.125634 0.117223 0.0127817 0.525312 0.00829608 0.194584
0.171739 0.264772 0.110523 9.9991E-05 0.413056 0.0142746 0.0255361
9.9982E-05 0.476143 0.0541253 9.9982E-05 0.0574501 0.148938 0.263144
0.0885927 0.293649 9.9991E-05 0.0505879 0.476624 0.0190125 0.0714343
0.0996194 0.0677235 9.9991E-05 0.0956749 0.598717 0.12989 0.00827509
0.064926 0.18229 0.0248095 0.00538895 0.582994 0.0831491 0.0564426
0.123704 0.223204 0.0441322 0.042148 0.318718 0.0339303 0.214163
0.0744993 0.190282 9.9991E-05 0.0338109 0.496609 0.106489 0.0982093
0.110027 0.0992189 0.0915632 0.0404723 0.538096 9.9991E-05 0.120523
0.132438 0.358637 0.0159325 9.9991E-05 0.27385 0.0684161 0.150627
9.9964E-05 0.0455215 9.9964E-05 9.9964E-05 0.542127 9.9964E-05 0.411952
9.9973E-05 0.123228 0.015878 9.9973E-05 0.169693 9.9973E-05 0.690901
0.0833563 0.126357 0.0548527 0.0386215 0.488924 9.9991E-05 0.207788
9.9964E-05 9.9964E-05 0.0215733 9.9964E-05 9.9964E-05 0.119214 0.858813
0.0912757 0.0155387 9.9973E-05 9.9973E-05 9.9973E-05 0.0635212 0.829365
9.9964E-05 9.9964E-05 9.9964E-05 0.00779438 0.308767 9.9964E-05 0.683038
9.9973E-05 0.0648046 0.0185434 9.9973E-05 0.471942 9.9973E-05 0.44441
0.00636686 0.0839644 0.128788 9.9991E-05 0.557213 0.00747579 0.216091
0.0067158 0.0188572 0.00603408 9.9991E-05 0.490905 0.0406659 0.436722
9.9982E-05 0.186532 0.0719353 0.0105132 0.162855 9.9982E-05 0.567964
9.9973E-05 0.218633 0.00913753 9.9973E-05 0.231161 9.9973E-05 0.540769
0.0511672 0.0491792 0.100666 0.100378 0.455391 9.9991E-05 0.243118
0.00418084 0.131362 0.0483836 0.0124533 0.246571 9.9991E-05 0.556949
9.9973E-05 0.0367313 0.0511007 9.9973E-05 0.465671 9.9973E-05 0.446197
0.0123323 9.9973E-05 9.9973E-05 9.9973E-05 0.399134 0.0732103 0.515024
0.0793685 9.9973E-05 0.0160467 9.9973E-05 9.9973E-05 0.157817 0.746468
9.9991E-05 0.0574591 0.00497311 0.043704 0.562707 0.115039 0.216018
9.9982E-05 0.0299867 0.820988 0.00555679 0.133371 9.9982E-05 0.00989709
9.9955E-05 9.9955E-05 0.928032 9.9955E-05 0.0714678 9.9955E-05 9.9955E-05
9.9964E-05 9.9964E-05 0.860334 0.0590548 0.0802113 9.9964E-05 9.9964E-05
9.9973E-05 9.9973E-05 0.891518 0.0384116 0.0501308 0.0196392 9.9973E-05
0.00616416 9.9982E-05 0.895534 0.00633045 0.0818482 9.9982E-05 0.00992295
0.0216681 9.9982E-05 0.897945 0.061104 0.00868525 9.9982E-05 0.0103982
9.99551E-05 9.99551E-05 0.914676 9.99551E-05 0.0848246 9.99551E-05 9.99551E-05
9.9991E-05 0.0608952 0.0861809 0.116711 0.393971 0.0555136 0.286627
0.0230595 0.0826129 0.0703507 0.0380792 0.560785 0.109574 0.115539
0.0599316 0.0773277 0.0430285 9.9982E-05 0.0365578 9.9982E-05 0.782955
0.0171907 0.0202801 0.163728 0.0473877 0.559162 0.0678617 0.12439
9.9982E-05 0.131176 0.0182578 0.0545478 0.340437 9.9982E-05 0.455381
0.00473946 9.9982E-05 0.13057 0.0185739 0.554094 9.9982E-05 0.291822
0.120742 9.9991E-05 0.0412967 0.00853654 0.532624 0.0428185 0.253882
9.9973E-05 9.9973E-05 0.0097009 0.0256644 0.467176 9.9973E-05 0.497159
9.9964E-05 0.201535 0.0331012 9.9964E-05 9.9964E-05 9.9964E-05 0.764964
0.0735667 9.9991E-05 0.142735 0.0400556 0.597708 0.0926796 0.0531555
0.0198294 9.9991E-05 0.0644559 0.0240902 0.686878 0.0367839 0.167863
0.0182555 0.0906988 0.0973193 0.0352271 0.59229 0.00635765 0.159852
9.9973E-05 9.9973E-05 9.9973E-05 0.0258888 0.285584 0.173166 0.515062
0.0396737 9.9982E-05 9.9982E-05 0.00129985 0.514792 0.0438522 0.400182
0.00668738 0.179941 9.9982E-05 9.9982E-05 0.425829 0.0276501 0.359692
9.9964E-05 9.9964E-05 9.9964E-05 0.119836 0.274927 9.9964E-05 0.604837
9.9982E-05 0.0858815 0.0445354 9.9982E-05 0.462424 0.0785531 0.328406
0.0510072 0.105182 0.0465029 9.9991E-05 0.59277 0.0501842 0.154253
0.155824 0.37815 0.0467904 0.0308956 0.167242 0.132443 0.0886547
9.9982E-05 0.262482 0.113167 0.0362259 0.47666 0.111264 9.9982E-05
0.0820515 0.109226 0.0913745 0.034319 0.514577 0.136318 0.0321342
9.9982E-05 0.135965 0.0346567 0.061513 0.607873 9.9982E-05 0.159793
0.0986252 0.3352 0.0147708 9.9982E-05 0.523606 9.9982E-05 0.0275977
0.00924295 0.323877 9.9982E-05 0.0384312 0.620879 0.00737044 9.9982E-05
0.0897852 0.349681 0.0492489 9.9973E-05 0.510985 9.9973E-05 9.9973E-05
0.0375659 0.111941 0.0704601 0.0908914 0.535794 0.0862727 0.0670748
9.9991E-05 0.11568 0.0583307 0.0783154 0.535541 0.0790075 0.133025
0.0556548 0.20478 0.0330966 9.9991E-05 0.604749 0.021128 0.0804922
9.9973E-05 0.357248 0.00359158 9.9973E-05 0.634215 0.00464513 9.9973E-05
0.0422563 0.173854 0.0416384 0.0463207 0.659254 0.0365766 9.9991E-05
0.157399 0.126438 0.110935 0.113404 0.438938 0.048374 0.00451166
0.0650706 0.245166 9.9982E-05 0.099516 0.5316 9.9982E-05 0.0584471
0.0105616 0.182996 0.0902343 0.0270522 0.521798 0.140965 0.0263942
0.0984644 0.16212 0.0254257 0.0723406 0.557361 0.084188 9.9991E-05
0.0747259 0.257614 0.133831 0.0127554 0.381247 0.100986 0.0388408
0.0589264 0.188739 9.9982E-05 0.00663939 0.700683 9.9982E-05 0.0448127
0.131576 0.0901082 9.9973E-05 9.9973E-05 0.726645 0.0513702 9.9973E-05
0.0975229 0.447705 9.9982E-05 0.0947439 0.252649 9.9982E-05 0.10718
0.0786501 0.257915 9.9991E-05 0.100597 0.111777 0.293167 0.157794
9.9991E-05 0.20746 0.0449773 0.100689 0.462164 0.128231 0.0563787
0.194752 0.370398 9.9991E-05 0.0347458 0.0757335 0.142146 0.182125
0.115427 0.49794 0.0204464 9.9982E-05 0.244165 9.9982E-05 0.121822
0.092025 0.321236 0.000789124 9.9982E-05 0.415037 9.9982E-05 0.170713
0.047272 0.43147 9.9973E-05 9.9973E-05 0.338745 9.9973E-05 0.182213
0.0311838 0.48509 9.9982E-05 9.9982E-05 0.280584 0.140476 0.0624664
0.00927898 0.0557297 0.0631408 0.0723531 0.57737 0.141579 0.0805488
0.0463579 0.150132 0.0308991 0.0813377 0.524615 0.108634 0.0580238
0.0889279 0.24328 0.0309188 0.0157609 0.573278 0.0477348 9.9991E-05
0.0984451 0.353887 9.9991E-05 0.0799378 0.152875 0.205117 0.109638
0.00307847 9.9991E-05 0.202366 0.0181843 0.583353 0.0899851 0.102933
0.0711775 9.9991E-05 0.0911478 0.0464832 0.485709 0.144871 0.160512
0.251661 0.0970556 0.129745 9.9982E-05 9.9982E-05 0.407152 0.114186
0.111357 9.9991E-05 0.0831686 0.118665 0.521879 0.0501465 0.114683
0.165652 0.00937012 0.0754188 0.0444407 0.295611 0.250127 0.159382
0.0394802 0.105693 0.0733637 0.0319729 0.497459 0.251931 9.9991E-05
0.0726904 0.17135 0.0924931 9.9991E-05 0.252688 0.355461 0.0552174
0.130245 0.140435 0.0601808 9.9991E-05 0.181574 0.376037 0.111428
0.0734097 0.0876689 0.0382652 9.9991E-05 0.459438 0.187354 0.153764
0.0353412 0.0505569 0.0981474 9.9991E-05 0.452747 0.301887 0.0612205
0.0360995 0.142487 0.131031 0.0449978 0.396327 0.197419 0.0516381
0.0258533 0.15221 9.9982E-05 0.19755 9.9982E-05 0.393496 0.230691
0.0306668 0.0881732 0.106599 0.0783972 0.533096 0.140927 0.0221403
0.0507217 0.143405 9.9982E-05 9.9982E-05 0.318959 0.301323 0.185392
0.128922 0.082653 9.9991E-05 0.0160047 0.445379 0.105214 0.221727
0.11971 0.0720926 0.084731 0.068894 0.514813 0.0763281 0.0634318
9.9991E-05 0.00338808 0.286678 0.279956 0.132188 0.276847 0.0208427
9.9964E-05 9.9964E-05 0.506917 0.113741 9.9964E-05 0.378943 9.9964E-05
9.9964E-05 9.9964E-05 0.399361 0.159517 9.9964E-05 0.440722 9.9964E-05
9.9973E-05 0.0428869 0.31618 0.413563 9.9973E-05 0.227071 9.9973E-05
9.9964E-05 9.9964E-05 9.9964E-05 9.9964E-05 0.644074 0.221118 0.134408
9.9991E-05 0.16668 0.0110733 0.107301 0.455957 0.197462 0.0614279
9.9964E-05 0.0303644 9.9964E-05 0.644674 0.324562 9.9964E-05 9.9964E-05
0.111624 0.114655 0.0489579 0.484172 0.240391 9.9982E-05 9.9982E-05
0.182017 0.0738585 0.033749 0.360671 0.297773 0.0237182 0.0282127
0.119347 0.0435079 9.9982E-05 9.9982E-05 0.310894 0.432981 0.0930703
0.0508779 9.9982E-05 0.0495376 9.9982E-05 0.515288 0.200528 0.183568
0.141947 0.0300701 9.9982E-05 9.9982E-05 0.205788 0.54736 0.0746348
0.027125 0.0083584 0.0257643 9.9991E-05 0.564389 0.255796 0.118467
0.0495658 0.115308 9.9982E-05 9.9982E-05 0.474656 0.199213 0.161057
0.00127833 0.0585472 0.0209672 0.00756354 0.608732 0.237168 0.0657438
0.144062 0.0726643 9.9982E-05 9.9982E-05 0.179489 0.490471 0.113113
0.127782 0.0209463 0.0700005 0.0897669 0.615015 0.0763893 9.9991E-05
9.9982E-05 9.9982E-05 0.0374195 0.157041 0.480695 0.153415 0.17123
9.9964E-05 9.9964E-05 9.9964E-05 0.970612 0.0179036 9.9964E-05 0.0110848
9.9964E-05 9.9964E-05 9.9964E-05 0.902619 0.0817177 9.9964E-05 0.0152639
9.9991E-05 0.0378637 0.0729435 0.518772 0.32237 0.0107722 0.0371791
0.0368103 9.9964E-05 9.9964E-05 0.706792 0.255998 9.9964E-05 9.9964E-05
9.9955E-05 9.9955E-05 9.9955E-05 0.80787 0.19163 9.9955E-05 9.9955E-05
9.995E-05 9.995E-05 9.995E-05 0.9994 9.995E-05 9.995E-05 9.995E-05
9.9955E-05 0.0424213 9.9955E-05 0.957079 9.9955E-05 9.9955E-05 9.9955E-05
0.0196112 9.9964E-05 9.9964E-05 0.808508 0.171481 9.9964E-05 9.9964E-05
9.9955E-05 0.0194749 9.9955E-05 0.980025 9.9955E-05 9.9955E-05 9.9955E-05
9.9955E-05 9.9955E-05 9.9955E-05 0.986168 9.9955E-05 9.9955E-05 0.0133326
9.995E-05 9.995E-05 9.995E-05 0.9994 9.995E-05 9.995E-05 9.995E-05
0.0224921 9.9973E-05 0.032731 0.71843 0.226047 9.9973E-05 9.9973E-05
9.9973E-05 0.040241 0.10039 0.818241 0.0408281 9.9973E-05 9.9973E-05
9.9955E-05 0.0213809 9.9955E-05 0.978119 9.9955E-05 9.9955E-05 9.9955E-05
0.0329995 0.054355 0.103116 0.449552 0.322105 0.0304121 0.00746045
9.9982E-05 0.0161105 0.0687589 0.571812 0.273697 9.9982E-05 0.069422
9.9982E-05 0.0151684 0.0273598 0.712828 0.209582 9.9982E-05 0.0348615
9.9964E-05 9.9964E-05 0.0635857 0.859986 0.0760283 9.9964E-05 9.9964E-05
9.995E-05 9.995E-05 9.995E-05 0.9994 9.995E-05 9.995E-05 9.995E-05
9.9973E-05 0.00913705 0.00720982 0.889321 0.0940325 9.9973E-05 9.9973E-05
9.995E-05 9.995E-05 9.995E-05 0.9994 9.995E-05 9.995E-05 9.995E-05
0.0156676 0.0761841 0.0893774 0.578707 0.231816 0.00814755 9.9991E-05
0.0269939 0.0253413 9.9982E-05 0.896199 0.0302757 9.9982E-05 0.0209899
0.0835745 9.9973E-05 0.319981 0.0350497 9.9973E-05 0.561095 9.9973E-05
9.9991E-05 0.107208 0.150412 0.0678066 0.387543 0.209127 0.077804
9.9991E-05 0.0271343 0.287923 0.0176683 0.404148 0.205789 0.0572375
0.0215933 0.0147839 0.122822 0.148566 0.144783 0.475854 0.0715976
0.0102413 0.0344445 0.141569 0.153914 0.412578 0.213487 0.033766
0.099385 9.9991E-05 0.21509 0.117157 0.180797 0.375221 0.012249
0.0164842 0.128597 0.234431 0.0392017 0.443171 0.0651022 0.0730126
9.9982E-05 9.9982E-05 0.103554 0.173089 0.292601 0.395373 0.0351835
0.0203127 0.0126542 0.163273 0.148407 0.463816 0.191437 9.9991E-05
9.9973E-05 9.9973E-05 0.152939 0.246754 0.283526 0.316481 9.9973E-05
9.9991E-05 0.0401032 0.156188 0.0757622 0.412921 0.278871 0.0360545
0.0106137 0.0584984 0.799936 9.9982E-05 0.0600554 0.0706963 9.9982E-05
0.0123681 9.9973E-05 0.901466 0.0531106 9.9973E-05 0.0327557 9.9973E-05
9.9964E-05 0.0212678 0.9657 9.9964E-05 9.9964E-05 0.0126327 9.9964E-05
9.9973E-05 0.0311139 0.95844 0.00292601 0.00722037 9.9973E-05 9.9973E-05
9.9973E-05 0.0354249 0.89378 0.0300552 0.0404399 9.9973E-05 9.9973E-05
9.9964E-05 9.9964E-05 0.876945 0.0884379 9.9964E-05 9.9964E-05 0.0342172
9.9973E-05 9.9973E-05 0.911234 0.0348179 0.0380209 9.9973E-05 0.0156275
0.0676548 9.9964E-05 0.901259 9.9964E-05 9.9964E-05 0.0306864 9.9964E-05
0.0705884 9.9973E-05 0.908009 9.9973E-05 0.0209018 9.9973E-05 0.000200754
0.00963062 0.0135496 0.870367 0.074476 0.00857442 0.0233021 9.9991E-05
0.077478 0.245507 0.608079 9.9973E-05 9.9973E-05 9.9973E-05 0.0686366
9.9973E-05 0.381623 0.599289 0.0147965 9.9973E-05 9.9973E-05 0.00399216
0.0121907 0.276016 0.536977 9.9982E-05 9.9982E-05 0.149463 0.025153
0.0340561 0.357669 0.495929 9.9982E-05 9.9982E-05 0.0568943 0.0552519
0.0657685 0.118861 0.0435151 9.9991E-05 0.545081 0.0301071 0.196567
0.0812648 0.0968328 0.0353454 0.0263699 0.522052 9.9991E-05 0.238035
9.9982E-05 0.191356 9.9982E-05 0.0520904 0.52889 0.0645071 0.162957
0.0688127 0.249108 0.0674242 9.9982E-05 0.349341 9.9982E-05 0.265114
0.0108496 0.629883 9.9982E-05 0.000335033 0.194355 9.9982E-05 0.164378
0.0101603 9.9991E-05 0.0255405 0.102545 0.54797 0.0947001 0.218984
0.0777415 0.0481487 9.9991E-05 0.00961232 0.613113 0.0162444 0.23504
9.9982E-05 0.0769614 9.9982E-05 0.0137463 0.540849 0.103046 0.265197
0.0240996 9.9982E-05 9.9982E-05 0.0804224 0.331757 0.0389193 0.524602
9.9982E-05 0.0989041 0.0341274 9.9982E-05 0.650636 0.0606024 0.15553
0.0163079 0.162568 0.0138742 9.9991E-05 0.438155 0.0291343 0.339861
0.144978 0.0877694 9.9973E-05 9.9973E-05 9.9973E-05 0.0360074 0.730945
0.0419224 0.133896 0.0936506 9.9991E-05 0.566337 0.0204728 0.143621
0.068037 9.9982E-05 0.00834851 9.9982E-05 0.226573 0.212051 0.484791
0.0738709 0.0189992 9.9982E-05 9.9982E-05 0.527622 0.00458498 0.374723
0.016407 0.205079 0.0461528 9.9982E-05 0.0857221 9.9982E-05 0.646439
9.9964E-05 0.769937 0.127842 9.9964E-05 9.9964E-05 0.101821 9.9964E-05
0.0580798 0.732316 0.0966796 9.9982E-05 0.0308352 0.0818897 9.9982E-05
0.077338 0.798847 0.0757737 9.9973E-05 9.9973E-05 0.0477416 9.9973E-05
0.01998 0.775125 0.115127 9.9982E-05 9.9982E-05 0.0705395 0.0190288
0.000430726 0.891764 9.9973E-05 9.9973E-05 0.0425091 0.0649961 9.9973E-05
0.0974558 0.765428 0.0829464 9.9973E-05 0.0538694 9.9973E-05 9.9973E-05
0.020992 9.9973E-05 0.882212 0.00139899 0.0950966 9.9973E-05 9.9973E-05
9.9973E-05 0.0373478 0.827923 0.0269086 0.107521 9.9973E-05 9.9973E-05
0.00468908 9.9973E-05 0.765168 0.0674154 0.162427 9.9973E-05 9.9973E-05
9.9973E-05 0.0343619 0.782907 0.0907868 0.0916447 9.9973E-05 9.9973E-05
9.9973E-05 9.9973E-05 0.814965 0.0238657 0.136018 0.0248515 9.9973E-05
9.9964E-05 0.553487 0.34923 9.9964E-05 9.9964E-05 0.0968833 9.9964E-05
0.0329994 0.392081 0.450421 9.9982E-05 9.9982E-05 0.0895036 0.0347953
0.0876559 0.430499 0.43946 0.00836688 9.9982E-05 9.9982E-05 0.0338187
9.9973E-05 0.0076412 0.81209 0.0314952 0.148474 9.9973E-05 9.9973E-05
9.9973E-05 0.511472 0.374555 9.9973E-05 9.9973E-05 0.0112049 0.102468
0.0217484 9.9991E-05 0.202658 0.396014 0.202966 0.162004 0.0145092
9.9991E-05 0.0631821 0.154422 0.170276 0.53879 0.0396349 0.0335948
9.9964E-05 9.9964E-05 0.204742 0.270434 0.524425 9.9964E-05 9.9964E-05
0.00515615 9.9991E-05 0.280695 0.222974 0.301744 0.13031 0.0590214
9.9991E-05 0.0536012 0.131727 0.179098 0.488502 0.0674164 0.0795549
0.0430921 9.9973E-05 0.458268 0.260344 9.9973E-05 0.237996 9.9973E-05
0.067368 0.385305 9.9982E-05 9.9982E-05 0.442624 0.0309908 0.0735121
0.182764 0.195878 9.9991E-05 0.00900498 0.384 0.0662051 0.162048
0.020916 0.492918 0.0969021 9.9982E-05 0.367536 9.9982E-05 0.0215276
0.19754 0.125386 0.012418 9.9991E-05 0.473374 0.0779617 0.11322
0.271151 0.16565 9.9973E-05 9.9973E-05 9.9973E-05 0.317997 0.244902
0.0347205 0.125356 0.0689542 0.0774281 0.534001 0.0743061 0.0852344
0.0868456 0.185101 0.0416832 0.0990732 0.372095 0.11678 0.098421
0.0440995 0.423929 9.9982E-05 9.9982E-05 0.415814 0.0269164 0.0890407
0.0325371 0.143535 0.0917712 0.0841942 0.476036 0.0585316 0.113395
0.128757 0.253592 9.9982E-05 9.9982E-05 0.156524 0.318281 0.142646
0.055835 0.177234 0.0265504 0.034197 0.460933 0.176138 0.0691122
0.0837857 0.361005 9.9964E-05 9.9964E-05 0.55481 9.9964E-05 9.9964E-05
0.0380859 0.148749 0.159896 0.144743 0.359011 0.0321753 0.11734
0.158145 0.274998 9.9982E-05 9.9982E-05 0.402807 0.0986618 0.0651885
0.145088 0.246423 9.9982E-05 9.9982E-05 0.439625 0.0663317 0.102331
0.160527 0.128386 9.9991E-05 0.182609 0.3633 0.00946963 0.155609
0.0521095 0.108484 0.0391729 0.0277839 0.492756 0.12782 0.151874
0.136583 0.170169 0.00714145 0.0410256 0.641926 9.9991E-05 0.00305416
0.0408881 0.128731 0.0803952 0.070659 0.471798 0.037887 0.169641
0.00965823 0.201962 0.0367491 0.0218457 0.532488 0.188064 0.00923301
9.99664E-05 9.99664E-05 0.785666 0.100218 0.113717 9.99664E-05 9.99664E-05
0.0534772 9.9982E-05 0.848122 0.0128569 0.0733581 9.9982E-05 0.0119855
0.00653678 0.0679024 0.781273 0.0151618 0.0594399 0.0544572 0.0152292
0.0895254 0.0222035 0.813507 0.00511494 0.017431 9.9991E-05 0.0521182
9.9955E-05 9.9955E-05 0.850866 9.9955E-05 0.148635 9.9955E-05 9.9955E-05
9.9982E-05 0.627283 9.9982E-05 0.0477753 0.199809 0.0763512 0.0485815
0.142593 0.135908 0.120371 9.9991E-05 0.559921 0.0184388 0.0226684
0.0222722 0.0602498 0.164197 0.227888 0.352718 0.159233 0.0134415
0.0893046 0.048629 0.0131087 0.0738518 0.618961 0.0785502 0.0775947
0.0456485 0.231771 0.0490937 0.0191757 0.57876 9.9991E-05 0.0754514
0.094966 0.329686 9.9982E-05 0.0196349 0.346825 0.208689 9.9982E-05
9.9973E-05 0.584434 0.129716 9.9973E-05 9.9973E-05 0.129382 0.156168
9.9982E-05 0.347199 9.9982E-05 0.04306 0.517422 0.0486217 0.0434968
0.161962 0.527404 0.0859137 0.0168375 0.163599 0.025308 0.0189744
0.0913443 0.185922 0.0324016 0.123954 0.418129 0.0799772 0.0682722
0.108708 0.561002 0.154743 0.0175429 0.135959 9.9991E-05 0.0219447
0.018139 0.215287 0.0772265 9.9991E-05 0.624014 0.0590912 0.00614222
0.109628 0.549713 0.0708091 9.9973E-05 0.26955 9.9973E-05 9.9973E-05
0.133864 0.232446 0.0821073 0.0860044 0.315543 0.0297013 0.120334
0.0504271 0.136684 0.0931557 9.9991E-05 0.468884 0.194199 0.05655
0.133839 0.116317 9.9982E-05 0.000521819 0.314609 0.434512 9.9982E-05
9.9973E-05 0.0812369 0.0416148 9.9973E-05 0.568729 0.308119 9.9973E-05
9.9982E-05 9.9982E-05 0.0712957 0.101296 0.508019 0.213082 0.106107
0.102629 0.101328 9.9982E-05 9.9982E-05 0.371414 0.411048 0.0133805
0.0288706 0.0695741 0.0586182 0.0366298 0.46348 0.20916 0.133667
0.101002 9.9982E-05 0.0392998 9.9982E-05 0.553095 0.232915 0.0734886
0.0985029 0.0569699 9.9982E-05 9.9982E-05 0.163459 0.552912 0.127956
0.0363909 0.0114838 9.9982E-05 9.9982E-05 0.269447 0.600034 0.0824443
0.0801548 0.0711758 9.9973E-05 9.9973E-05 0.522267 0.326102 9.9973E-05
9.9973E-05 0.0942058 9.9973E-05 9.9973E-05 0.15228 0.590206 0.163008
9.9973E-05 0.12709 9.9973E-05 9.9973E-05 0.455504 0.350375 0.0667313
9.9982E-05 0.594056 9.9982E-05 0.0895686 0.0729687 0.0440574 0.199149
0.305392 0.390859 9.9982E-05 9.9982E-05 0.258258 0.00533141 0.0399598
0.169233 0.372499 9.9982E-05 0.0741246 0.277057 9.9982E-05 0.106886
0.00193465 0.175905 0.00892691 0.0367508 0.723631 0.0301355 0.0227163
0.0730525 0.551305 9.9982E-05 9.9982E-05 0.274146 0.0115371 0.0897597
0.115424 0.276047 0.0228918 0.186309 0.355806 9.9991E-05 0.0434224
9.9991E-05 0.12449 0.0589572 0.120935 0.565492 0.0235882 0.106437
0.0140733 0.246562 0.0413242 0.0878382 0.462768 0.0231407 0.124294
0.142137 0.223309 9.9982E-05 0.105091 0.426264 9.9982E-05 0.102999
9.9973E-05 0.342933 9.9973E-05 0.0826434 0.39235 9.9973E-05 0.181774
9.9973E-05 0.519055 9.9973E-05 0.13414 0.183685 9.9973E-05 0.162819
0.0668855 0.405315 9.9982E-05 0.102161 0.297756 9.9982E-05 0.127682
0.0830791 0.182135 0.0252524 0.0106601 0.623713 0.0333631 0.0417972
0.0381596 0.160906 0.0498945 0.0824672 0.580895 0.0875775 9.9991E-05
0.0540341 0.236036 0.0649415 9.9991E-05 0.46546 0.14839 0.0310386
0.132155 0.289244 9.9982E-05 0.069232 0.477453 9.9982E-05 0.0317155
9.9991E-05 0.467095 0.032731 0.111915 0.311761 0.0740763 0.00232203
9.9973E-05 0.207403 0.0252069 9.9973E-05 0.634858 9.9973E-05 0.132232
0.149626 0.293882 9.9973E-05 0.104655 0.451537 9.9973E-05 9.9973E-05
0.145698 0.186242 0.0830892 0.0704174 0.38524 0.0677137 0.0616004
9.9982E-05 9.9982E-05 0.356442 0.100169 0.384638 0.0655826 0.0929674
9.9982E-05 9.9982E-05 0.0980977 0.265691 0.453767 0.133437 0.0488081
0.0096983 0.0812116 0.229278 0.12192 0.487849 0.0440277 0.0260154
0.103936 0.0778311 0.0839563 0.0899514 0.542288 0.101937 9.9991E-05
0.112078 9.9991E-05 0.20071 0.244383 0.428059 0.0116688 0.00300117
0.134767 0.270482 9.9991E-05 0.0557054 0.38453 0.11424 0.0401762
0.0392522 0.0594392 0.145965 0.169212 0.496753 9.9991E-05 0.0892785
9.9982E-05 9.9982E-05 0.210437 0.143788 0.0197155 0.468109 0.15775
0.0195121 0.110921 0.141825 0.175703 0.515308 0.0366305 9.9991E-05
0.0780244 0.0421401 0.130505 0.159747 0.485548 9.9991E-05 0.103935
0.0958171 0.0898999 0.0492797 0.215765 0.453214 0.0487938 0.0472308
0.120225 0.103801 0.2294 0.143251 0.209182 0.137829 0.0563119
9.9991E-05 0.0803997 0.149568 0.144534 0.51577 0.060328 0.0493008
0.0248369 0.00551256 0.134679 0.142479 0.555612 0.136781 9.9991E-05
0.0210343 9.9982E-05 0.4985 0.167713 9.9982E-05 0.272292 0.0402612
0.0245676 9.9982E-05 0.192348 0.11379 0.561323 0.107772 9.9982E-05
0.0442684 9.9991E-05 0.157129 0.149375 0.536194 0.0986366 0.0142982
9.9991E-05 0.0520609 0.0921126 0.163026 0.495065 0.115611 0.0820247
9.9991E-05 0.0145225 0.193145 0.113516 0.588057 0.079609 0.01105
0.0794108 0.118436 0.163777 0.0993616 0.515137 0.0228023 0.00107485
0.452761 0.059863 0.00334807 0.0772857 0.361964 9.9991E-05 0.0446783
0.390543 9.9973E-05 0.0771209 0.0322801 0.499756 9.9973E-05 9.9973E-05
0.816166 0.090342 9.9964E-05 9.9964E-05 9.9964E-05 9.9964E-05 0.0930917
0.861438 0.0962525 9.9973E-05 9.9973E-05 9.9973E-05 0.0243664 0.0176436
0.354665 9.9991E-05 0.0328846 0.0987681 0.470179 0.0239136 0.0194899
0.071244 0.042221 0.0819712 0.301474 0.406808 0.0961816 9.9991E-05
0.280611 9.9982E-05 0.0947737 0.387648 0.190908 9.9982E-05 0.0458597
0.19933 9.9982E-05 0.18561 0.305259 0.174467 0.135134 9.9982E-05
0.272631 9.9973E-05 0.176968 0.31054 0.239561 9.9973E-05 9.9973E-05
0.71482 9.9982E-05 0.0546691 0.094846 0.015825 0.11964 9.9982E-05
0.721639 9.9982E-05 0.125736 0.0614116 0.0843483 0.00666556 9.9982E-05
0.319563 9.9973E-05 9.9973E-05 0.105867 0.491222 9.9973E-05 0.0830485
0.475011 9.9973E-05 0.0218338 0.122246 0.380609 9.9973E-05 9.9973E-05
0.761982 9.9973E-05 0.0296816 0.131808 0.0762288 9.9973E-05 9.9973E-05
0.384602 0.0308679 0.0795151 0.104027 0.400788 9.9982E-05 9.9982E-05
0.366799 0.0101096 0.00552273 0.0560644 0.520635 9.9991E-05 0.0407697
0.233191 0.114788 9.9991E-05 0.240128 0.36501 0.0170853 0.029698
0.518222 0.0554239 9.9973E-05 9.9973E-05 0.296521 9.9973E-05 0.129534
0.493283 0.0723902 9.9982E-05 0.00647095 0.339058 9.9982E-05 0.0885981
0.167608 0.081761 0.0773407 0.0150793 0.527868 0.130243 9.9991E-05
0.383671 0.0707263 0.0527423 0.0181393 0.335921 0.0433728 0.0954274
0.203323 0.00301489 0.0785333 0.0968154 0.485951 0.116775 0.0155873
0.486967 9.9964E-05 9.9964E-05 9.9964E-05 0.416338 0.0962951 9.9964E-05
0.735983 0.106159 9.9973E-05 9.9973E-05 0.146215 0.0113432 9.9973E-05
0.310264 9.9982E-05 0.0506366 0.0435222 0.456748 9.9982E-05 0.13863
0.20344 0.0336818 0.102768 0.197686 0.3869 9.9991E-05 0.0754248
0.728633 0.0184289 9.9982E-05 9.9982E-05 0.222202 0.0274797 0.003057
0.587632 9.9964E-05 9.9964E-05 9.9964E-05 0.341278 0.0706902 9.9964E-05
0.291356 9.9982E-05 0.017101 0.0977999 0.462672 9.9982E-05 0.13087
0.382851 9.9991E-05 0.000196073 0.024179 0.482523 0.00740831 0.102743
0.0891708 9.9982E-05 0.14441 0.132611 0.539651 0.0939569 9.9982E-05
0.0177326 0.0703892 0.0825934 0.116754 0.374352 0.338078 9.9991E-05
9.9982E-05 0.0618272 0.199263 0.226655 0.340501 0.171555 9.9982E-05
0.112525 0.152141 0.111466 0.207379 0.296159 0.12023 9.9991E-05
0.0218651 0.0881071 0.112333 0.245712 0.330791 0.102458 0.0987348
0.14321 0.00712041 0.171511 0.0731635 0.501175 0.10372 9.9991E-05
0.663255 9.9973E-05 0.192239 0.100838 9.9973E-05 0.0433679 9.9973E-05
0.145119 0.0523005 0.0737864 0.15951 0.533561 0.0356225 9.9991E-05
0.43986 9.9973E-05 0.392207 0.0851739 9.9973E-05 0.0824582 9.9973E-05
0.342481 9.9973E-05 0.0451632 0.208972 0.403084 9.9973E-05 9.9973E-05
0.767142 9.9964E-05 9.9964E-05 9.9964E-05 0.0335415 9.9964E-05 0.198917
0.799531 0.0141799 9.9964E-05 9.9964E-05 9.9964E-05 9.9964E-05 0.185889
0.444952 0.0773643 9.9973E-05 9.9973E-05 0.420537 9.9973E-05 0.0568466
0.379026 9.9973E-05 0.0106468 9.9973E-05 0.584259 9.9973E-05 0.0257684
0.578842 0.0712069 9.9964E-05 9.9964E-05 0.349551 9.9964E-05 9.9964E-05
0.532142 9.9964E-05 0.0191042 9.9964E-05 0.448354 9.9964E-05 9.9964E-05
0.512643 9.9964E-05 0.000283775 9.9964E-05 0.486673 9.9964E-05 9.9964E-05
0.0735912 9.9973E-05 0.821163 9.9973E-05 0.0805629 0.0243834 9.9973E-05
0.018307 0.157252 0.666689 0.153964 9.9982E-05 0.00358838 9.9982E-05
9.9973E-05 0.024082 0.899504 0.0481202 0.0279937 9.9973E-05 9.9973E-05
9.9955E-05 9.9955E-05 0.935484 9.9955E-05 0.0640163 9.9955E-05 9.9955E-05
9.9991E-05 0.104348 0.0613194 0.0283744 0.51464 0.004803 0.286415
0.0121797 0.0507328 0.0715543 9.9982E-05 0.537874 9.9982E-05 0.327459
9.9973E-05 0.0344131 0.0509953 9.9973E-05 0.431489 9.9973E-05 0.482802
0.00363101 0.0609178 0.0765953 9.9982E-05 0.570379 9.9982E-05 0.288277
9.9991E-05 0.11339 0.0342775 0.0842896 0.407757 0.196688 0.163498
0.0469686 0.155229 0.00761563 9.9991E-05 0.185901 0.0825729 0.521613
0.00338041 0.102032 9.9982E-05 0.0248715 0.618882 9.9982E-05 0.250634
0.0655658 9.9973E-05 9.9973E-05 9.9973E-05 0.231162 0.153202 0.549771
0.0355355 0.0869826 0.231406 0.168458 0.437439 0.0400794 9.9991E-05
0.120446 0.000233331 9.9991E-05 0.0254198 0.427833 0.0479281 0.37804
9.9973E-05 0.14176 0.0446114 9.9973E-05 0.348517 9.9973E-05 0.464812
0.0572801 0.029393 9.9982E-05 0.025472 0.585146 9.9982E-05 0.302508
9.9973E-05 0.0546098 0.0326671 9.9973E-05 0.393815 9.9973E-05 0.518609
0.00977951 9.9991E-05 0.00283535 0.0761099 0.514669 0.0501883 0.346318
0.0426542 9.9982E-05 0.0671289 0.0279785 0.598044 9.9982E-05 0.263995
0.055623 9.9964E-05 9.9964E-05 9.9964E-05 0.0559558 9.9964E-05 0.888021
0.0583546 0.0378948 0.0074188 9.9991E-05 0.285381 0.0026789 0.608172
0.0221898 0.0545622 0.0342527 9.9982E-05 0.273465 9.9982E-05 0.61533
9.9955E-05 9.9955E-05 9.9955E-05 9.9955E-05 9.9955E-05 0.140141 0.859359
0.087967 0.0951747 0.0198603 9.9991E-05 0.434225 0.00236858 0.360305
0.00295881 0.0343293 9.9982E-05 9.9982E-05 0.129872 0.252292 0.580348
0.0476156 9.9964E-05 9.9964E-05 9.9964E-05 9.9964E-05 0.238839 0.713146
0.0884224 9.9982E-05 0.0385009 0.00492266 0.563668 9.9982E-05 0.304286
9.99796E-05 0.121409 0.0389518 9.99796E-05 0.193305 9.99796E-05 0.646035
9.9982E-05 0.0584359 0.0764942 0.0733051 0.429356 9.9982E-05 0.362209
9.9991E-05 0.019235 0.130312 0.125233 0.471786 0.0945795 0.158755
9.9973E-05 0.0348926 9.9973E-05 9.9973E-05 0.534251 0.0306317 0.399925
0.218104 0.257236 9.9991E-05 0.0695845 0.354834 0.0686852 0.0314559
0.0430502 0.0379481 0.0123186 0.00710446 0.516272 9.9991E-05 0.383206
9.9982E-05 0.146429 0.04614 9.9982E-05 0.435554 0.0441654 0.327512
9.9964E-05 9.9964E-05 9.9964E-05 9.9964E-05 0.328487 0.0949387 0.576174
0.0217365 0.0805644 0.141276 0.0013754 0.554343 9.9991E-05 0.200604
9.9982E-05 0.295888 0.621444 0.0209444 0.0055918 0.0559312 9.9982E-05
9.9991E-05 0.113489 0.741199 0.0188743 0.0253939 0.0118231 0.0891211
9.9964E-05 0.131914 0.814848 9.9964E-05 9.9964E-05 0.0528385 9.9964E-05
9.9964E-05 0.161451 0.7911 9.9964E-05 9.9964E-05 0.0470495 9.9964E-05
9.9973E-05 0.220902 0.742669 9.9973E-05 0.0151819 0.0209466 9.9973E-05
9.9982E-05 0.148282 0.00796645 0.0380067 0.104404 9.9982E-05 0.701141
0.0253279 0.0827974 0.0821445 9.9991E-05 0.100803 0.086433 0.622394
9.9973E-05 9.9973E-05 9.9973E-05 0.0429621 0.0936512 0.076643 0.786444
0.0179975 0.10479 0.016814 0.161369 0.52868 0.0181749 0.152174
0.0299305 0.0549597 0.135921 9.9991E-05 0.526592 0.0344049 0.218092
0.0853788 9.9991E-05 0.0523502 0.068863 0.238503 0.0234379 0.531367
0.085682 9.9982E-05 9.9982E-05 0.0528684 0.585506 0.0425902 0.233153
9.9973E-05 9.9973E-05 0.0402077 9.9973E-05 0.442358 0.0247091 0.492425
0.0501036 0.0319927 0.0173041 9.9991E-05 0.544159 0.0591265 0.297215
0.0158849 0.0198256 0.0605528 0.0228843 0.66328 9.9991E-05 0.217472
9.9973E-05 0.160988 9.9973E-05 9.9973E-05 0.249434 0.052268 0.53701
9.9973E-05 0.0169217 0.011013 9.9973E-05 0.330589 9.9973E-05 0.641176
9.9964E-05 0.09532 9.9964E-05 9.9964E-05 0.357488 9.9964E-05 0.546792
9.9973E-05 0.0700649 0.016566 9.9973E-05 0.620006 0.293063 9.9973E-05
9.9973E-05 0.0687411 0.0210956 9.9973E-05 0.422203 9.9973E-05 0.48766
9.9991E-05 0.0180648 0.0197573 0.0054757 0.538787 0.0310752 0.38674
0.00312855 0.0286509 0.0644331 0.278608 0.452547 0.122244 0.0503888
0.0831805 9.9982E-05 0.0791563 0.52559 0.241555 0.0703179 9.9982E-05
9.9982E-05 0.00986595 0.105941 0.450632 0.419978 0.0133821 9.9982E-05
9.9973E-05 9.9973E-05 0.139685 0.475256 0.284351 0.100409 9.9973E-05
0.0584322 0.0627903 0.06834 0.296968 0.486993 0.0263771 9.9991E-05
9.9982E-05 0.00292629 9.9982E-05 0.0389144 0.474358 0.160624 0.322977
0.0150549 9.9982E-05 0.284871 0.594121 0.0778362 0.0279166 9.9982E-05
0.0438853 9.9982E-05 0.186212 0.480007 0.271702 9.9982E-05 0.0179939
9.9982E-05 9.9982E-05 0.175305 0.157425 0.367685 0.212194 0.0871909
9.9964E-05 9.9964E-05 0.137362 9.9964E-05 0.558144 0.304094 9.9964E-05
0.0076995 0.104155 0.0928925 0.0179697 0.47733 0.299853 9.9991E-05
9.9982E-05 0.0441675 0.10194 0.0408039 0.630502 0.182387 9.9982E-05
9.9991E-05 0.00588258 0.107273 0.0206901 0.566427 0.14254 0.157088
9.9964E-05 9.9964E-05 0.218758 0.400835 0.380007 9.9964E-05 9.9964E-05
0.0886656 0.0731566 0.0333924 0.376827 0.405421 9.9991E-05 0.0224373
9.9964E-05 9.9964E-05 0.112055 0.439051 0.448494 9.9964E-05 9.9964E-05
0.053619 0.0748145 0.0510495 0.362883 0.379905 9.9991E-05 0.0776283
9.9982E-05 0.00968018 0.09541 0.528745 0.291833 0.0741317 9.9982E-05
0.117732 0.0319637 0.104064 0.379096 0.35796 9.9991E-05 0.0090843
0.0554974 9.9982E-05 0.113171 0.578885 0.203013 0.0492332 9.9982E-05
0.00791973 9.9982E-05 0.144921 0.333772 0.405756 0.107431 9.9982E-05
9.9973E-05 9.9973E-05 0.00305467 0.0160683 0.503974 0.476603 9.9973E-05
9.9973E-05 9.9973E-05 0.211457 0.319618 0.377378 9.9973E-05 0.091248
9.9973E-05 9.9973E-05 0.185142 0.610953 0.165365 0.0382408 9.9973E-05
9.9991E-05 0.03404 0.106951 0.436879 0.254188 0.07913 0.0887117
9.9982E-05 0.225896 0.0743646 9.9982E-05 0.242068 0.453986 0.00348511
9.9973E-05 0.106173 9.9973E-05 0.121856 0.470686 0.300985 9.9973E-05
9.9991E-05 0.046387 0.161239 0.349028 0.316741 0.0061639 0.12034
9.9973E-05 0.0426177 0.127495 9.9973E-05 0.659124 0.170464 9.9973E-05
9.9991E-05 0.0150973 0.148534 0.0167554 0.48544 0.299906 0.0341669
9.9991E-05 0.0883 0.203072 0.233598 0.302172 0.0755054 0.0972523
0.180039 0.00459613 0.205053 0.284484 0.306752 0.0189756 9.9991E-05
9.9991E-05 0.135963 0.0390148 0.0816102 0.595675 0.114684 0.0329532
9.9982E-05 9.9982E-05 0.0840371 0.418006 0.324768 0.0988644 0.0741246
0.0626865 9.9982E-05 0.0816302 0.424655 0.397461 0.0333667 9.9982E-05
9.9973E-05 9.9973E-05 0.222887 0.516529 0.227161 0.0331237 9.9973E-05
0.0330052 0.119978 0.0613668 0.0226678 0.633217 0.129664 9.9991E-05
9.9982E-05 0.0913692 0.0913433 9.9982E-05 0.45085 0.300556 0.0656819
9.9982E-05 9.9982E-05 0.0774055 0.0223857 0.184182 0.68929 0.0265369
9.9991E-05 0.0492244 0.0565789 0.0515941 0.56695 0.168849 0.106704
0.0501554 0.239255 0.083398 0.0524424 0.401184 0.105093 0.0684718
9.9982E-05 9.9982E-05 0.197231 0.208077 0.357495 0.151397 0.0856005
0.0584764 0.0870028 0.104871 0.0697726 0.466477 0.133803 0.0795973
9.9964E-05 9.9964E-05 0.251906 0.212249 9.9964E-05 0.535445 9.9964E-05
9.9964E-05 9.9964E-05 0.248009 0.0799619 9.9964E-05 0.671629 9.9964E-05
0.0337201 9.9991E-05 0.111529 0.113614 0.292537 0.400401 0.0480985
0.051773 9.9973E-05 0.348792 0.180939 9.9973E-05 0.418196 9.9973E-05
9.9964E-05 9.9964E-05 0.408139 0.199331 9.9964E-05 0.39213 9.9964E-05
0.174906 9.9991E-05 0.166427 0.0980647 0.349265 0.175482 0.0357557
0.105927 9.9982E-05 0.219206 0.0820324 0.419932 0.172703 9.9982E-05
9.9991E-05 0.011425 0.249371 0.165024 0.186277 0.376528 0.0112756
9.9973E-05 9.9973E-05 0.253353 0.147582 0.0945178 0.504248 9.9973E-05
9.9991E-05 0.0214681 0.157454 0.115237 0.427033 0.207411 0.0712975
9.9982E-05 9.9982E-05 0.190172 0.14097 0.135178 0.443649 0.0898308
9.9964E-05 9.9964E-05 0.372377 0.0283237 9.9964E-05 0.598899 9.9964E-05
0.0374745 0.102369 0.128465 0.148633 0.540667 0.0422912 9.9991E-05
0.0549178 9.9991E-05 0.161107 0.223114 0.275859 0.209179 0.0757232
9.9982E-05 9.9982E-05 0.29069 0.224561 0.382684 0.0231194 0.078746
0.028281 9.9982E-05 0.143804 0.252132 0.555867 9.9982E-05 0.0197159
0.0385435 0.0779947 0.157026 0.0971612 0.508727 0.0787992 0.0417483
9.9982E-05 0.0169755 0.189744 0.192444 0.517359 0.0832771 9.9982E-05
0.0370848 9.9982E-05 0.14336 0.23722 0.537908 0.0442274 9.9982E-05
9.9973E-05 0.0249499 0.38781 0.193637 0.393303 9.9973E-05 9.9973E-05
9.9982E-05 0.0225262 0.25968 0.0713849 0.595443 9.9982E-05 0.0507661
9.9982E-05 9.9982E-05 0.252829 0.198089 0.490422 0.0471515 0.0113089
0.0323662 0.0840277 0.256329 0.193987 0.322426 0.0202521 0.0906109
0.00366461 0.129005 0.207575 0.132171 0.23778 0.0330099 0.256795
9.9991E-05 0.0655326 0.18293 0.079324 0.549042 0.0238197 0.0992521
9.9991E-05 0.157161 0.122126 0.193046 0.505183 0.0173265 0.0050574
0.103849 9.9982E-05 0.0806275 0.117644 0.527689 9.9982E-05 0.169991
9.9982E-05 0.0403144 0.274159 0.265306 0.357227 0.0627933 9.9982E-05
0.0594189 9.9991E-05 0.139684 0.199013 0.437492 0.0835048 0.0807878
9.9982E-05 9.9982E-05 0.370541 0.221488 0.148231 0.245121 0.0144185
0.0416782 0.0444037 0.215901 0.142962 0.528911 0.0188383 0.00730614
0.0862304 9.9991E-05 0.215335 0.320152 0.19891 0.142269 0.0370042
0.0146071 0.0892223 0.820084 9.9982E-05 9.9982E-05 0.00816914 0.0677175
9.9973E-05 0.753008 0.115827 9.9973E-05 0.0832551 9.9973E-05 0.0476105
9.9955E-05 0.986478 0.0130222 9.9955E-05 9.9955E-05 9.9955E-05 9.9955E-05
9.9955E-05 0.989361 0.0101397 9.9955E-05 9.9955E-05 9.9955E-05 9.9955E-05
9.9964E-05 0.934448 9.9964E-05 0.0112705 0.0538819 9.9964E-05 9.9964E-05
9.9973E-05 0.878243 0.0312774 0.043965 0.0462149 9.9973E-05 9.9973E-05
9.9964E-05 0.929858 9.9964E-05 9.9964E-05 0.0659736 0.00376877 9.9964E-05
9.9964E-05 0.946839 0.0524376 0.000323713 9.9964E-05 9.9964E-05 9.9964E-05
9.9955E-05 0.7137 0.285801 9.9955E-05 9.9955E-05 9.9955E-05 9.9955E-05
9.9964E-05 9.9964E-05 0.930184 9.9964E-05 0.0630459 0.00637028 9.9964E-05
9.9973E-05 0.139003 0.804553 9.9973E-05 0.0529942 9.9973E-05 0.00314953
9.9973E-05 9.9973E-05 0.874835 0.0623338 0.0105263 9.9973E-05 0.0520047
0.0266659 0.0776163 0.83169 9.9973E-05 0.0637275 9.9973E-05 9.9973E-05
9.9982E-05 0.0301344 0.863539 0.069662 0.0137925 9.9982E-05 0.0226725
0.0754749 0.0176028 0.906522 9.99686E-05 9.99686E-05 9.99686E-05 9.99686E-05
0.0180374 0.0517503 0.73094 0.0509578 0.12942 9.9991E-05 0.0187945
0.0323295 9.9982E-05 0.857088 0.0496587 0.0259707 9.9982E-05 0.0347529
0.0127058 0.0968124 0.777526 9.9973E-05 0.112656 9.9973E-05 9.9973E-05
0.0145797 9.9964E-05 0.904868 0.0801524 9.9964E-05 9.9964E-05 9.9964E-05
0.0440781 0.0201181 0.935404 9.9964E-05 9.9964E-05 9.9964E-05 9.9964E-05
0.0222877 0.0719899 0.793468 0.0692614 9.99909E-05 0.0427927 9.99909E-05
9.9973E-05 0.00316717 0.944133 9.9973E-05 0.00810524 0.044295 9.9973E-05
9.9964E-05 9.9964E-05 0.903926 9.9964E-05 0.0746793 0.0209944 9.9964E-05
9.9973E-05 9.9973E-05 0.851606 0.0494565 0.075785 9.9973E-05 0.0228528
9.9964E-05 9.9964E-05 0.825765 0.00890941 0.164925 9.9964E-05 9.9964E-05
9.9964E-05 9.9964E-05 0.785034 0.131979 0.0825875 9.9964E-05 9.9964E-05
9.9964E-05 9.9964E-05 0.745812 0.090112 0.163676 9.9964E-05 9.9964E-05
9.9964E-05 9.9964E-05 0.806525 0.0262051 0.16687 9.9964E-05 9.9964E-05
9.9991E-05 0.0870142 0.0885641 0.0322772 0.405278 0.284419 0.102348
9.9973E-05 0.00252522 0.0683289 9.9973E-05 0.68454 0.244306 9.9973E-05
0.061197 0.0583377 0.110463 0.0841035 0.567857 0.0472353 0.0708069
0.030644 9.9973E-05 9.9973E-05 9.9973E-05 0.148594 0.723735 0.0967271
9.9982E-05 0.0801079 0.0786764 9.9982E-05 0.509191 0.288342 0.0434828
9.9964E-05 9.9964E-05 0.0640051 9.9964E-05 0.11237 0.823225 9.9964E-05
9.9973E-05 0.0291509 0.0663653 9.9973E-05 0.622405 0.281778 9.9973E-05
9.9982E-05 0.0777391 0.0985618 9.9982E-05 0.430588 0.349454 0.0434568
9.9973E-05 0.0294529 0.0389726 9.9973E-05 0.550371 0.380904 9.9973E-05
0.00935876 0.120424 0.00127404 0.0598644 0.536515 0.0173743 0.255189
9.9973E-05 0.132794 0.0400247 9.9973E-05 0.440103 0.386778 9.9973E-05
0.0600006 0.0284284 9.9982E-05 9.9982E-05 0.600708 0.283518 0.0271458
9.9973E-05 0.138396 0.0547773 9.9973E-05 0.55476 0.251766 9.9973E-05
0.0992704 0.4504 9.9991E-05 0.0341177 0.0673636 0.123261 0.225487
0.127774 0.0830541 9.9964E-05 9.9964E-05 9.9964E-05 0.788772 9.9964E-05
9.9964E-05 0.0190727 9.9964E-05 9.9964E-05 0.132138 0.848389 9.9964E-05
9.9973E-05 9.9973E-05 0.0861869 9.9973E-05 0.643292 0.26486 0.00536115
9.9973E-05 0.016701 0.0353895 9.9973E-05 0.505055 0.442555 9.9973E-05
