9.9982E-05 0.841461 0.0154405 9.9982E-05 0.0527685 0.0658935 0.0242364
9.9973E-05 0.888097 0.046282 9.9973E-05 0.019539 0.0457823 9.9973E-05
9.9982E-05 0.754492 9.9982E-05 0.0529482 0.0518884 0.0587498 0.0817212
9.9982E-05 0.741931 9.9982E-05 0.0583381 0.0797756 0.0619229 0.0578328
0.0119112 0.88428 9.9982E-05 0.0579905 0.0119836 9.9982E-05 0.0336345
0.132844 0.573287 0.0423951 0.0152994 0.128866 0.0326761 0.074632
0.110188 0.767102 0.0109205 9.9982E-05 0.0144396 0.0971496 9.9982E-05
0.138445 0.627969 9.9982E-05 9.9982E-05 0.129419 0.0844166 0.019551
0.041258 0.840907 0.030334 9.9982E-05 0.077674 0.00962664 9.9982E-05
0.0883914 0.605441 9.9991E-05 0.0498435 0.0765752 0.0853136 0.0943351
0.0512806 0.730341 0.0225821 0.0222477 0.13282 0.0406278 9.9991E-05
9.9973E-05 9.9973E-05 0.266277 0.198132 0.447398 9.9973E-05 0.0878939
0.00208291 0.0333143 0.0101191 0.560805 0.309447 0.0342951 0.0499372
0.0868489 9.9991E-05 0.0394357 0.277131 0.448124 0.00851374 0.139846
0.0763186 0.0261851 0.0835068 0.231655 0.384501 0.00248055 0.195354
0.0653002 0.0799633 0.154513 0.246386 0.210857 0.0172959 0.225685
0.050332 0.0103906 9.9991E-05 0.602054 0.166798 0.105323 0.0650035
0.0944206 9.9991E-05 0.175767 0.384466 0.246804 0.0306269 0.0678156
9.999E-05 0.0824526 0.169688 0.230395 0.374459 0.0194902 0.123416
0.0797928 0.0089452 0.13643 9.9991E-05 0.679745 0.0232661 0.0717211
0.0745419 9.9991E-05 0.182104 0.312542 0.284078 0.0236712 0.122963
0.218981 0.0153296 0.112932 0.372645 0.147356 0.0413323 0.0914246
9.999E-05 0.00680845 0.171298 0.536208 0.183531 0.0296847 0.0723694
0.0706043 9.9991E-05 0.193655 0.199207 0.374091 0.0276766 0.134666
0.0261603 0.0663289 0.0424732 0.649261 0.151121 9.9991E-05 0.0645556
0.113698 9.9982E-05 9.9982E-05 0.528579 0.17125 0.0731001 0.113172
9.999E-05 0.007374 0.291093 0.0581753 0.433899 0.0537723 0.155586
0.0122941 0.0260627 0.216896 0.150995 0.389713 0.00501579 0.199023
0.232533 9.9982E-05 0.0997791 0.205021 0.439116 9.9982E-05 0.0233511
9.995E-05 9.995E-05 9.995E-05 9.995E-05 9.995E-05 0.9994 9.995E-05
9.995E-05 9.995E-05 9.995E-05 9.995E-05 9.995E-05 0.9994 9.995E-05
9.9982E-05 0.47667 0.0233886 0.078226 9.9982E-05 0.359689 0.0618266
9.9982E-05 0.454085 0.147883 0.0588809 9.9982E-05 0.2583 0.0806511
0.111825 0.0450262 0.12827 0.552946 0.126328 0.0295094 0.00609477
9.9982E-05 0.130417 0.304549 0.468746 0.0662644 9.9982E-05 0.0298236
0.0556246 0.0144892 0.346071 0.575057 9.9982E-05 9.9982E-05 0.00855852
0.051962 0.10641 0.17676 0.128094 0.512419 0.0242555 9.9991E-05
0.00643069 9.9991E-05 0.680851 0.264502 0.0101118 0.00515725 0.0328476
9.999E-05 0.0370637 0.2937 0.513082 0.110021 0.0414897 0.00454349
9.9973E-05 0.0712447 0.215354 0.70559 9.9973E-05 9.9973E-05 0.00751138
0.117964 0.115598 0.108734 0.610181 0.0135863 0.0338371 9.9991E-05
0.0174863 0.0324027 0.132361 0.600231 0.127196 0.0902228 9.9991E-05
0.0469253 0.0299348 0.785517 0.0537379 0.0620384 0.0170024 0.00484405
0.15279 0.0931549 0.0734992 0.627118 0.0323113 0.00521981 0.0159071
0.0151508 9.9982E-05 0.346425 0.553186 9.9982E-05 0.0437411 0.0412975
0.107943 0.0391393 0.114052 0.601803 0.0220545 0.069038 0.0459709
0.0426555 0.00479761 0.651863 0.300384 9.9973E-05 9.9973E-05 9.9973E-05
9.9973E-05 0.0684609 0.339282 0.561893 9.9973E-05 9.9973E-05 0.0300638
0.0275528 0.119767 0.211965 0.535204 0.0754609 0.0299501 9.9991E-05
0.285678 0.0319103 0.682012 9.9964E-05 9.9964E-05 9.9964E-05 9.9964E-05
0.259908 9.9973E-05 0.128745 0.218729 0.392318 9.9973E-05 9.9973E-05
0.408219 0.0103722 0.236231 0.0929081 0.236127 0.00207349 0.0140697
0.057289 0.0518937 0.0499813 0.635673 0.16252 9.9991E-05 0.0425436
0.169603 9.9982E-05 9.9982E-05 0.571755 0.106602 0.0316019 0.120239
0.133227 0.0721774 0.064783 0.59153 0.0467628 0.00597043 0.085549
0.129106 0.0702304 0.227386 0.131805 0.417414 0.0239575 9.9991E-05
0.130002 0.00148066 0.0329306 0.57417 0.217349 0.0416928 0.00237561
0.0790832 0.0465524 0.1126 0.622724 0.0984332 9.9991E-05 0.0405074
0.086202 0.0775428 0.149696 0.346033 0.297661 0.0427651 9.9991E-05
0.169132 0.180901 0.145545 0.0778683 0.347262 0.036823 0.0424688
0.0469152 0.112357 0.196425 0.49032 0.0866849 0.0154614 0.0518367
9.9991E-05 0.0340813 0.177621 0.408249 0.282683 0.00853255 0.088733
0.124002 9.9982E-05 0.203423 0.0399961 0.546522 0.0858566 9.9982E-05
0.0967735 9.9982E-05 0.085284 0.539935 0.258541 0.0192665 9.9982E-05
0.15755 0.0464921 0.0435044 0.669565 9.9991E-05 0.0590678 0.02372
0.169952 0.000165033 0.0129634 0.676384 0.0650638 0.0753714 9.9991E-05
0.104608 0.0420123 0.265869 0.18466 0.292163 0.0494009 0.0612863
0.205301 9.9991E-05 0.108821 0.466846 0.0875018 0.0698263 0.0616045
0.00673938 0.0200724 0.0611076 0.648027 0.19975 0.0492592 0.0150446
0.199528 9.9982E-05 0.160904 0.213355 0.368604 0.0574088 9.9982E-05
9.9973E-05 9.9973E-05 0.438424 0.490838 0.0634404 0.00699785 9.9973E-05
9.9973E-05 9.9973E-05 0.711894 0.168274 0.0765572 0.0429756 9.9973E-05
9.9973E-05 0.110769 0.290933 0.490407 0.10759 9.9973E-05 9.9973E-05
0.147846 9.9955E-05 0.851654 9.9955E-05 9.9955E-05 9.9955E-05 9.9955E-05
0.199321 9.9964E-05 0.758925 9.9964E-05 0.0413541 9.9964E-05 9.9964E-05
9.9964E-05 9.9964E-05 0.758758 0.216398 9.9964E-05 9.9964E-05 0.0244444
9.9982E-05 0.0130461 0.561832 0.373826 0.00741038 0.0436858 9.9982E-05
0.0458216 0.101042 0.0841792 0.579719 0.176462 0.0126767 9.9991E-05
9.9973E-05 0.0492805 0.487957 0.415522 9.9973E-05 9.9973E-05 0.0469411
9.9973E-05 0.0484728 0.694126 0.117801 0.139301 9.9973E-05 9.9973E-05
9.9982E-05 0.0391757 0.495749 0.208636 0.237837 0.0184016 9.9982E-05
9.9991E-05 0.0783826 0.30157 0.422777 0.0931984 0.00812578 0.0958458
0.00263897 0.055485 0.63326 0.262894 0.00216261 0.0216101 0.0219493
9.9991E-05 0.0342685 0.507677 0.385969 0.0280184 0.0250049 0.0189619
0.0587463 0.00842463 0.519586 0.412943 9.9973E-05 9.9973E-05 9.9973E-05
0.296439 9.9955E-05 0.703061 9.9955E-05 9.9955E-05 9.9955E-05 9.9955E-05
0.0574286 0.0604862 0.219687 0.602826 0.0593724 9.9982E-05 9.9982E-05
9.9982E-05 0.68511 9.9982E-05 0.0958757 0.131173 0.0550387 0.0326026
9.9964E-05 0.799903 9.9964E-05 0.0801398 9.9964E-05 0.119558 9.9964E-05
9.9982E-05 0.763439 9.9982E-05 0.0127395 0.038151 0.104944 0.0805266
9.9982E-05 0.851818 0.0181557 0.0243577 9.9982E-05 0.0693083 0.0361604
9.9982E-05 0.760692 0.0461925 0.0664558 9.9982E-05 0.11974 0.00671963
9.9982E-05 0.843256 0.0546344 0.0188042 9.9982E-05 0.0557984 0.027307
9.9964E-05 0.878633 9.9964E-05 0.0472727 9.9964E-05 0.0736946 9.9964E-05
9.9991E-05 0.118966 0.300146 0.461325 0.018312 0.0272009 0.0739493
0.0315635 0.0927164 0.226037 0.428855 0.0815522 0.0427521 0.0965243
0.0410108 0.0460438 0.843039 9.9973E-05 0.069607 9.9973E-05 9.9973E-05
0.0729147 0.0786673 0.0951834 0.628436 0.0947322 0.0299659 9.9991E-05
9.9982E-05 0.0278914 0.489993 0.431308 0.0107997 9.9982E-05 0.0398075
9.9982E-05 0.0794076 0.239909 0.633099 9.9982E-05 0.00818675 0.0391974
0.108525 0.037916 0.256622 0.593036 9.9982E-05 0.00370166 9.9982E-05
9.9973E-05 9.9973E-05 0.479312 0.409925 9.9973E-05 0.0217419 0.0887217
0.0177365 0.0780033 0.714023 9.9973E-05 0.189938 9.9973E-05 9.9973E-05
0.0996751 0.169646 0.119365 0.564463 0.0212464 9.9991E-05 0.0255039
0.0615519 0.0948205 0.123383 0.601916 0.0323066 0.000290219 0.0857319
0.141039 0.0684412 0.181112 0.449317 0.0206781 0.00825044 0.131162
0.163469 9.9982E-05 0.527467 0.284127 9.9982E-05 0.00736172 0.017375
0.0539397 9.9982E-05 0.440076 0.422798 9.9982E-05 0.0575902 0.0253965
9.9973E-05 9.9973E-05 0.499437 0.421709 0.00555334 0.0730005 9.9973E-05
9.9964E-05 9.9964E-05 0.667352 0.248375 9.9964E-05 9.9964E-05 0.0838735
9.9973E-05 0.120944 0.43686 0.403914 0.0379822 9.9973E-05 9.9973E-05
9.9982E-05 0.121552 0.265605 0.488103 0.048889 0.0756515 9.9982E-05
0.268834 0.0279552 0.0465522 0.26862 0.352817 0.0351221 9.9991E-05
0.0397189 0.0801003 0.0204385 0.398766 0.349777 0.0499239 0.061275
0.0979353 0.107748 0.0420517 0.589807 0.0616209 0.100737 9.9991E-05
0.0599892 0.0916699 0.0217562 0.603226 0.168285 0.0126015 0.042472
0.0839071 0.046846 0.0126702 0.440289 0.350495 0.0656926 9.9991E-05
0.00834021 0.0244552 0.0840722 0.603999 0.23078 9.9991E-05 0.0482536
0.0792117 0.0348852 0.0100514 0.55818 0.316908 9.9991E-05 0.000663966
0.14105 9.9991E-05 0.0494209 0.534646 0.1689 0.0309622 0.0749209
0.133952 0.0352558 0.06638 0.520585 0.141274 0.056357 0.0461967
0.0302313 9.9982E-05 0.14079 0.589572 0.192296 0.046911 9.9982E-05
0.0623841 9.9973E-05 0.0627329 0.562425 0.312159 9.9973E-05 9.9973E-05
0.0282267 0.0250925 9.9982E-05 0.686478 0.160385 9.9982E-05 0.0996175
0.129726 0.0877186 0.0848989 0.575127 0.0542546 9.9991E-05 0.0681752
9.9982E-05 9.9982E-05 0.154715 0.470476 0.215665 0.0415007 0.117444
0.0449376 0.0931171 0.0117762 0.565612 0.201053 0.0577246 0.0257791
0.116156 9.9991E-05 0.0468502 0.644326 0.150505 0.0247527 0.0173102
0.198837 0.0937971 9.9991E-05 0.434115 0.20266 0.0538206 0.0166696
0.0175404 0.0128031 9.9991E-05 0.635883 0.292769 0.00652415 0.0343802
0.0932625 9.9964E-05 9.9964E-05 0.749047 0.157291 9.9964E-05 9.9964E-05
0.0318308 0.0286061 0.225109 0.261328 0.41409 0.0148721 0.0241638
0.352637 0.0499557 0.09593 0.16204 0.287961 9.9991E-05 0.0513768
0.00571615 0.0594545 0.102562 0.520997 0.217844 9.9991E-05 0.0933265
0.395278 9.9982E-05 0.148138 0.0652977 0.32598 9.9982E-05 0.065106
0.0617053 0.0395796 0.183046 0.273043 0.418417 0.00336411 0.0208453
9.9973E-05 0.0311697 0.263728 0.413337 0.291466 9.9973E-05 9.9973E-05
9.9973E-05 9.9973E-05 0.181731 0.342094 0.438764 0.0371115 9.9973E-05
0.0563361 0.00510645 0.118713 0.289796 0.502192 9.9991E-05 0.0277555
0.0174479 0.011312 0.0567154 0.58179 0.212191 0.0648366 0.055708
0.0666717 0.107552 0.151176 0.441563 0.118113 0.0163506 0.0985744
0.110835 0.0424777 0.0932122 0.50396 0.144326 0.0580303 0.047159
0.297504 9.9991E-05 0.0900838 0.221083 0.347288 0.000340277 0.0436014
0.183381 0.19704 0.166136 0.446875 0.0063673 9.9982E-05 9.9982E-05
0.236348 0.0461082 0.121987 0.550451 0.0312479 0.0137571 9.9991E-05
0.555664 0.106566 0.0956078 0.0167195 0.186497 0.038846 9.9991E-05
0.0822153 0.0824799 0.0911815 0.668345 9.9982E-05 0.0755784 9.9982E-05
0.360082 0.0943743 0.104572 0.323325 0.0541349 0.0113702 0.0521421
0.147757 0.138979 0.0648152 0.490836 0.097134 0.00220113 0.0582775
0.472595 0.0439195 0.0279913 0.261339 0.124402 0.0696534 9.9991E-05
0.502098 0.0573234 9.9982E-05 0.222215 0.188036 0.0301285 9.9982E-05
0.278885 9.99912E-05 0.112184 0.404091 0.142024 0.0501217 0.0125946
0.0831111 0.131359 0.125072 0.507235 0.0115154 0.0636134 0.0780938
0.235764 0.141192 0.0659476 0.376279 0.0697379 0.0246997 0.0863803
0.401458 0.0251306 0.229933 9.9991E-05 0.150773 0.0109298 0.181676
0.0992635 0.0967957 0.0240688 0.603155 0.0863148 9.9991E-05 0.0903025
0.283567 9.9973E-05 0.274442 0.362205 0.0794853 9.9973E-05 9.9973E-05
0.317998 9.9982E-05 0.141732 0.455161 0.0635954 9.9982E-05 0.0213135
9.9991E-05 0.0380993 0.162018 0.50043 0.0899447 0.0701324 0.139275
0.23977 0.222368 9.9991E-05 0.131375 0.0748884 0.0428595 0.288639
0.3179 0.52081 9.9973E-05 9.9973E-05 9.9973E-05 0.0155626 0.145428
0.407046 0.425102 9.9973E-05 9.9973E-05 9.9973E-05 0.0547464 0.112806
0.174745 0.388936 9.9982E-05 0.0981311 0.0322857 9.9982E-05 0.305702
0.252519 9.9964E-05 9.9964E-05 0.706244 9.9964E-05 0.0408378 9.9964E-05
0.223929 0.0604188 0.0599213 0.497385 0.0689497 9.9991E-05 0.0892964
9.9973E-05 9.9973E-05 0.0253849 0.285096 9.9973E-05 0.0347689 0.654451
9.9982E-05 9.9982E-05 0.0639155 0.470616 0.0725392 0.035934 0.356795
0.00842467 0.0674646 9.9991E-05 0.40956 0.0837577 0.00353022 0.427163
0.457981 9.9973E-05 0.122402 0.400609 9.9973E-05 0.0187088 9.9973E-05
0.207102 0.157475 0.00439732 0.482217 0.130957 0.017414 0.00043721
0.628267 9.9991E-05 0.0375202 0.277573 0.040315 0.00659492 0.00962931
0.269118 0.0176965 0.00751005 0.619606 0.0591737 9.9991E-05 0.0267953
0.260335 0.0374982 0.14033 0.497504 0.0131125 9.9991E-05 0.0511205
0.243187 9.9973E-05 9.9973E-05 0.599858 0.137627 9.9973E-05 0.0190285
0.532446 9.9973E-05 0.0348728 0.279158 0.153223 9.9973E-05 9.9973E-05
0.0981886 0.00814286 0.083662 0.645385 0.0633263 0.0246435 0.0766513
0.16731 0.0694517 0.0557118 0.646675 0.0355092 9.9991E-05 0.0252428
0.0514426 9.9964E-05 9.9964E-05 0.0316182 9.9964E-05 9.9964E-05 0.916539
9.9964E-05 9.9964E-05 0.0130774 0.0617311 9.9964E-05 9.9964E-05 0.924792
0.0477509 0.0296822 0.0414077 0.205203 0.00749162 0.03818 0.630284
9.9973E-05 9.9973E-05 0.0256299 0.282924 9.9973E-05 0.0233727 0.667774
9.9973E-05 9.9973E-05 0.0417879 0.0961626 0.0488422 9.9973E-05 0.812907
9.995E-05 9.995E-05 9.995E-05 9.995E-05 9.995E-05 9.995E-05 0.9994
9.9955E-05 9.9955E-05 9.9955E-05 9.9955E-05 0.0343938 9.9955E-05 0.965106
9.9964E-05 9.9964E-05 0.00881828 0.138818 9.9964E-05 9.9964E-05 0.851964
9.9973E-05 9.9973E-05 0.000257341 0.0292999 0.0515528 9.9973E-05 0.91859
9.995E-05 9.995E-05 9.995E-05 9.995E-05 9.995E-05 9.995E-05 0.9994
9.9955E-05 9.9955E-05 9.9955E-05 9.9955E-05 9.9955E-05 0.0232929 0.976207
0.0145239 0.00108012 9.99908E-05 0.16585 9.99908E-05 0.0747512 0.743595
9.9982E-05 9.9982E-05 0.0364342 0.0817519 0.0291213 0.0115093 0.840983
9.9973E-05 9.9973E-05 0.0157975 9.9973E-05 0.0101072 0.0175299 0.956265
9.9991E-05 0.0607923 0.0260491 0.324818 0.176191 0.0166466 0.395403
9.9982E-05 0.0129638 0.00141235 0.177403 0.104255 9.9982E-05 0.703766
0.0156451 0.0675004 9.9982E-05 0.151172 9.9982E-05 0.0464306 0.719052
9.9973E-05 9.9973E-05 9.9973E-05 0.0805045 0.0410528 0.0208849 0.857258
9.9964E-05 0.0118858 9.9964E-05 0.000449012 9.9964E-05 9.9964E-05 0.987265
9.9964E-05 0.045853 9.9964E-05 0.0377184 9.9964E-05 9.9964E-05 0.916029
9.9955E-05 9.9955E-05 9.9955E-05 9.9955E-05 9.9955E-05 0.000191944 0.999308
0.0443232 0.017792 0.0145956 0.221979 0.0293076 0.0385885 0.633414
0.0135784 9.9982E-05 0.0287805 9.9982E-05 0.00574034 0.0140857 0.937615
0.570129 0.358403 0.0124894 9.9973E-05 9.9973E-05 9.9973E-05 0.0586786
0.207839 0.194645 9.9991E-05 0.453279 0.0964569 0.0427578 0.0049219
0.123369 0.255953 0.0224413 0.437942 0.0538664 0.0255931 0.0808359
0.433914 0.217923 9.9982E-05 0.209148 9.9982E-05 0.0138781 0.124937
0.212317 0.107239 0.0493483 0.433203 0.0596275 0.0604167 0.077848
0.33055 0.283738 0.0416874 0.18599 9.9991E-05 0.0695394 0.0883954
0.13114 0.151118 0.0374256 0.411764 0.149903 0.0630921 0.0555581
0.302813 0.221608 9.9973E-05 0.37571 9.9973E-05 9.9973E-05 0.0995691
0.225176 0.126486 9.9982E-05 0.418936 9.9982E-05 0.0902985 0.138904
0.314491 0.137705 9.9982E-05 0.331872 9.9982E-05 0.0131904 0.202541
0.197605 0.168777 9.9982E-05 0.546797 0.0478683 9.9982E-05 0.0387536
0.0301538 0.836756 0.0339064 0.0605978 0.0383857 9.9982E-05 9.9982E-05
9.9973E-05 0.832743 9.9973E-05 0.0353729 9.9973E-05 0.118001 0.0135825
9.9964E-05 0.91579 9.9964E-05 9.9964E-05 0.0588442 0.0249663 9.9964E-05
9.9973E-05 0.890005 9.9973E-05 0.0327504 0.0271225 0.0498221 9.9973E-05
9.9973E-05 0.813343 9.9973E-05 0.0212416 0.0484245 0.116691 9.9973E-05
0.0161982 0.834988 0.00502479 0.0167366 9.9991E-05 0.0622914 0.0646613
9.9964E-05 0.849167 9.9964E-05 9.9964E-05 9.9964E-05 0.0682278 0.0822052
0.0693658 0.860622 0.0057282 0.0227008 9.9982E-05 0.0413831 9.9982E-05
9.9973E-05 0.89042 0.0372227 9.9973E-05 9.9973E-05 0.0281548 0.0439023
0.0174793 0.851916 9.9982E-05 0.00750578 9.9982E-05 0.00366236 0.119237
0.0615031 0.569307 0.114439 9.9982E-05 0.196037 0.0585137 9.9982E-05
0.0473466 0.539141 0.0347503 9.9991E-05 0.343035 0.0352452 0.000381088
0.165432 0.454362 9.9973E-05 9.9973E-05 0.318889 0.0610176 9.9973E-05
0.0556676 0.503085 0.152472 9.9973E-05 0.288475 9.9973E-05 9.9973E-05
9.9982E-05 0.0209669 0.458622 0.370909 0.087254 0.0620483 9.9982E-05
0.00459563 0.098345 0.323191 0.528192 0.0339998 9.9991E-05 0.0115765
0.038541 9.9973E-05 0.186345 0.587743 0.187072 9.9973E-05 9.9973E-05
0.0193704 0.0181357 0.259217 0.434562 0.208418 0.051951 0.00834599
0.0191522 9.9991E-05 0.19694 0.12395 0.636467 0.00939432 0.0139971
9.9973E-05 9.9973E-05 0.260332 0.541759 0.0680114 9.9973E-05 0.129598
9.9982E-05 9.9982E-05 0.380574 0.572661 0.0294917 0.000524347 0.0165491
0.106613 9.9982E-05 0.316822 0.510396 0.0504228 0.0155465 9.9982E-05
0.0586997 9.9982E-05 0.514477 0.356094 0.0585 9.9982E-05 0.0120295
0.0523671 9.9982E-05 0.180249 0.620484 0.121769 9.9982E-05 0.0249309
0.0215094 9.9991E-05 0.46431 0.321588 0.151201 0.0154673 0.0258242
0.271977 9.9964E-05 0.718908 9.9964E-05 0.00871604 9.9964E-05 9.9964E-05
0.119056 0.0549428 0.136175 0.518456 0.152552 0.0187184 9.9991E-05
0.215377 0.0380993 0.475063 0.225424 0.0111469 0.00956964 0.0253205
0.0698832 9.9982E-05 0.424857 0.471824 9.9982E-05 0.0250081 0.00822768
9.9982E-05 0.021491 0.742037 0.0710331 0.159528 9.9982E-05 0.00571064
0.0928288 0.107945 9.9982E-05 0.024415 0.772436 0.00217506 9.9982E-05
0.0958282 0.0992663 9.9973E-05 0.0898283 0.714777 9.9973E-05 9.9973E-05
0.0611464 0.0125176 9.9973E-05 9.9973E-05 0.892067 0.0339691 9.9973E-05
0.0383029 0.12179 9.9964E-05 9.9964E-05 0.839507 9.9964E-05 9.9964E-05
0.0377212 9.9973E-05 9.9973E-05 9.9973E-05 0.892474 0.0152258 0.0542794
0.0087432 0.0832402 9.9982E-05 0.12073 0.769405 9.9982E-05 0.0176823
9.9973E-05 0.830802 9.9973E-05 0.080758 9.9973E-05 0.0302319 0.0579085
9.9982E-05 0.832026 9.9982E-05 0.0534479 0.0482197 0.00347004 0.0626363
9.9982E-05 0.724446 9.9982E-05 0.122193 0.00606638 0.0413229 0.105771
9.9982E-05 0.705803 9.9982E-05 0.0345108 0.109908 0.0586379 0.0909399
9.9982E-05 0.818678 9.9982E-05 0.1101 0.0222452 0.025684 0.0230921
0.0532628 0.343327 0.0285763 9.9982E-05 0.534093 0.0405412 9.9982E-05
0.12488 0.439188 0.00617634 9.9982E-05 0.42021 0.00934543 9.9982E-05
9.9973E-05 0.417983 0.0756711 9.9973E-05 0.470679 0.0353673 9.9973E-05
9.995E-05 9.995E-05 9.995E-05 9.995E-05 9.995E-05 0.9994 9.995E-05
9.9964E-05 0.381248 0.146715 9.9964E-05 0.471637 9.9964E-05 9.9964E-05
0.12808 0.238349 9.9973E-05 0.243756 9.9973E-05 9.9973E-05 0.389514
0.0194817 0.151828 0.0728184 0.545133 0.0438871 9.9991E-05 0.166752
9.9982E-05 0.178899 0.000794513 0.555043 9.9982E-05 0.0449357 0.220128
0.0482454 0.301046 0.102454 0.338609 0.0212188 9.9991E-05 0.188326
0.0328156 0.161571 0.0525279 0.435407 0.150176 0.00297254 0.16453
0.231891 0.475726 9.9964E-05 9.9964E-05 9.9964E-05 9.9964E-05 0.291983
0.0916807 9.9973E-05 0.0809751 0.489118 0.337926 9.9973E-05 9.9973E-05
0.27796 0.0349066 0.0437063 0.405806 0.237421 9.9982E-05 9.9982E-05
9.9982E-05 0.0707855 0.0756276 0.311417 0.4985 0.0434693 9.9982E-05
0.171277 9.9973E-05 0.193952 0.47762 0.156851 9.9973E-05 9.9973E-05
0.619883 9.9964E-05 0.196723 9.9964E-05 0.182994 9.9964E-05 9.9964E-05
0.0361278 0.0716792 0.164301 0.515242 0.0896306 0.061242 0.0617771
0.171276 0.0352347 0.0618301 0.504045 0.165701 0.0248806 0.0370315
0.0547679 9.9982E-05 0.148317 0.368731 0.413041 0.0149432 9.9982E-05
0.0525609 0.0867394 0.0346862 0.529085 0.222124 9.9991E-05 0.0747052
0.386824 9.9982E-05 0.164372 0.189413 0.256273 0.00291766 9.9982E-05
0.210776 9.9991E-05 0.0255212 0.440584 0.242958 0.0157965 0.0642651
0.0583072 9.9991E-05 0.0161393 0.551384 0.339187 0.0123235 0.0225591
0.0678106 0.102171 0.161315 0.317793 0.0865784 9.9991E-05 0.264232
0.249121 9.9973E-05 0.113005 0.394998 0.242576 9.9973E-05 9.9973E-05
0.105237 9.9991E-05 0.155509 0.414995 0.274022 0.0275788 0.0225581
0.173041 9.9982E-05 0.196669 0.45799 0.116863 9.9982E-05 0.055237
0.182557 0.0279612 0.108221 0.538098 0.142963 9.9982E-05 9.9982E-05
0.0691588 0.0292178 0.0572831 0.601384 0.126695 9.9991E-05 0.116161
0.0170347 0.0329642 0.108577 0.541311 0.136217 0.0460439 0.117853
9.9982E-05 0.146371 0.269372 0.447658 0.0862639 9.9982E-05 0.0501349
9.9964E-05 0.767693 9.9964E-05 0.139319 9.9964E-05 9.9964E-05 0.0925883
9.9973E-05 0.846792 0.0354604 0.0691014 9.9973E-05 9.9973E-05 0.048346
0.0848714 0.791173 0.0247574 0.00762213 0.0452373 9.9991E-05 0.0462391
9.9982E-05 0.77811 0.0994039 9.9982E-05 0.0378625 0.0440296 0.0403944
9.9982E-05 0.745657 0.0268821 0.106908 9.9982E-05 0.0706344 0.0497183
0.0554129 0.00680312 0.0835572 0.203908 0.589477 9.9991E-05 0.0607412
0.0492642 0.0398963 0.151064 0.462428 0.18926 9.9991E-05 0.107987
0.0983852 0.207461 9.9973E-05 0.564257 9.9973E-05 9.9973E-05 0.129597
0.0520978 9.9991E-05 0.0100989 0.611795 0.201843 0.0232641 0.100801
9.9973E-05 0.0943613 0.0833458 0.515463 0.30653 9.9973E-05 9.9973E-05
0.252094 9.9982E-05 9.9982E-05 0.216249 0.400592 0.0292598 0.101606
0.134615 0.114794 0.166776 0.0372255 0.512155 0.0343356 9.9991E-05
0.0187165 9.9991E-05 0.0743847 0.534539 0.3083 0.0139036 0.0500566
0.115551 0.0779866 0.116944 0.197208 0.468555 0.0101399 0.0136159
0.247874 0.0396366 0.167399 0.284665 0.15234 9.9991E-05 0.107986
0.112297 0.122742 0.127744 0.159023 0.477994 9.9982E-05 9.9982E-05
9.9991E-05 0.064468 0.082637 0.569143 0.179223 0.000932229 0.103497
0.0658577 0.0625877 0.0979029 0.197166 0.572774 9.9991E-05 0.00361257
0.243631 9.9991E-05 0.0110767 0.290724 0.341143 0.00443584 0.108889
0.158156 0.00561646 0.0769307 0.561898 0.111632 9.9991E-05 0.085667
0.494202 9.9973E-05 0.0139123 0.346066 0.145519 9.9973E-05 9.9973E-05
0.273746 0.0763804 0.0196617 0.612466 0.017546 9.9982E-05 9.9982E-05
0.130526 0.1545 0.160911 0.517637 0.0186903 0.0125089 0.00522767
0.466104 9.9964E-05 9.9964E-05 0.4353 0.0981963 9.9964E-05 9.9964E-05
0.24006 0.0697613 0.0695538 0.419899 0.147701 9.9991E-05 0.052925
0.290223 0.0730419 0.0871208 0.549314 9.9973E-05 9.9973E-05 9.9973E-05
0.71302 9.9964E-05 9.9964E-05 0.135198 0.151382 9.9964E-05 9.9964E-05
0.619138 9.9973E-05 0.0333189 0.327543 0.0196993 9.9973E-05 9.9973E-05
0.358041 0.0283121 9.9973E-05 0.586661 0.0266866 9.9973E-05 9.9973E-05
0.523634 9.9973E-05 0.107002 0.215085 0.153979 9.9973E-05 9.9973E-05
0.287806 9.9973E-05 0.106214 0.484685 0.120996 9.9973E-05 9.9973E-05
0.0219424 9.9991E-05 0.244827 0.0839407 0.573338 0.02865 0.0472024
0.245737 9.9973E-05 0.0798641 0.340017 0.334083 9.9973E-05 9.9973E-05
9.9982E-05 9.9982E-05 0.148893 0.319695 0.402059 0.0187691 0.110384
0.0291254 9.9982E-05 0.0505964 0.559586 0.273921 9.9982E-05 0.0865706
0.0565693 9.9982E-05 0.226044 0.26658 0.427453 0.0231539 9.9982E-05
0.165866 0.0877107 9.9982E-05 0.559859 0.149601 9.9982E-05 0.0367628
0.0859361 0.0692008 0.0158629 0.557492 0.206861 0.0051645 0.0594833
9.9991E-05 0.0222265 0.0952264 0.456889 0.309551 0.0153024 0.100704
9.9973E-05 9.9973E-05 0.116729 0.433265 0.249063 9.9973E-05 0.200644
9.9991E-05 0.00299552 0.199003 0.410473 0.31205 0.0221313 0.0532474
9.9982E-05 9.9982E-05 0.159465 0.165846 0.543707 0.0124262 0.118356
0.0757635 9.9982E-05 0.103605 0.368717 0.377822 9.9982E-05 0.073893
0.0272688 9.9973E-05 0.0838117 0.63591 0.25271 9.9973E-05 9.9973E-05
9.9973E-05 0.0995995 9.9973E-05 0.675149 0.200772 0.024179 9.9973E-05
0.149866 0.0141624 0.0484048 0.488146 0.231488 0.0530914 0.0148402
0.0724893 9.9982E-05 0.0125218 0.500983 0.291419 9.9982E-05 0.122387
0.0203152 0.0107624 9.9991E-05 0.416484 0.427754 0.0279709 0.0966134
0.0290806 0.0261304 0.109955 0.600246 0.166673 0.0110733 0.0568416
0.0201882 0.0465445 0.0419434 0.576761 0.314363 9.9982E-05 9.9982E-05
0.107234 0.0776401 0.0460415 0.512681 0.121867 0.0198281 0.114708
9.9982E-05 0.331534 0.184496 0.312973 9.9982E-05 0.0434936 0.127304
0.123094 0.092484 0.0308114 0.492894 9.9991E-05 0.0423303 0.218287
0.0946419 0.0698643 9.9991E-05 0.523019 0.0880516 0.0479332 0.17639
0.096575 0.0707645 0.041881 0.621598 0.0138966 0.0455989 0.109686
0.0319559 0.173683 0.162079 0.40659 9.9982E-05 9.9982E-05 0.225492
0.255655 9.9982E-05 9.9982E-05 0.482025 0.222898 0.00527522 0.0339461
0.0459732 0.115931 0.0329668 0.437391 0.136643 0.0688374 0.162258
0.477531 0.272382 0.105109 0.0283398 9.9982E-05 9.9982E-05 0.116439
0.0974636 0.104163 9.9982E-05 0.54256 0.0415461 9.9982E-05 0.214067
0.0911065 0.122481 0.102022 0.498988 9.9991E-05 0.00787217 0.177431
0.0889372 0.0596812 0.0567455 0.481155 0.0249934 0.0196515 0.268836
0.152059 0.19068 0.0919329 0.302549 0.0717211 0.0335467 0.157511
0.02809 0.196637 0.00697783 0.614283 0.0419822 9.9991E-05 0.111929
0.0760107 0.0396437 9.9991E-05 0.527801 0.0752922 0.0922143 0.188938
0.339049 0.446219 9.9973E-05 9.9973E-05 9.9973E-05 0.0492455 0.165187
9.9973E-05 0.162688 9.9973E-05 0.57656 9.9973E-05 0.0635233 0.196928
0.0294068 0.118402 9.9991E-05 0.61653 0.0158409 0.0679485 0.151772
0.0878391 0.0872709 0.0629115 0.476185 0.0358482 0.0562543 0.193691
0.0420263 0.245681 9.9973E-05 0.570393 9.9973E-05 9.9973E-05 0.141599
0.0776006 0.146942 0.0353328 0.507565 0.116677 0.015628 0.100255
0.195507 9.9991E-05 0.100218 0.48295 0.173736 0.0243025 0.0231869
0.155162 0.0905721 0.074067 0.571781 0.0652888 0.0188555 0.0242736
0.659714 9.9973E-05 0.15324 0.109194 0.0775528 9.9973E-05 9.9973E-05
0.714919 9.9973E-05 0.121358 0.0746266 0.0887965 9.9973E-05 9.9973E-05
0.156069 0.0751237 0.102255 0.582852 0.00168815 0.033654 0.0483581
0.109683 0.135495 9.9982E-05 0.398955 0.0432345 9.9982E-05 0.312432
0.234274 0.0816461 9.9982E-05 0.351355 9.9982E-05 0.0288047 0.30372
0.287691 0.216267 9.9973E-05 0.1824 9.9973E-05 9.9973E-05 0.313342
0.207162 0.124943 9.9982E-05 0.375109 9.9982E-05 0.0306358 0.261951
0.681571 0.0659188 9.9982E-05 0.19989 9.9982E-05 0.00286374 0.0495567
0.622966 0.0633483 9.9982E-05 0.240026 9.9982E-05 0.00190077 0.0715591
0.181171 9.9982E-05 0.091699 0.581843 9.9982E-05 0.0209972 0.12409
0.26152 0.0419469 0.0954977 0.466085 9.9991E-05 0.0112679 0.123582
0.566938 0.0319167 9.9982E-05 0.272891 9.9982E-05 0.0339823 0.0940718
0.165735 0.00175261 0.0960018 0.574186 0.0664995 0.00809683 0.0877287
0.273718 9.9982E-05 0.0373738 0.569106 9.9982E-05 0.0115111 0.108092
0.181907 0.0817823 0.154715 0.3838 9.9991E-05 0.045101 0.152595
0.446504 9.9973E-05 0.0485354 0.438768 0.0658932 9.9973E-05 9.9973E-05
0.42867 9.9982E-05 0.138597 0.4136 0.00110912 0.0178231 9.9982E-05
0.176703 0.0529267 0.0273524 0.668694 0.07253 0.00169418 9.9991E-05
0.228429 0.00100189 0.145303 0.462594 0.146186 9.9991E-05 0.0163859
0.331109 9.9982E-05 0.000743595 0.409074 0.159487 9.9982E-05 0.0993861
0.394567 9.9973E-05 0.0571203 0.533782 0.0142308 9.9973E-05 9.9973E-05
0.58888 9.9964E-05 9.9964E-05 0.329464 0.0812554 9.9964E-05 9.9964E-05
0.218421 0.000866454 0.120584 0.635711 9.9982E-05 0.0242182 9.9982E-05
0.135048 0.104824 0.137685 0.519922 0.0331566 0.0441297 0.0252341
0.527856 9.9973E-05 0.123329 0.303363 0.0451516 9.9973E-05 9.9973E-05
0.39089 9.9973E-05 0.0703263 0.527835 9.9973E-05 0.0106489 9.9973E-05
0.221117 9.9991E-05 0.0920455 0.537897 0.0579334 0.0308825 0.0600247
0.186472 9.9991E-05 0.160274 0.443496 0.105991 0.0367403 0.0669266
0.0487058 0.16865 0.056355 0.444762 0.0592231 0.0293618 0.192941
0.296288 0.14898 9.9982E-05 0.450192 0.0138746 9.9982E-05 0.090466
0.159442 0.15848 0.00289545 0.362475 0.0671851 0.0175605 0.231962
0.204187 0.161366 0.0120562 0.353725 0.0670266 0.0508517 0.150787
0.0360284 0.176334 0.0769305 0.319846 0.159453 0.00466261 0.226745
0.242855 0.0897196 0.0557545 0.311644 0.0394684 0.0995532 0.161005
0.659255 0.14436 9.9982E-05 0.0235671 9.9982E-05 0.00479642 0.167821
0.102687 9.9982E-05 9.9982E-05 0.556907 0.0425677 0.0127571 0.284881
0.504922 0.360016 9.9964E-05 9.9964E-05 9.9964E-05 9.9964E-05 0.134662
0.211369 0.0248735 9.9973E-05 0.585586 9.9973E-05 9.9973E-05 0.177872
0.541146 9.9964E-05 0.290632 0.167822 9.9964E-05 9.9964E-05 9.9964E-05
0.682784 9.9973E-05 0.230791 9.9973E-05 0.0703921 0.0157329 9.9973E-05
0.221887 9.9973E-05 0.229256 0.529237 9.9973E-05 0.0193207 9.9973E-05
0.19084 9.9973E-05 0.0619841 0.655737 9.9973E-05 0.0911381 9.9973E-05
0.352784 9.9964E-05 0.156476 0.49034 9.9964E-05 9.9964E-05 9.9964E-05
0.216973 0.0154404 0.224369 0.542918 9.9973E-05 9.9973E-05 9.9973E-05
0.348541 9.9964E-05 0.0516526 0.599407 9.9964E-05 9.9964E-05 9.9964E-05
0.0118263 0.72263 9.9991E-05 0.107124 0.0595528 0.0809048 0.0178614
0.0404837 0.684567 0.017638 9.9982E-05 0.120567 9.9982E-05 0.136544
9.9982E-05 0.900803 9.9982E-05 0.00907664 0.00938 0.0379097 0.0426306
0.014804 0.801261 9.9973E-05 0.0308472 9.9973E-05 0.152788 9.9973E-05
9.9982E-05 0.058245 0.435783 0.419359 9.9982E-05 0.0250704 0.0613428
9.9973E-05 0.120424 0.334846 0.523549 0.0208809 9.9973E-05 9.9973E-05
9.9973E-05 9.9973E-05 0.475868 0.455273 0.0332097 0.0353491 9.9973E-05
9.9973E-05 0.0561872 0.37007 0.531098 9.9973E-05 0.0423458 9.9973E-05
0.106017 0.109761 0.130107 0.59026 0.0597628 0.00399221 9.9991E-05
0.074171 0.0236777 0.547114 0.213279 0.13961 9.9991E-05 0.00204861
9.9973E-05 9.9973E-05 0.411475 0.534027 9.9973E-05 0.0185673 0.0356314
0.237309 9.9973E-05 0.407411 0.325605 9.9973E-05 0.0293752 9.9973E-05
0.108743 0.20123 9.9991E-05 0.419696 0.0313926 0.0232056 0.215632
0.142111 9.9982E-05 0.325578 0.457115 0.0418657 9.9982E-05 0.0331302
9.9973E-05 9.9973E-05 0.524721 0.319795 0.118615 0.0365691 9.9973E-05
0.0257829 9.9973E-05 0.370842 0.594645 0.00842948 9.9973E-05 9.9973E-05
9.9982E-05 0.0497243 0.432512 0.413554 0.0925836 0.0114258 9.9982E-05
0.0444146 0.00747493 0.407206 0.526311 9.9982E-05 0.0143933 9.9982E-05
9.9982E-05 0.106336 0.369123 0.461192 9.9982E-05 0.0293175 0.0338322
0.079653 9.9964E-05 0.875161 0.0447863 9.9964E-05 9.9964E-05 9.9964E-05
0.147878 0.0292129 0.542869 0.18651 0.0335381 9.9991E-05 0.0598913
0.00832432 0.00152479 0.541022 0.299461 0.096803 0.0527648 9.9991E-05
0.265355 9.9955E-05 0.734146 9.9955E-05 9.9955E-05 9.9955E-05 9.9955E-05
9.9982E-05 0.0306081 0.411876 0.451413 0.0980768 0.0078265 9.9982E-05
0.364832 9.9982E-05 0.541295 0.0849904 9.9982E-05 0.0081323 0.000550047
0.326393 9.9955E-05 0.673107 9.9955E-05 9.9955E-05 9.9955E-05 9.9955E-05
9.9982E-05 0.0177708 0.386613 0.558201 9.9982E-05 0.00517873 0.0320364
9.9982E-05 0.0658412 0.710651 0.147103 0.0713201 0.00488477 9.9982E-05
9.9982E-05 9.9982E-05 0.49884 0.284197 0.075097 0.0121679 0.129497
9.9982E-05 0.0488452 0.226596 0.574601 9.9982E-05 0.054224 0.0955337
9.9982E-05 0.00529171 0.417612 0.49316 0.0559983 9.9982E-05 0.0277374
0.234925 9.9964E-05 9.9964E-05 0.475443 0.289231 9.9964E-05 9.9964E-05
9.9991E-05 0.00937189 0.391483 0.495939 0.0329978 0.0182723 0.0518363
9.9991E-05 0.00807238 0.387236 0.461587 0.0833542 0.0142773 0.0453728
0.0917237 9.9973E-05 0.598285 0.301399 9.9973E-05 9.9973E-05 0.00829181
0.0308801 0.0104091 0.271448 0.528705 0.0397121 0.0504818 0.068364
0.0691114 0.542872 9.9982E-05 0.0261481 0.295383 0.0662859 9.9982E-05
0.0348882 0.724806 0.108518 9.9982E-05 0.0551991 0.0763882 9.9982E-05
0.0556059 0.688556 9.9973E-05 9.9973E-05 0.11215 0.143388 9.9973E-05
0.0549551 0.728542 0.00608686 9.9982E-05 0.123222 0.0869942 9.9982E-05
9.9973E-05 0.682684 9.9973E-05 0.0141863 0.261864 0.0409661 9.9973E-05
9.9982E-05 0.0215316 0.813215 0.00450242 0.0579017 9.9982E-05 0.102649
0.0746912 0.0368068 0.675405 0.0834548 0.105444 0.0240985 9.9991E-05
0.108605 9.9964E-05 0.77545 0.115544 9.9964E-05 9.9964E-05 9.9964E-05
0.0535029 0.0553667 0.282929 0.383534 9.9991E-05 0.064872 0.159695
0.166658 0.0708339 0.111067 0.432764 0.0443838 0.0217767 0.152517
0.121761 0.000588656 0.569708 0.235109 9.9991E-05 0.0155532 0.0571806
0.0179731 9.9982E-05 0.289572 0.538598 9.9982E-05 0.0226418 0.131015
0.0751079 0.0571947 0.466804 0.380122 9.9982E-05 9.9982E-05 0.0205709
9.9973E-05 0.00943739 0.4072 0.568836 0.0142272 9.9973E-05 9.9973E-05
9.9982E-05 0.0496924 0.26519 0.630833 0.0336285 9.9982E-05 0.0204567
0.020157 9.9982E-05 0.68766 0.119019 0.0735626 9.9982E-05 0.0994013
9.9973E-05 9.9973E-05 0.60156 0.301795 0.0640532 0.0322919 9.9973E-05
9.9964E-05 9.9964E-05 0.573847 0.251424 0.17433 9.9964E-05 9.9964E-05
0.211627 0.0826407 9.9982E-05 0.630333 0.0731727 9.9982E-05 0.00202647
9.9973E-05 0.0287887 0.563453 0.38492 9.9973E-05 0.0225389 9.9973E-05
9.9991E-05 0.049925 0.471631 0.452352 0.00828615 0.000105891 0.0176002
9.9982E-05 0.0312446 0.0782391 0.432351 9.9982E-05 0.0644393 0.393526
0.0583661 0.070056 9.9991E-05 0.372882 0.0327422 0.0261107 0.439743
0.0498842 0.0201678 9.9982E-05 0.472231 9.9982E-05 0.0180916 0.439426
0.12585 0.114286 9.9982E-05 0.304831 9.9982E-05 0.00168764 0.453146
0.020625 0.0897794 0.0354528 0.414332 0.0474493 0.0347061 0.357655
0.10545 0.0245195 0.32612 0.515796 9.9982E-05 9.9982E-05 0.0279146
0.0358159 0.226407 9.9982E-05 0.0379417 9.9982E-05 0.0465693 0.653066
0.00953264 0.130739 9.9982E-05 0.391657 9.9982E-05 0.0431204 0.42475
0.192606 0.196706 0.0244252 0.438783 9.9982E-05 9.9982E-05 0.147279
0.181566 0.148255 9.9982E-05 0.604709 0.0397268 0.0255431 9.9982E-05
0.272436 0.111696 0.0612396 0.477268 0.0620595 0.0152017 9.9991E-05
0.121118 0.121885 0.00858663 0.572861 0.141161 9.9991E-05 0.0342878
0.0911188 0.0892417 0.0597983 0.694784 0.0648571 9.9982E-05 9.9982E-05
9.9973E-05 0.183663 9.9973E-05 0.301843 9.9973E-05 0.0675839 0.446609
9.9991E-05 0.0868822 0.033202 0.378375 0.101193 0.0325172 0.367731
9.9982E-05 0.0246466 9.9982E-05 0.426249 0.000108101 0.0169878 0.531808
0.06156 0.0496309 0.0959474 0.415842 0.0356943 0.0420195 0.299305
0.0389169 0.136125 0.0345547 0.262596 0.0216831 0.0074145 0.498709
9.9991E-05 0.179606 0.0320024 0.372418 0.00621002 0.0865724 0.323091
0.0290328 0.0806856 0.00960519 0.25251 0.00428897 0.0589938 0.564884
0.0403636 0.127016 9.9982E-05 0.387014 0.0553925 9.9982E-05 0.390014
0.241347 0.0275135 0.135675 0.528033 9.9982E-05 9.9982E-05 0.0672324
9.9991E-05 0.129074 0.143478 0.343571 0.00221356 0.0701198 0.311444
9.9973E-05 0.200349 9.9973E-05 0.113042 9.9973E-05 0.0395247 0.646784
9.9991E-05 0.0532208 0.171664 0.198661 0.0367321 0.0734258 0.466196
0.220083 0.127572 0.161248 0.194416 0.257159 0.0394211 9.9991E-05
0.206144 9.9982E-05 9.9982E-05 0.583576 0.0684595 0.0388891 0.102732
0.0529121 0.120745 9.9991E-05 0.454195 0.0599051 0.02429 0.287853
0.0397407 0.0813535 0.0389672 0.724692 0.0753768 0.0397698 9.9991E-05
0.170844 0.12105 0.0685035 0.524379 0.0606407 0.0544834 9.9991E-05
0.153272 0.16793 0.0397976 0.322452 0.0531439 0.0381973 0.225207
0.105292 0.299612 0.0101278 0.308687 0.0274418 0.027632 0.221207
0.0110351 0.0185985 0.025023 0.514377 0.252285 0.0230768 0.155605
9.9991E-05 0.155911 0.0647316 0.370612 0.0531892 0.0386147 0.316842
0.0188406 0.156995 9.9973E-05 0.41805 9.9973E-05 9.9973E-05 0.405815
0.00600192 0.243382 9.9982E-05 0.240685 9.9982E-05 0.016613 0.493119
0.131954 0.11765 9.9991E-05 0.606643 0.0918717 0.0261162 0.025665
0.196778 0.113353 0.136333 0.433416 0.118982 0.00103677 9.9991E-05
0.589214 0.0923705 9.9991E-05 0.222829 0.0296956 0.0375441 0.0282468
9.9991E-05 0.158283 0.0933287 0.558941 0.107261 0.0379648 0.0441213
0.114739 0.158649 0.113184 0.436015 0.177214 9.9982E-05 9.9982E-05
0.0217324 0.223958 0.189407 0.454681 9.9991E-05 0.00683779 0.103284
0.132448 0.125338 0.030179 0.487655 0.0960806 0.0495905 0.0787093
0.479573 0.318174 9.9964E-05 9.9964E-05 9.9964E-05 9.9964E-05 0.201853
0.571985 0.314295 9.9973E-05 9.9973E-05 9.9973E-05 0.0149292 0.0984906
0.411021 0.139798 0.0183754 0.281931 0.0221202 0.0142906 0.112464
0.296686 0.340469 0.0894451 9.9982E-05 9.9982E-05 0.0209159 0.252284
0.2885 0.472328 9.9964E-05 9.9964E-05 9.9964E-05 9.9964E-05 0.238771
0.331281 0.159772 9.9991E-05 0.36087 0.00803234 0.00765717 0.132287
0.204441 0.213029 0.0682768 0.369577 9.9991E-05 0.0309769 0.113599
0.349021 0.295869 9.9973E-05 0.141781 9.9973E-05 9.9973E-05 0.213029
0.440316 0.293288 9.9982E-05 0.0689257 9.9982E-05 0.0125185 0.184752
0.201367 0.0202699 0.0926981 0.417953 0.0538151 0.0552106 0.158686
0.442243 0.178159 0.00671058 0.199747 9.9991E-05 0.0418972 0.131144
0.502411 0.443816 9.9973E-05 9.9973E-05 9.9973E-05 0.0208668 0.032606
9.9982E-05 0.219379 9.9982E-05 0.637392 0.0703116 0.0129368 0.0597802
0.145181 0.179597 0.0708466 0.411775 9.9991E-05 0.0360717 0.156429
9.9991E-05 0.297511 0.0253315 0.454417 0.0613745 0.0332118 0.128054
0.00187599 0.134569 9.9982E-05 0.523952 9.9982E-05 0.0122135 0.327189
0.0810255 0.228727 0.0952411 0.435456 0.0190847 0.0130138 0.127452
9.9982E-05 0.181483 0.114255 0.505615 0.0138479 9.9982E-05 0.184599
0.018156 0.173327 9.9973E-05 0.59949 9.9973E-05 9.9973E-05 0.208727
9.9982E-05 0.314846 9.9982E-05 0.317328 0.0931402 0.0333701 0.241116
0.0492256 0.14229 0.0484614 0.489373 9.9991E-05 0.0687381 0.201812
9.9973E-05 0.223631 9.9973E-05 0.488174 9.9973E-05 0.0398559 0.24804
0.0912893 0.202824 0.0807677 0.384351 0.0183034 0.0731319 0.149334
0.0013412 0.147993 0.381435 0.181866 0.106542 0.00565758 0.175165
0.0012211 0.126908 0.137066 0.468148 0.0672915 0.0155949 0.18377
0.00102307 0.072865 0.0973908 0.440596 0.132824 0.0733165 0.181985
0.107179 0.0601696 0.110557 0.538695 0.0346457 9.9991E-05 0.148654
0.0555135 0.293544 9.9991E-05 0.373893 0.032697 0.00148663 0.242766
0.0865717 0.200523 0.00559068 0.499187 9.9991E-05 0.0154935 0.192535
0.19542 0.384134 9.9973E-05 0.185453 9.9973E-05 9.9973E-05 0.234693
9.9982E-05 0.081069 9.9982E-05 0.623569 0.076518 0.0975033 0.121141
0.238357 0.227282 9.9982E-05 0.155487 9.9982E-05 0.0280598 0.350614
0.0516345 0.78137 0.0406159 9.9982E-05 0.105334 0.020845 9.9982E-05
9.9982E-05 0.0554012 0.0341435 0.112527 0.788959 9.9982E-05 0.00876989
9.9964E-05 0.0444152 0.0096908 9.9964E-05 0.945494 9.9964E-05 9.9964E-05
9.9955E-05 9.9955E-05 9.9955E-05 9.9955E-05 0.957473 0.0420273 9.9955E-05
9.9955E-05 9.9955E-05 9.9955E-05 9.9955E-05 0.963242 9.9955E-05 0.0362587
9.9964E-05 0.0186283 9.9964E-05 9.9964E-05 0.926666 9.9964E-05 0.0543059
9.9964E-05 9.9964E-05 9.9964E-05 0.100119 0.874208 0.0252732 9.9964E-05
9.9964E-05 0.0254689 9.9964E-05 9.9964E-05 0.930634 0.0434971 9.9964E-05
9.9973E-05 0.156134 9.9973E-05 9.9973E-05 0.795461 0.0344192 0.013686
0.0233326 0.828438 0.0246709 0.033335 0.0192434 0.07088 9.9991E-05
9.9973E-05 0.74661 9.9973E-05 0.0802636 0.0846153 0.0882112 9.9973E-05
9.9973E-05 0.802785 0.0416455 9.9973E-05 9.9973E-05 0.0919229 0.0633465
0.00644389 0.802703 9.9982E-05 0.0297848 0.105265 0.0556037 9.9982E-05
9.9982E-05 0.856145 0.0169655 9.9982E-05 0.0207853 0.0277024 0.0782021
0.0511301 0.88158 9.9982E-05 0.010516 0.0210167 0.0355575 9.9982E-05
0.0173905 0.644377 0.0399605 0.0174714 0.0618678 0.0256047 0.193328
9.9982E-05 0.804568 9.9982E-05 0.0690651 0.0177409 0.0671155 0.0413102
9.9991E-05 0.641716 0.00707426 0.0618119 0.181409 0.0392642 0.0686246
9.9973E-05 0.871374 0.024468 9.9973E-05 9.9973E-05 0.0372628 0.0665951
9.9964E-05 0.884557 9.9964E-05 9.9964E-05 0.0330478 0.0819953 9.9964E-05
0.0451838 0.768238 0.0161205 9.9991E-05 0.0330904 0.0774855 0.0597815
0.00425812 0.93412 9.9973E-05 9.9973E-05 0.0119117 0.0494108 9.9973E-05
0.0347953 0.815741 9.9982E-05 0.0574928 9.9982E-05 0.0656914 0.0260797
9.9991E-05 0.830241 0.00851327 0.0440164 0.00953163 0.0787797 0.0288185
9.9964E-05 0.808823 9.9964E-05 0.124895 9.9964E-05 0.0658824 9.9964E-05
9.9973E-05 0.774533 9.9973E-05 0.0653642 9.9973E-05 0.00176732 0.158036
9.9973E-05 0.728493 9.9973E-05 0.127412 9.9973E-05 0.0740647 0.0697311
9.9973E-05 0.73384 9.9973E-05 0.146903 9.9973E-05 0.0694873 0.0494696
0.217497 0.170354 0.0855323 0.434397 0.0920193 9.9982E-05 9.9982E-05
0.140725 0.102572 0.082585 0.656586 0.0173321 9.9982E-05 9.9982E-05
0.131093 0.0742515 0.067149 0.622802 0.0125542 0.0353015 0.0568488
0.708991 0.073071 0.0409243 0.169908 9.9982E-05 0.00690532 9.9982E-05
0.18538 0.167248 9.9973E-05 0.524301 0.122771 9.9973E-05 9.9973E-05
0.641431 0.167705 9.9973E-05 0.158665 0.0318981 9.9973E-05 9.9973E-05
0.150697 0.117134 0.0199952 0.674024 0.0379496 9.9982E-05 9.9982E-05
0.243848 0.106705 0.0950286 0.427832 0.126387 9.9982E-05 9.9982E-05
0.185718 0.0610424 0.0680254 0.583273 0.0723148 0.0295262 9.9991E-05
9.9991E-05 0.0741401 0.369158 0.508496 0.00812178 0.00228413 0.0377001
0.181999 0.112151 0.0784648 0.428119 0.179338 0.0198279 9.9991E-05
0.0681215 0.0959111 0.0492422 0.628566 0.157959 9.9982E-05 9.9982E-05
0.16994 0.0674471 9.9982E-05 0.618416 0.0892668 0.0547303 9.9982E-05
0.28153 9.9982E-05 0.101518 0.191017 0.41405 9.9982E-05 0.0116851
0.82616 0.0418335 9.9973E-05 0.0100147 0.121692 9.9973E-05 9.9973E-05
0.684606 0.0719633 9.9973E-05 0.202493 0.0406379 9.9973E-05 9.9973E-05
0.159297 0.0187046 9.9991E-05 0.734137 0.0265611 0.0345201 0.0266799
0.202985 0.131726 0.113712 0.53573 0.0156467 9.9982E-05 9.9982E-05
