9.9973E-05 0.0586615 0.76951 9.9973E-05 9.9973E-05 0.0496814 0.0050514 0.0662636 0.0319998 0.0185326
9.9973E-05 9.9973E-05 0.900238 0.0369186 0.00696292 0.00916209 9.9973E-05 0.0206819 0.0118514 0.0138847
0.117511 0.00813829 0.728948 9.9973E-05 9.9973E-05 0.0329012 0.0165481 0.0816549 0.0139986 9.9973E-05
0.00745846 0.144681 0.684628 9.9973E-05 0.0282272 9.9973E-05 0.000557431 0.0560143 0.0781341 9.9973E-05
0.0489866 0.0664143 0.799548 0.00883165 9.9964E-05 0.0326362 9.9964E-05 9.9964E-05 0.0431831 9.9964E-05
9.9964E-05 0.110934 0.529279 0.0145558 0.305062 9.9964E-05 9.9964E-05 0.0227406 0.0170292 9.9964E-05
9.9955E-05 0.00415088 0.7609 9.9955E-05 0.167628 9.9955E-05 0.0351946 0.0316272 9.9955E-05 9.9955E-05
9.9946E-05 9.9946E-05 0.661698 9.9946E-05 0.235022 9.9946E-05 0.0477396 0.0549406 9.9946E-05 9.9946E-05
9.99549E-05 9.99549E-05 0.761314 9.99549E-05 9.99549E-05 0.0748758 9.99549E-05 0.0352803 0.0738004 0.0542301
0.0178888 0.114768 0.638282 0.0373524 0.186791 9.9964E-05 9.9964E-05 0.00451745 9.9964E-05 9.9964E-05
9.9937E-05 9.9937E-05 0.695764 9.9937E-05 0.263285 9.9937E-05 9.9937E-05 9.9937E-05 0.040251 9.9937E-05
0.0410628 0.113769 9.9946E-05 9.9946E-05 9.9946E-05 9.9946E-05 0.822931 9.9946E-05 9.9946E-05 0.0216377
0.418834 9.9973E-05 9.9973E-05 0.00358152 0.00452653 0.0507093 0.437259 0.0679823 0.0168077 9.9973E-05
0.101977 0.0297016 9.9964E-05 0.044783 9.9964E-05 0.0824929 0.70375 0.0368953 9.9964E-05 9.9964E-05
0.135388 0.158842 0.0264896 9.9973E-05 0.00919364 0.0140204 0.64981 0.00595555 9.9973E-05 9.9973E-05
0.194589 0.196356 0.125246 9.99615E-05 0.0692518 9.99615E-05 0.414057 9.99615E-05 9.99615E-05 9.99615E-05
0.440955 0.0852222 0.084069 9.9964E-05 0.051005 9.9964E-05 0.311715 9.9964E-05 9.9964E-05 0.026634
0.260322 0.146487 9.9964E-05 9.9964E-05 0.00960225 9.9964E-05 0.354128 0.061878 9.9964E-05 0.167183
0.153587 0.0991552 0.0487958 9.9973E-05 9.9973E-05 0.022036 0.596589 0.0556728 9.9973E-05 0.0238644
9.9955E-05 9.9955E-05 0.0123811 9.9955E-05 0.0973149 9.9955E-05 0.821908 0.0371304 0.0307656 9.9955E-05
0.233218 0.0835272 0.00667321 0.0218082 0.0111043 0.00133276 0.445463 0.0713934 0.0257577 0.0997221
0.340865 0.021292 9.9982E-05 0.113601 0.101593 0.0357147 0.31421 0.0192761 0.0532468 9.9982E-05
0.417083 0.0422535 0.0497534 9.9964E-05 0.151434 9.9964E-05 0.269023 9.9964E-05 9.9964E-05 0.0700533
0.0478839 0.136205 9.9955E-05 9.9955E-05 0.108539 9.9955E-05 0.685416 0.0214573 9.9955E-05 9.9955E-05
0.468683 0.131129 9.9973E-05 0.0605688 0.0958646 9.9973E-05 0.117226 0.0250343 9.9973E-05 0.101195
0.328338 0.0992324 9.9982E-05 9.9982E-05 0.027946 0.0328632 0.45749 0.00555871 0.0140936 0.0342782
9.9955E-05 0.108593 0.0253784 9.9955E-05 0.00812511 9.9955E-05 0.824554 0.0328492 9.9955E-05 9.9955E-05
9.9937E-05 0.224967 9.9937E-05 9.9937E-05 0.0222553 9.9937E-05 0.752078 9.9937E-05 9.9937E-05 9.9937E-05
0.0575734 0.000478639 0.0406517 0.0397369 0.0565737 9.9964E-05 0.804586 9.9964E-05 9.9964E-05 9.9964E-05
9.99201E-05 9.99201E-05 9.99201E-05 9.99201E-05 9.99201E-05 9.99201E-05 9.99201E-05 0.999101 9.99201E-05 9.99201E-05
9.99201E-05 9.99201E-05 9.99201E-05 9.99201E-05 9.99201E-05 9.99201E-05 9.99201E-05 0.999101 9.99201E-05 9.99201E-05
0.0831443 0.0388751 0.451154 9.9955E-05 9.9955E-05 0.088421 9.9955E-05 0.337906 9.9955E-05 9.9955E-05
0.0391378 0.0879746 0.532649 9.9964E-05 9.9964E-05 0.0143224 9.9964E-05 0.275387 9.9964E-05 0.0501298
0.528124 9.9964E-05 0.0438462 0.0627892 0.0427784 9.9964E-05 0.0837266 9.9964E-05 9.9964E-05 0.238335
0.458752 9.9973E-05 0.130351 9.9973E-05 0.00924165 0.0378243 9.9973E-05 0.00283393 0.0431972 0.3175
0.628331 9.9946E-05 0.0213783 0.0246225 9.9946E-05 9.9946E-05 9.9946E-05 9.9946E-05 9.9946E-05 0.325068
0.0112509 9.9973E-05 0.0338476 9.9973E-05 0.0912376 9.9973E-05 0.60564 0.0102007 0.20009 0.0474334
0.282244 0.0428742 9.9964E-05 0.0876057 0.0631704 0.00228706 9.9964E-05 9.9964E-05 9.9964E-05 0.521419
0.536137 9.9964E-05 0.0681105 0.0215566 9.9964E-05 9.9964E-05 0.0674618 9.9964E-05 0.116015 0.19032
0.611396 0.0537655 9.9982E-05 0.104781 0.0242769 0.0807754 9.9982E-05 0.00256869 0.0034595 0.118778
0.542302 9.9964E-05 0.0551359 9.9964E-05 0.32678 9.9964E-05 9.9964E-05 0.0103245 0.0375185 0.0275399
0.547973 0.0117096 0.113298 0.000771303 0.104988 9.9982E-05 9.9982E-05 0.048811 0.040236 0.132013
0.108445 9.9964E-05 0.0137221 9.9964E-05 9.9964E-05 0.0152129 0.246419 0.00108512 9.9964E-05 0.614716
0.590478 0.014823 9.9973E-05 9.9973E-05 0.204062 0.0599672 9.9973E-05 0.0141879 0.0951124 0.0210694
0.544099 0.0545806 0.0309066 0.0367665 0.0516798 0.0329644 9.9973E-05 9.9973E-05 9.9973E-05 0.248704
0.552795 9.9964E-05 0.128213 9.9964E-05 0.107345 0.0371242 9.9964E-05 0.00670532 9.9964E-05 0.167418
0.354744 9.9937E-05 9.9937E-05 9.9937E-05 9.9937E-05 0.0354544 9.9937E-05 9.9937E-05 9.9937E-05 0.609102
0.679214 9.9964E-05 0.00623617 0.00737545 9.9964E-05 0.0415222 9.9964E-05 0.0216351 9.9964E-05 0.243617
0.531568 9.9991E-05 0.117384 0.00558628 0.00234493 0.0405799 0.0369807 0.0239573 0.0580388 0.183461
9.9955E-05 9.9955E-05 0.0386573 0.0650851 0.0686047 0.152983 9.9955E-05 9.9955E-05 9.9955E-05 0.67417
0.144029 9.9973E-05 9.9973E-05 0.0197938 0.0237872 0.0710616 0.27358 9.9973E-05 0.217626 0.249822
9.9955E-05 9.9955E-05 9.9955E-05 0.120966 0.108715 0.245544 0.385962 9.9955E-05 9.9955E-05 0.138313
0.600647 9.9973E-05 0.140991 9.9973E-05 0.044056 9.9973E-05 0.0847574 0.0101909 0.0243446 0.0947127
0.615808 0.0325757 0.0323347 0.102752 0.0540778 0.00815307 0.127167 0.0269309 9.9982E-05 9.9982E-05
0.492777 0.0800883 0.000702757 0.0133546 0.0355981 0.0895565 0.0468645 9.9991E-05 0.0599018 0.181057
0.0994058 9.9982E-05 0.0577883 0.0505103 9.9982E-05 0.065065 0.183498 0.0164064 0.18136 0.345767
0.49164 9.9973E-05 9.9973E-05 9.9973E-05 0.0623229 0.0380101 0.240383 0.0112221 0.12682 0.0293026
0.465286 0.059574 0.0683675 0.0611595 0.0977795 0.0576951 0.157037 9.9991E-05 0.00464082 0.0283611
0.238185 0.0156134 0.0928401 0.0497125 0.0383047 0.022877 0.29125 0.0680626 0.0521358 0.131019
0.0193737 0.0634823 0.10236 0.0177626 0.0253776 0.203216 0.326436 0.0233042 0.0677645 0.150923
0.569332 9.9964E-05 9.9964E-05 9.9964E-05 9.9964E-05 0.116781 0.009031 0.0765111 0.0943352 0.13361
0.359119 0.0376947 0.022119 0.106085 9.9982E-05 0.155096 0.250878 0.00739922 0.0614095 9.9982E-05
9.9964E-05 9.9964E-05 9.9964E-05 9.9964E-05 0.0901344 0.025309 0.571618 0.0867679 0.0640354 0.161736
0.478224 9.9973E-05 9.9973E-05 0.00913957 9.9973E-05 0.0742669 0.385983 0.00205476 0.0121132 0.0379184
0.578144 0.00100109 0.0455375 0.135642 0.0343352 0.0805445 0.0633596 9.9982E-05 9.9982E-05 0.0612364
0.462895 0.0541066 0.0716642 0.0396276 0.0330365 0.0399161 0.245147 0.0215227 0.0319843 9.9991E-05
0.213415 0.0297355 9.9982E-05 0.0580858 9.9982E-05 0.0885214 0.399086 0.045162 0.0471138 0.118681
0.440538 0.0338964 9.9982E-05 0.0698678 0.00221226 0.019835 0.329164 0.0523701 9.9982E-05 0.051916
0.55562 9.9973E-05 9.9973E-05 0.117376 9.9973E-05 0.053358 0.0611052 0.0245467 0.136699 0.0509961
0.0678299 9.9973E-05 9.9973E-05 0.0569071 0.099679 9.9973E-05 0.504844 0.0762162 0.0735095 0.120715
0.466754 9.9955E-05 9.9955E-05 9.9955E-05 0.0618337 9.9955E-05 0.0761778 9.9955E-05 0.0134574 0.381277
0.134218 9.9955E-05 0.0225386 9.9955E-05 9.9955E-05 9.9955E-05 0.179668 0.0177011 9.9955E-05 0.645375
0.56065 9.9955E-05 9.9955E-05 9.9955E-05 0.0511954 0.131343 9.9955E-05 9.9955E-05 0.119548 0.136764
9.9955E-05 9.9955E-05 0.00807898 0.012215 0.0538701 0.0462279 9.9955E-05 9.9955E-05 9.9955E-05 0.879108
9.9955E-05 9.9955E-05 9.9955E-05 0.0301792 0.0322594 0.0250155 0.0742438 9.9955E-05 9.9955E-05 0.837802
0.20793 0.010315 9.9946E-05 9.9946E-05 9.9946E-05 0.0212953 9.9946E-05 9.9946E-05 9.9946E-05 0.75986
0.491694 9.9946E-05 9.9946E-05 9.9946E-05 9.9946E-05 9.9946E-05 0.0979169 0.00323993 9.9946E-05 0.40655
0.50405 0.0419419 0.137405 0.0850353 9.9982E-05 0.017077 0.0943719 0.00436665 9.9982E-05 0.115553
0.387985 0.0510727 9.9964E-05 9.9964E-05 9.9964E-05 0.0611995 0.0435528 9.9964E-05 0.0239435 0.431847
0.12191 0.0271355 0.0443239 9.9973E-05 9.9973E-05 9.9973E-05 0.15086 0.018651 0.0591258 0.577694
0.228081 9.9964E-05 0.022148 9.9964E-05 9.9964E-05 9.9964E-05 0.0666921 0.00866314 0.142783 0.531233
0.44499 0.0273873 9.9973E-05 0.00487427 9.9973E-05 0.136415 9.9973E-05 0.0632129 0.0455801 0.27724
0.203405 0.0685661 9.99566E-05 9.99566E-05 9.99566E-05 9.99566E-05 0.169581 0.0323081 9.99566E-05 0.52564
0.308219 0.0174615 0.0106642 9.9973E-05 0.190174 9.9973E-05 0.0397064 0.0339775 9.9973E-05 0.399497
0.320887 9.9955E-05 9.9955E-05 0.0741805 0.057998 9.9955E-05 9.9955E-05 0.0270363 9.9955E-05 0.519398
9.9955E-05 9.9955E-05 0.00479373 0.112927 9.9955E-05 0.1388 9.9955E-05 9.9955E-05 0.0432189 0.699761
0.625149 9.9964E-05 9.9964E-05 0.0245824 0.051931 9.9964E-05 9.9964E-05 0.0176773 0.0826893 0.197571
0.151915 9.9946E-05 0.802008 9.9946E-05 9.9946E-05 9.9946E-05 9.9946E-05 0.0421311 0.00334665 9.9946E-05
0.0802249 9.99371E-05 0.818745 9.99371E-05 9.99371E-05 9.99371E-05 9.99371E-05 0.100331 9.99371E-05 9.99371E-05
0.0540145 0.0372291 0.747429 9.9964E-05 9.9964E-05 0.0639057 9.9964E-05 0.0812564 0.0157659 9.9964E-05
0.0236149 9.9946E-05 0.77424 9.9946E-05 9.9946E-05 0.112691 9.9946E-05 0.0888539 9.9946E-05 9.9946E-05
0.106983 9.9955E-05 0.804661 0.00125866 9.9955E-05 0.00524873 9.9955E-05 0.081349 9.9955E-05 9.9955E-05
0.0419761 0.0497255 0.807979 0.0111328 9.9973E-05 0.0016467 9.9973E-05 0.0353092 0.0519311 9.9973E-05
0.0622921 0.0182109 0.836458 9.9955E-05 0.0268376 9.9955E-05 9.9955E-05 0.0557013 9.9955E-05 9.9955E-05
0.517284 9.9973E-05 0.0998441 9.9973E-05 9.9973E-05 0.0238797 0.00371807 0.035341 0.0231185 0.296515
0.503084 0.0584202 0.0677125 0.0633462 9.9991E-05 0.000303746 0.0327384 0.0475319 0.13651 0.0902531
9.9946E-05 9.9946E-05 0.0729 0.0406001 9.9946E-05 9.9946E-05 0.169009 9.9946E-05 9.9946E-05 0.716891
0.46473 0.105639 0.0377549 9.9982E-05 0.0937448 9.9982E-05 0.128445 0.00515018 0.0599339 0.104402
0.335584 0.0107107 0.0212462 9.9982E-05 0.0271285 9.9982E-05 0.115343 0.0401335 0.0530662 0.396588
0.574346 9.9955E-05 0.0283951 0.0497182 9.9955E-05 9.9955E-05 9.9955E-05 0.0128359 9.9955E-05 0.334205
0.47879 0.0107533 0.0276395 0.0479272 0.0464296 9.9982E-05 0.00971383 0.0247363 9.9982E-05 0.35381
0.438878 0.114296 9.9946E-05 9.9946E-05 9.9946E-05 9.9946E-05 9.9946E-05 0.0294817 9.9946E-05 0.416744
9.9955E-05 9.9955E-05 0.0712425 0.0267508 9.9955E-05 9.9955E-05 0.183519 9.9955E-05 0.0543988 0.663589
0.45706 0.0259036 0.0386391 0.0274476 0.00904506 0.0342262 0.0907088 0.0318701 0.142989 0.142111
0.599141 9.9973E-05 0.0466369 9.9973E-05 0.10587 9.9973E-05 0.0692142 0.0126432 0.0598113 0.106383
0.571729 0.0390208 0.11032 0.0474538 9.9982E-05 0.0155213 0.0388304 9.9982E-05 0.0756157 0.101309
0.250337 0.030496 9.9973E-05 0.0586605 0.0442229 0.00989222 9.9973E-05 0.0531864 9.9973E-05 0.552905
0.450096 0.0300291 0.0125218 0.1019 9.9973E-05 9.9973E-05 9.9973E-05 0.017411 0.0311643 0.356578
0.381257 9.9964E-05 0.00124122 9.9964E-05 9.9964E-05 9.9964E-05 0.184328 0.0503855 0.0216406 0.360748
0.290166 0.0894886 9.9937E-05 9.9937E-05 9.9937E-05 9.9937E-05 9.9937E-05 9.9937E-05 9.9937E-05 0.619646
0.382594 0.0352936 0.0560534 9.9973E-05 0.00567174 9.9973E-05 0.0710261 0.016522 9.9973E-05 0.432539
0.468633 0.0227924 0.139903 0.0926089 9.9973E-05 9.9973E-05 0.122181 9.9973E-05 0.00396367 0.149618
0.143713 9.9973E-05 0.0921107 0.157169 9.9973E-05 0.0939144 0.45755 0.00293837 9.9973E-05 0.0523039
0.312192 0.085673 0.0213603 9.9982E-05 0.138413 9.9982E-05 0.262998 0.0379415 0.134264 0.00695771
0.584104 9.9973E-05 0.0962634 0.0538819 0.0372461 9.9973E-05 0.168431 0.0142416 9.9973E-05 0.0455317
0.474896 0.0142598 0.11031 0.0462375 0.0386613 0.0148315 0.151011 0.00449988 0.043717 0.101575
0.399357 9.9973E-05 0.0237137 0.0300519 9.9973E-05 0.0589059 0.436669 0.0343931 0.0166098 9.9973E-05
0.577786 9.9955E-05 0.0440165 9.9955E-05 9.9955E-05 9.9955E-05 0.267915 9.9955E-05 0.0947233 0.015059
0.435368 0.0127111 0.0244599 0.0504142 0.00515342 9.9973E-05 0.341439 9.9973E-05 0.130155 9.9973E-05
0.457224 9.9973E-05 9.9973E-05 0.0622289 9.9973E-05 0.103277 0.103809 0.0447873 0.112413 0.115961
0.474277 0.11807 0.019072 9.9964E-05 0.154606 9.9964E-05 9.9964E-05 9.9964E-05 0.204714 0.0288615
0.547101 9.9973E-05 9.9973E-05 0.0414654 0.0518242 9.9973E-05 0.261255 0.0454909 0.020154 0.0324097
0.442717 9.9964E-05 9.9964E-05 9.9964E-05 9.9964E-05 0.0248723 0.260177 0.00447475 0.179817 0.0875427
0.599699 0.012676 9.9982E-05 0.00151681 0.0716725 0.115472 0.09532 9.9982E-05 0.0925761 0.0108681
0.478209 0.0542632 0.09526 0.130336 0.0771851 0.0298159 0.00188547 9.9991E-05 0.100383 0.0325624
0.601044 9.9973E-05 9.9973E-05 0.0448954 9.9973E-05 0.0379405 0.14905 0.00839335 0.0798095 0.0785679
0.492083 0.0539724 9.9982E-05 0.0407563 0.130165 9.9982E-05 0.0448038 0.055537 0.105562 0.0769207
0.496883 0.083484 9.9982E-05 0.0761633 9.9982E-05 0.0312776 0.155879 0.0228107 0.0795866 0.0537157
0.299912 9.9964E-05 0.0800253 0.0605018 9.9964E-05 0.131001 0.322392 9.9964E-05 0.105768 9.9964E-05
0.615007 9.9955E-05 0.0578496 0.0952681 9.9955E-05 9.9955E-05 0.156981 9.9955E-05 0.0743947 9.9955E-05
0.574585 9.9964E-05 9.9964E-05 0.118612 9.9964E-05 0.101938 0.152273 0.00880839 0.0433838 9.9964E-05
0.146135 0.0775093 0.043279 0.0467117 0.0211261 9.9982E-05 0.391639 9.9982E-05 0.144941 0.128459
0.108113 9.9991E-05 0.0192546 0.134652 0.0431608 0.135613 0.304007 0.00643928 0.156961 0.0916985
0.417782 9.9982E-05 0.0813131 0.0494436 0.0403005 0.0641401 0.194985 9.9982E-05 0.0759229 0.0759134
0.0490046 0.0198275 9.9982E-05 0.170373 0.0768686 0.131163 0.15954 9.9982E-05 0.247592 0.145432
0.197528 9.9973E-05 0.0481774 0.0902063 0.0469181 9.9973E-05 0.474996 9.9973E-05 0.0634014 0.0784727
0.356662 9.9973E-05 0.0344632 0.0276663 0.0326508 9.9973E-05 0.306376 9.9973E-05 0.140551 0.10133
0.237729 9.9964E-05 0.0315179 9.9964E-05 9.9964E-05 9.9964E-05 0.483383 0.00643477 0.166601 0.0739356
0.0990804 0.0795407 9.9982E-05 0.0492022 0.0229494 9.9982E-05 0.584086 0.0220908 0.0615564 0.0812943
0.500984 0.0618764 9.9982E-05 0.0405424 0.10798 0.00883781 0.21773 0.0372591 9.9982E-05 0.02459
0.390532 0.160101 0.0720725 0.0350148 0.0888052 0.0141181 0.140098 9.9991E-05 0.0268127 0.072346
0.448088 0.0506692 0.0549411 0.0393874 0.0247482 0.0041497 0.293678 9.9982E-05 0.0841376 9.9982E-05
0.0883295 9.9982E-05 9.9982E-05 0.0649027 0.10024 0.166076 0.221658 0.00150259 0.191642 0.16545
0.572168 9.9982E-05 0.15311 0.0338423 0.0414653 9.9982E-05 0.0111109 0.00749722 0.0498964 0.130709
0.38616 0.0139767 0.0730139 0.0830033 0.25055 0.0514349 0.0760394 9.9991E-05 0.0157659 0.0499561
9.9982E-05 9.9982E-05 0.103495 0.183081 0.370104 0.156026 0.0470441 0.00253385 0.0559096 0.0816058
0.658396 9.9973E-05 0.0400075 0.0439446 0.0662818 0.0328627 9.9973E-05 0.0494357 9.9973E-05 0.108772
0.352499 9.9973E-05 0.0411053 0.0465149 0.212208 0.0707015 9.9973E-05 9.9973E-05 0.0581989 0.218472
0.479743 9.9982E-05 0.0497053 0.128291 0.086485 0.106934 0.130471 0.00503825 0.0131324 9.9982E-05
0.219816 9.9991E-05 0.0209347 0.00244325 0.313463 0.153464 0.0420391 0.0357931 0.119398 0.0925494
0.0939022 9.9991E-05 0.0246911 0.135254 0.252134 0.13888 0.0823286 0.058791 0.0759992 0.137919
0.42757 9.9982E-05 9.9982E-05 0.14192 0.128408 0.0752278 0.0321302 0.00332595 0.122104 0.0691135
0.444607 0.0352993 0.0519459 0.101906 0.155247 0.0209634 0.144921 9.9982E-05 9.9982E-05 0.0449105
0.349789 0.0871898 0.09643 0.0200533 0.188775 9.9991E-05 0.130908 0.0199062 0.0253233 0.0815252
9.9982E-05 0.0991342 9.9982E-05 0.093978 0.158301 0.232518 0.17539 0.0130266 0.0485176 0.178934
0.440958 0.0479471 0.0432052 0.133478 0.135208 9.9982E-05 0.102761 0.0503191 9.9982E-05 0.0459231
0.292083 9.9964E-05 9.9964E-05 0.0529393 0.325884 0.0434879 0.201189 9.9964E-05 9.9964E-05 0.084016
0.380022 9.9973E-05 9.9973E-05 0.0573646 0.22725 0.0469037 0.119529 9.9973E-05 0.0169238 0.151707
0.529669 0.00445976 9.9982E-05 9.9982E-05 0.153544 0.132697 0.0894863 0.01773 0.0328836 0.0393306
0.110453 0.219219 0.212011 9.9982E-05 0.197871 0.17497 0.0460856 0.0256148 0.0135761 9.9982E-05
9.9973E-05 0.106267 0.411634 0.00598995 0.0718559 0.381859 9.9973E-05 0.018323 0.00377018 9.9973E-05
9.9964E-05 0.086982 0.285238 0.0256668 0.0742477 0.495856 9.9964E-05 0.0316098 9.9964E-05 9.9964E-05
0.0685401 0.28608 0.267659 9.9973E-05 0.0651926 0.278505 0.0243296 0.00939294 9.9973E-05 9.9973E-05
0.556896 9.9928E-05 9.9928E-05 9.9928E-05 0.442304 9.9928E-05 9.9928E-05 9.9928E-05 9.9928E-05 9.9928E-05
0.622036 9.9973E-05 0.0937479 0.0407556 0.147862 0.0136758 0.0161906 9.9973E-05 0.0654328 9.9973E-05
0.262309 0.634135 9.9937E-05 9.9937E-05 9.9937E-05 9.9937E-05 0.102857 9.9937E-05 9.9937E-05 9.9937E-05
0.336104 0.348223 0.0328753 9.9964E-05 9.9964E-05 9.9964E-05 0.196495 0.0352412 0.0506621 9.9964E-05
0.233115 0.4635 0.0844562 9.9964E-05 0.088134 9.9964E-05 0.120519 0.00987628 9.9964E-05 9.9964E-05
0.232964 0.00864671 9.9982E-05 0.181281 0.423079 0.0335666 0.00950471 0.0298887 9.9982E-05 0.0808693
0.397655 0.101626 9.9964E-05 0.151197 0.0923734 0.112457 0.144292 9.9964E-05 9.9964E-05 9.9964E-05
0.0827231 0.00475528 9.9973E-05 0.180788 0.614441 0.0681529 0.0483443 0.00049553 9.9973E-05 9.9973E-05
0.544097 0.0251424 9.9973E-05 0.0796047 0.278132 0.0475617 0.0199626 9.9973E-05 9.9973E-05 0.0052001
0.419591 0.0351119 0.0210349 0.134379 0.221787 0.0167205 0.115684 9.9982E-05 0.0354916 9.9982E-05
0.554729 0.0374837 9.9973E-05 0.10219 0.217567 9.9973E-05 0.0495778 0.0241197 0.0140325 9.9973E-05
0.0669557 0.0177977 9.9973E-05 0.119417 0.454168 0.0648818 0.180868 9.9973E-05 9.9973E-05 0.0956121
0.495996 0.0787245 0.0174031 9.9991E-05 0.181836 0.0221808 0.143483 0.0244873 0.00317139 0.0326184
0.537792 9.9973E-05 0.067726 0.0588132 0.195131 0.0502405 9.9973E-05 9.9973E-05 0.0506668 0.039331
9.9937E-05 0.938617 9.9937E-05 0.0117376 9.9937E-05 9.9937E-05 9.9937E-05 9.9937E-05 9.9937E-05 0.0489456
0.0502545 0.933031 9.9937E-05 0.0160146 9.9937E-05 9.9937E-05 9.9937E-05 9.9937E-05 9.9937E-05 9.9937E-05
0.0904527 0.662704 9.9955E-05 9.9955E-05 0.163268 9.9955E-05 0.0795935 9.9955E-05 9.9955E-05 0.00348256
0.214138 0.70189 0.0127976 0.0334643 9.9964E-05 9.9964E-05 9.9964E-05 0.00578679 0.0315226 9.9964E-05
0.100364 0.839031 0.00134646 9.9946E-05 0.0586587 9.9946E-05 9.9946E-05 9.9946E-05 9.9946E-05 9.9946E-05
9.99201E-05 0.999101 9.99201E-05 9.99201E-05 9.99201E-05 9.99201E-05 9.99201E-05 9.99201E-05 9.99201E-05 9.99201E-05
9.9955E-05 0.954497 9.9955E-05 0.0149112 9.9955E-05 0.00816402 9.9955E-05 0.00365412 0.0182741 9.9955E-05
0.1115 0.832118 9.9955E-05 0.00787819 9.9955E-05 9.9955E-05 9.9955E-05 0.0182781 9.9955E-05 0.0297256
9.9937E-05 0.963913 9.9937E-05 9.9937E-05 9.9937E-05 9.9937E-05 0.0125401 9.9937E-05 0.0228473 9.9937E-05
9.99201E-05 0.999101 9.99201E-05 9.99201E-05 9.99201E-05 9.99201E-05 9.99201E-05 9.99201E-05 9.99201E-05 9.99201E-05
9.9928E-05 0.952359 9.9928E-05 9.9928E-05 9.9928E-05 9.9928E-05 9.9928E-05 0.0468412 9.9928E-05 9.9928E-05
0.0750437 0.777641 9.9955E-05 0.0225962 9.9955E-05 9.9955E-05 0.0716024 0.052617 9.9955E-05 9.9955E-05
0.115406 0.81769 0.014705 9.9973E-05 0.0183293 9.9973E-05 9.9973E-05 0.0189196 0.0136218 0.00102818
9.9928E-05 0.963068 9.9928E-05 9.9928E-05 9.9928E-05 9.9928E-05 9.9928E-05 9.9928E-05 9.9928E-05 0.0361323
0.380451 0.391236 0.00779451 0.0643806 9.9982E-05 0.00959389 0.0351177 9.9982E-05 0.0643667 0.0468591
0.196607 0.640797 9.9973E-05 9.9973E-05 9.9973E-05 0.0171897 0.0208657 0.0271519 0.0480063 0.0490819
0.146545 0.738897 9.9973E-05 0.000963421 9.9973E-05 0.0359626 0.0170417 0.0577396 9.9973E-05 0.00255049
0.0418619 0.891728 9.9946E-05 9.9946E-05 0.00243396 9.9946E-05 0.063377 9.9946E-05 9.9946E-05 9.9946E-05
9.9928E-05 0.971714 9.9928E-05 9.9928E-05 9.9928E-05 0.027487 9.9928E-05 9.9928E-05 9.9928E-05 9.9928E-05
0.120111 0.8365 0.00747433 9.9955E-05 9.9955E-05 0.0113927 9.9955E-05 0.0240216 9.9955E-05 9.9955E-05
9.99453E-05 0.988287 0.00360173 9.99453E-05 9.99453E-05 9.99453E-05 9.99453E-05 0.00741132 9.99453E-05 9.99453E-05
0.155872 0.57369 0.0307875 0.0530616 9.9973E-05 9.9973E-05 9.9973E-05 0.00778715 0.0955326 0.0829701
0.0176898 0.890056 9.9955E-05 0.0400404 9.9955E-05 9.9955E-05 0.00288312 9.9955E-05 9.9955E-05 0.0488308
9.9946E-05 9.9946E-05 0.225048 0.049258 0.499623 0.225471 9.9946E-05 9.9946E-05 9.9946E-05 9.9946E-05
0.390025 9.9973E-05 0.0989136 9.9973E-05 0.236122 0.108707 0.0936912 0.0501486 0.0220919 9.9973E-05
0.333463 0.0583825 0.155099 9.9982E-05 0.233797 0.0344872 9.9982E-05 0.0303875 0.0174904 0.136695
0.133814 0.0539132 0.0533976 9.9973E-05 0.37815 0.238992 9.9973E-05 0.0556733 0.0857598 9.9973E-05
0.364293 0.113438 0.0672198 0.00324274 0.248103 9.9973E-05 0.198688 0.00471546 9.9973E-05 9.9973E-05
0.215227 0.01319 0.182675 9.9982E-05 0.211668 0.253587 0.0439965 0.0417053 9.9982E-05 0.0377506
0.375354 0.0589675 0.0336906 0.0242383 0.187248 0.123878 0.0893584 0.036901 0.0695866 0.000777027
0.21889 0.190964 0.108746 0.0304798 0.374639 0.0697476 9.9973E-05 9.9973E-05 9.9973E-05 0.00623406
0.458658 0.15302 0.0713447 9.9973E-05 0.152532 0.0874117 0.0161692 0.0605645 9.9973E-05 9.9973E-05
0.311233 0.131878 0.0572505 0.00748606 0.259523 0.200811 9.9973E-05 0.031519 9.9973E-05 9.9973E-05
0.313042 0.130733 0.0503399 0.0781388 0.158667 0.030408 0.13389 0.104581 9.9982E-05 9.9982E-05
0.0476874 9.9964E-05 0.823854 9.9964E-05 0.0585386 0.0158273 9.9964E-05 9.9964E-05 0.0508266 0.00286589
9.9955E-05 0.0778114 0.805876 0.0105036 9.9955E-05 0.024668 9.9955E-05 0.0806412 9.9955E-05 9.9955E-05
0.00800918 9.9964E-05 0.843926 9.9964E-05 9.9964E-05 0.0765991 0.0186906 0.0408571 0.0115178 9.9964E-05
0.0405239 9.9955E-05 0.863314 9.9955E-05 9.9955E-05 0.0282487 9.9955E-05 0.0303013 0.0371121 9.9955E-05
0.00594137 0.0219401 0.786491 9.9973E-05 9.9973E-05 0.0111732 0.0595009 0.0917107 0.0229429 9.9973E-05
9.9955E-05 0.085452 0.768633 0.0161294 9.9955E-05 0.0706492 9.9955E-05 0.0586362 9.9955E-05 9.9955E-05
0.0104121 0.079795 0.791045 9.9955E-05 9.9955E-05 0.0520014 9.9955E-05 0.0662466 9.9955E-05 9.9955E-05
0.0200448 9.9955E-05 0.791168 0.0738514 9.9955E-05 0.0782193 9.9955E-05 0.0362171 9.9955E-05 9.9955E-05
0.0431048 0.00794537 0.906618 9.9955E-05 9.9955E-05 0.0160464 9.9955E-05 9.9955E-05 9.9955E-05 0.0257853
9.9946E-05 0.103525 0.777728 9.9946E-05 9.9946E-05 0.117285 9.9946E-05 0.000861599 9.9946E-05 9.9946E-05
9.9964E-05 9.9964E-05 0.584953 0.0751948 9.9964E-05 9.9964E-05 0.172236 0.0453612 0.109458 0.0123965
9.9964E-05 0.00408814 0.583137 9.9964E-05 9.9964E-05 0.00319046 0.216339 0.0112067 0.181639 9.9964E-05
9.9973E-05 9.9973E-05 0.51281 0.0779302 9.9973E-05 0.0388531 0.231793 0.0240112 0.0988913 0.0154111
9.9955E-05 9.9955E-05 0.492585 9.9955E-05 0.0637863 9.9955E-05 0.359154 9.9955E-05 0.0667148 0.0172599
0.421648 9.9973E-05 0.0146152 0.0617203 0.0413677 9.9973E-05 0.231321 0.0181929 9.9973E-05 0.210836
0.493879 9.9973E-05 0.0369396 0.0574955 9.9973E-05 9.9973E-05 0.0585447 0.000501798 0.0630218 0.289318
0.448401 0.0360343 9.9982E-05 9.9982E-05 0.0824827 0.0117859 0.133898 0.0149033 0.132818 0.139477
0.362618 9.9964E-05 0.0255766 9.9964E-05 9.9964E-05 9.9964E-05 0.264917 0.0242593 0.121973 0.200256
0.150424 9.9955E-05 9.9955E-05 9.9955E-05 0.012403 9.9955E-05 0.465579 9.9955E-05 0.290303 0.080792
0.503832 0.0709918 9.9955E-05 0.107183 9.9955E-05 9.9955E-05 9.9955E-05 0.069538 9.9955E-05 0.247955
0.558553 9.9955E-05 9.9955E-05 9.9955E-05 9.9955E-05 0.0524883 0.0358924 9.9955E-05 0.0436408 0.308925
0.441587 0.000297419 9.9982E-05 0.00782587 0.063313 0.0295511 0.114491 9.9982E-05 0.0392763 0.303459
0.281298 0.0722015 9.9946E-05 9.9946E-05 0.116355 9.9946E-05 9.9946E-05 9.9946E-05 9.9946E-05 0.529546
0.642294 9.9973E-05 0.0263875 0.0402054 9.9973E-05 0.0192608 0.00585211 9.9973E-05 0.102472 0.163228
0.37437 9.9964E-05 9.9964E-05 0.0702908 0.00829773 9.9964E-05 0.0558927 9.9964E-05 0.136507 0.354242
9.9955E-05 9.9955E-05 9.9955E-05 0.180657 9.9955E-05 9.9955E-05 0.0291967 0.0251692 0.0468061 0.717672
0.536117 0.00384894 0.00921537 0.0382935 9.9982E-05 0.0198173 0.171847 9.9982E-05 0.0961638 0.124497
0.2481 9.9946E-05 9.9946E-05 0.147296 9.9946E-05 0.111566 9.9946E-05 9.9946E-05 9.9946E-05 0.492439
0.481355 9.9982E-05 0.00605599 9.9982E-05 0.0203452 0.0155229 0.0614481 0.0132334 0.0372477 0.364592
0.0719815 9.9955E-05 0.0674585 9.9955E-05 9.9955E-05 9.9955E-05 0.191423 9.9955E-05 0.0612723 0.607364
0.0519806 9.9955E-05 0.0465994 9.9955E-05 0.0518924 0.051616 9.9955E-05 9.9955E-05 0.797412 9.9955E-05
9.9946E-05 0.047004 9.9946E-05 9.9946E-05 0.107842 0.00647712 9.9946E-05 9.9946E-05 0.838077 9.9946E-05
9.9937E-05 9.9937E-05 9.9937E-05 0.0289671 0.0854144 9.9937E-05 9.9937E-05 9.9937E-05 0.884919 9.9937E-05
9.9937E-05 9.9937E-05 0.0515513 9.9937E-05 0.0860072 9.9937E-05 9.9937E-05 9.9937E-05 0.861742 9.9937E-05
9.9955E-05 0.0192487 9.9955E-05 9.9955E-05 0.203712 9.9955E-05 0.0333748 0.00152697 0.741638 9.9955E-05
0.126753 0.00351969 9.9946E-05 9.9946E-05 9.9946E-05 0.0243113 9.9946E-05 9.9946E-05 0.844817 9.9946E-05
0.128004 9.9937E-05 0.800572 9.9937E-05 9.9937E-05 9.9937E-05 9.9937E-05 0.070724 9.9937E-05 9.9937E-05
0.0526049 0.0355226 0.825634 9.9955E-05 9.9955E-05 9.9955E-05 0.0667704 9.9955E-05 0.0189683 9.9955E-05
0.173454 0.0581097 0.707817 9.9946E-05 9.9946E-05 9.9946E-05 9.9946E-05 0.0600197 9.9946E-05 9.9946E-05
0.056244 0.117112 0.730111 0.00389343 9.9973E-05 0.00485982 0.0645524 0.0229279 9.9973E-05 9.9973E-05
0.055745 0.0967079 0.711074 9.9964E-05 9.9964E-05 0.0279918 9.9964E-05 0.0368429 0.0712383 9.9964E-05
9.9964E-05 9.9964E-05 0.295009 9.9964E-05 0.108346 0.000543538 0.094426 0.0613278 0.439947 9.9964E-05
9.9964E-05 9.9964E-05 0.447272 0.0670405 0.0399171 9.9964E-05 9.9964E-05 0.0111079 0.350153 0.0841101
9.9955E-05 9.9955E-05 0.385556 0.0756033 9.9955E-05 9.9955E-05 9.9955E-05 0.0511386 0.415153 0.0720493
9.99201E-05 9.99201E-05 9.99201E-05 9.99201E-05 9.99201E-05 9.99201E-05 9.99201E-05 0.999101 9.99201E-05 9.99201E-05
9.9973E-05 0.00164971 0.299527 0.00221738 9.9973E-05 0.0224482 9.9973E-05 0.041546 0.501111 0.131201
0.356546 0.266896 0.13885 0.00419765 9.9964E-05 0.226614 9.9964E-05 9.9964E-05 0.00649622 9.9964E-05
0.594655 0.120463 0.133675 0.00397964 9.9982E-05 0.0453861 0.00539037 0.00812631 0.0881256 9.9982E-05
0.549222 0.175852 0.175442 9.9955E-05 9.9955E-05 0.0315187 9.9955E-05 0.0674655 9.9955E-05 9.9955E-05
0.312877 0.232843 0.22621 0.0285602 0.0742378 0.0273908 9.9982E-05 9.9982E-05 0.0457243 0.0519564
0.364417 0.216591 0.076113 0.0150828 0.0374148 9.9982E-05 0.040626 0.070924 9.9982E-05 0.178631
9.9955E-05 0.252984 0.269048 9.9955E-05 0.0621413 0.409491 0.00583617 9.9955E-05 9.9955E-05 9.9955E-05
0.375035 9.9982E-05 0.0295291 0.0390762 0.0236981 0.0165523 0.350917 9.9982E-05 0.105819 0.0591743
0.305414 9.9973E-05 9.9973E-05 0.162963 0.0271072 0.148603 0.199613 9.9973E-05 0.107477 0.0485227
0.199355 9.9955E-05 0.0461446 9.9955E-05 9.9955E-05 9.9955E-05 0.580151 0.0464312 0.127419 9.9955E-05
0.477559 9.9964E-05 9.9964E-05 0.241588 9.9964E-05 0.0129 0.0674865 9.9964E-05 0.123924 0.0761421
9.9955E-05 9.9955E-05 9.9955E-05 0.389723 9.9955E-05 0.172086 0.161378 9.9955E-05 0.0863969 0.189916
0.430921 0.032009 0.00952675 0.0859189 0.127319 9.9973E-05 0.302406 0.0116003 9.9973E-05 9.9973E-05
0.446013 9.9982E-05 0.0402124 0.115691 9.9982E-05 0.00875173 0.215445 0.0154682 0.083792 0.0744261
0.232042 9.9982E-05 0.0232361 0.0184447 0.0312342 9.9982E-05 0.633864 0.0380807 0.0181607 0.00473735
0.509301 9.9973E-05 0.120863 0.0181361 0.0678599 9.9973E-05 0.195004 9.9973E-05 0.0304822 0.0580551
0.0259804 9.9973E-05 9.9973E-05 0.176332 0.0563972 0.164138 0.30844 9.9973E-05 0.0615035 0.206909
0.422605 9.9982E-05 0.0174113 0.174828 0.0521275 0.110164 0.136894 9.9982E-05 0.0251165 0.060655
0.510917 9.9964E-05 9.9964E-05 0.00490305 9.9964E-05 0.0656048 0.188804 9.9964E-05 0.167627 0.0617449
0.321996 0.174781 0.108763 9.9991E-05 0.0452762 0.0629416 0.0781841 0.00977164 0.0781578 0.120029
0.340411 9.9964E-05 9.9964E-05 0.205606 0.0289796 9.9964E-05 0.306133 9.9964E-05 0.0695409 0.0489292
0.415008 9.9964E-05 0.0377298 0.122125 9.9964E-05 9.9964E-05 0.279268 9.9964E-05 0.0788221 0.0666473
0.470863 9.9964E-05 9.9964E-05 0.0893554 0.137222 0.0969429 0.182084 9.9964E-05 9.9964E-05 0.0231336
0.486727 9.9973E-05 9.9973E-05 0.0758841 0.0481817 0.0846606 0.132121 9.9973E-05 0.00646801 0.165657
0.678587 9.9982E-05 9.9982E-05 0.0327123 0.0306023 0.0673137 0.1212 0.0116693 0.0562419 0.00147334
0.474931 0.0792432 0.0594154 0.030874 9.9973E-05 9.9973E-05 0.172104 9.9973E-05 0.0852754 0.0978567
0.53332 9.9982E-05 0.0362775 0.0120528 0.0302332 0.137911 0.104756 0.0425068 0.102742 9.9982E-05
0.0793938 0.125146 0.734072 0.0310686 9.9955E-05 0.0298197 9.9955E-05 9.9955E-05 9.9955E-05 9.9955E-05
0.0537253 0.0451924 0.818217 0.0518817 9.9964E-05 9.9964E-05 9.9964E-05 0.00398896 9.9964E-05 0.0265952
0.0384941 9.9955E-05 0.791057 0.0144313 0.116621 9.9955E-05 0.0388966 9.9955E-05 9.9955E-05 9.9955E-05
9.9964E-05 0.049762 0.769615 0.0268494 9.9964E-05 9.9964E-05 9.9964E-05 0.015422 0.0235385 0.114414
0.0938122 0.0418302 0.758778 0.0100453 0.0186087 9.9964E-05 9.9964E-05 0.0765259 9.9964E-05 9.9964E-05
0.142915 9.9946E-05 9.9946E-05 9.9946E-05 9.9946E-05 0.0564997 0.639571 9.9946E-05 0.160414 9.9946E-05
0.476084 0.00369421 9.9991E-05 0.103366 0.0460104 0.0158914 0.197455 0.0490056 0.0666508 0.0417431
0.461174 0.077712 0.165699 0.0110132 0.0604954 0.0849886 9.9982E-05 0.0631462 9.9982E-05 0.0755714
0.646059 0.0193282 0.0166722 9.9973E-05 9.9973E-05 0.0709563 0.181875 0.0499174 0.0148917 9.9973E-05
0.443559 9.9991E-05 0.00531695 0.0869085 0.0241158 0.0319165 0.192154 0.03803 0.100488 0.0774113
0.31698 0.00178402 9.9982E-05 0.146806 0.0267949 0.0743006 0.240639 0.0229939 0.169502 9.9982E-05
9.9964E-05 9.9964E-05 0.0616057 9.9964E-05 9.9964E-05 0.110718 0.530656 0.0297158 0.201405 0.0654993
0.507579 9.9964E-05 9.9964E-05 9.9964E-05 0.0228033 9.9964E-05 0.228878 0.0234812 0.144453 0.0724051
0.0978212 0.0792926 0.0422444 0.121613 9.9964E-05 9.9964E-05 0.420858 9.9964E-05 0.23777 9.9964E-05
0.40409 9.9982E-05 0.0546297 0.00932755 0.101463 0.0724752 9.9982E-05 0.021449 0.11607 0.220295
0.0799406 9.9973E-05 0.141862 0.0695441 9.9973E-05 0.023972 0.555891 0.0050929 0.123398 9.9973E-05
0.585515 0.0287046 0.0865708 9.9973E-05 9.9973E-05 0.00967499 0.138252 0.0675048 0.0834773 9.9973E-05
0.102816 9.9973E-05 0.0278075 0.0117219 0.0265765 9.9973E-05 0.655358 0.06972 0.1057 9.9973E-05
0.128173 0.137176 9.9982E-05 0.104405 0.12148 9.9982E-05 0.362714 0.0159472 0.0826232 0.0472812
0.511475 9.9973E-05 0.0737231 0.0873812 0.156262 0.0915353 9.9973E-05 9.9973E-05 0.0759285 0.00339576
0.145867 0.0395867 9.9964E-05 0.173488 0.570814 9.9964E-05 0.040668 9.9964E-05 0.0291757 9.9964E-05
0.441555 0.0262084 0.0308535 9.9973E-05 0.437224 9.9973E-05 0.0136974 0.00947749 9.9973E-05 0.0406843
0.418629 9.9973E-05 0.082228 9.9973E-05 0.181345 0.0573493 0.0871996 0.0506751 9.9973E-05 0.122274
0.278293 9.9955E-05 9.9955E-05 0.0889156 0.566455 9.9955E-05 0.0148237 9.9955E-05 0.0510133 9.9955E-05
0.337989 0.0510465 0.131471 0.044005 0.234293 9.9982E-05 0.0747735 9.9982E-05 0.0258274 0.100395
0.474628 0.00417959 9.9973E-05 0.158423 0.211317 9.9973E-05 9.9973E-05 0.0339443 0.105517 0.0116906
0.027126 9.9973E-05 9.9973E-05 0.180638 0.557523 0.00563005 0.0316607 9.9973E-05 0.0998877 0.0972345
0.136852 9.9955E-05 9.9955E-05 0.0855283 0.644024 0.0720995 9.9955E-05 9.9955E-05 9.9955E-05 0.0609967
0.430807 9.9982E-05 0.0558353 0.00290558 0.343217 9.9982E-05 0.0500757 0.0326557 0.0630891 0.0212143
0.0442716 9.9973E-05 9.9973E-05 0.125639 0.5652 9.9973E-05 0.0455908 0.0201989 0.0505834 0.148216
0.382843 9.9955E-05 9.9955E-05 9.9955E-05 0.447628 0.0377977 0.0931981 9.9955E-05 9.9955E-05 0.0380325
0.0610108 9.9955E-05 9.9955E-05 9.9955E-05 9.9955E-05 0.110804 0.511209 9.9955E-05 0.237214 0.0792634
0.228813 9.9964E-05 9.9964E-05 0.256446 9.9964E-05 0.0620417 0.348846 9.9964E-05 0.0977264 0.00572644
0.308307 0.0639573 9.9964E-05 0.0563592 9.9964E-05 9.9964E-05 0.348348 0.0471577 0.175471 9.9964E-05
0.551461 0.0560011 9.9973E-05 0.0343151 9.9973E-05 0.0382496 0.205115 9.9973E-05 0.0673155 0.0472433
0.173184 0.000886401 9.9964E-05 0.0713577 9.9964E-05 9.9964E-05 0.469353 9.9964E-05 0.122426 0.162393
0.499761 0.0321132 0.00381871 0.0490012 9.9982E-05 0.116757 0.118234 0.0526225 0.127492 9.9982E-05
0.632264 9.9964E-05 9.9964E-05 9.9964E-05 9.9964E-05 0.146739 0.0419673 0.0703936 0.10004 0.00819603
0.509659 9.9982E-05 0.00676101 0.0438147 0.00776712 0.0957284 0.296296 9.9982E-05 0.028054 0.0117197
0.384319 0.0785203 9.9982E-05 0.0360415 9.9982E-05 0.0074328 0.231347 0.0561841 0.0914968 0.114459
0.354956 0.0475336 0.0148382 0.0768265 0.0169658 9.9991E-05 0.136134 0.043902 0.178231 0.130513
0.144315 0.0642581 9.9955E-05 9.9955E-05 9.9955E-05 9.9955E-05 0.539759 9.9955E-05 0.133111 0.118057
0.265646 0.127774 9.9973E-05 0.0121853 9.9973E-05 0.0165639 0.310069 9.9973E-05 0.203835 0.0636264
0.602844 9.9955E-05 9.9955E-05 0.118096 9.9955E-05 0.0185018 0.248267 9.9955E-05 0.0117916 9.9955E-05
0.630985 9.9973E-05 0.0215556 0.0724659 9.9973E-05 9.9973E-05 0.22826 0.000287649 0.0164892 0.0296563
0.41503 9.9982E-05 0.000530981 0.0818844 9.9982E-05 0.13071 0.166768 0.0103821 0.157837 0.0366572
0.564385 0.02737 9.9964E-05 0.0891266 9.9964E-05 0.0925405 0.086141 9.9964E-05 0.140037 9.9964E-05
0.356299 9.9964E-05 0.0309551 9.9964E-05 9.9964E-05 0.129249 0.318697 0.0235967 0.140804 9.9964E-05
0.580727 0.0357586 9.9973E-05 0.120615 9.9973E-05 0.00611436 0.0912041 9.9973E-05 0.129762 0.0355183
0.522092 0.0364604 0.0635911 0.0701119 0.0651069 9.9973E-05 0.113715 9.9973E-05 0.128623 9.9973E-05
0.508484 0.0802146 0.0753309 0.109139 9.9964E-05 9.9964E-05 0.196308 0.0301234 9.9964E-05 9.9964E-05
0.371925 0.111031 0.267498 9.9982E-05 0.0655251 0.0972134 0.0426572 0.0333494 9.9982E-05 0.0106019
0.415624 0.183662 0.0546204 9.9973E-05 9.9973E-05 0.0942528 0.0561101 0.0438866 9.9973E-05 0.151544
0.48 0.139131 0.128473 9.9982E-05 0.0856427 0.0490882 0.0279758 0.0332607 9.9982E-05 0.0562295
0.558939 0.137528 0.0250358 0.0764062 0.0230725 0.0725546 0.0388119 0.0311962 0.0156802 0.0207757
0.315353 0.226915 0.172485 0.0455429 9.9982E-05 0.0361777 0.159888 0.0156464 9.9982E-05 0.0277919
0.367194 0.00459185 9.9991E-05 0.132372 0.129267 0.0210283 0.22537 0.0115979 0.0844721 0.024008
0.49864 0.178999 0.10448 0.00834351 9.9973E-05 0.00992583 0.178814 0.0204986 9.9973E-05 9.9973E-05
0.129176 9.9973E-05 0.16661 0.079419 0.00120735 0.350876 0.0952689 9.9973E-05 9.9973E-05 0.177143
0.403315 0.142189 0.0905824 9.9982E-05 0.0552242 0.0469056 0.172707 0.0408872 0.0479896 9.9982E-05
0.526812 0.121641 0.0348052 0.0454767 0.0254806 0.0967376 0.0287428 0.057366 0.0398263 0.0231118
0.413011 0.266985 9.9973E-05 0.0372321 0.00450694 0.077929 9.9973E-05 9.9973E-05 0.122779 0.0772572
0.321403 0.0349613 0.0387847 0.0794023 9.9982E-05 0.279024 0.125588 0.0572969 9.9982E-05 0.0633401
0.569979 0.0589792 0.046945 9.9964E-05 9.9964E-05 0.220963 0.0459203 0.0568142 9.9964E-05 9.9964E-05
0.600943 0.0623902 0.101579 0.0285673 0.0587946 0.107093 9.9973E-05 0.0403331 9.9973E-05 9.9973E-05
9.9964E-05 0.119423 0.329344 0.0921559 9.9964E-05 0.408145 9.9964E-05 0.0214546 9.9964E-05 0.0290782
0.441187 0.223024 0.0503002 9.9955E-05 9.9955E-05 9.9955E-05 0.155077 0.129912 9.9955E-05 9.9955E-05
0.536774 0.130148 0.0850201 0.0175083 9.9973E-05 0.113843 0.0808548 0.0355517 9.9973E-05 9.9973E-05
0.607852 0.094818 0.0815771 0.0443538 0.045523 0.0376676 9.9982E-05 9.9982E-05 0.00935314 0.078655
0.56078 0.129952 0.0868273 9.9955E-05 9.9955E-05 0.193904 0.0280369 9.9955E-05 9.9955E-05 9.9955E-05
0.434076 0.104278 0.118359 0.0357772 0.000488664 9.9982E-05 0.111743 0.0827915 9.9982E-05 0.112287
0.364201 0.0444745 9.9982E-05 0.417404 0.012359 9.9982E-05 0.0422299 0.0559738 0.00384554 0.0593126
0.436404 0.0330879 0.041761 0.244992 0.038781 0.0440596 0.136507 0.022483 9.9991E-05 0.00182538
9.9937E-05 9.9937E-05 9.9937E-05 0.791605 9.9937E-05 9.9937E-05 0.157621 9.9937E-05 9.9937E-05 0.0500746
9.99693E-05 9.99693E-05 0.00932584 0.860173 0.0730073 9.99693E-05 9.99693E-05 0.00277522 0.0124497 0.0418693
0.472797 0.0636912 0.0143742 0.254123 9.9955E-05 9.9955E-05 0.194515 9.9955E-05 9.9955E-05 9.9955E-05
0.437289 0.209072 0.158079 0.0468919 0.0464998 0.0633358 0.0266969 9.9982E-05 0.0119363 9.9982E-05
0.33826 0.272299 0.0211716 0.186978 9.9964E-05 0.177493 9.9964E-05 0.00339846 9.9964E-05 9.9964E-05
0.19046 0.224832 0.133999 0.166003 9.9973E-05 0.258272 0.0206927 0.00544124 9.9973E-05 9.9973E-05
0.276785 0.2315 0.071036 0.199478 9.9973E-05 0.121082 0.0480864 0.0517319 9.9973E-05 9.9973E-05
0.0656539 0.0297242 0.0378179 0.662977 0.0165977 0.186829 9.9964E-05 9.9964E-05 9.9964E-05 9.9964E-05
0.178125 9.9955E-05 0.00206099 0.607785 9.9955E-05 0.165422 9.9955E-05 0.046107 9.9955E-05 9.9955E-05
0.50562 0.0392684 9.9973E-05 0.358307 9.9973E-05 0.00253047 9.9973E-05 0.0506889 0.0394814 0.0038034
0.38506 0.101998 0.0858768 0.426465 9.9946E-05 9.9946E-05 9.9946E-05 9.9946E-05 9.9946E-05 9.9946E-05
0.126462 0.089268 9.9955E-05 0.634984 9.9955E-05 0.0898348 9.9955E-05 0.0589519 9.9955E-05 9.9955E-05
0.453853 0.0716713 9.9964E-05 0.33848 9.9964E-05 0.0238945 0.0758898 0.0358116 9.9964E-05 9.9964E-05
0.503815 0.0963454 0.0211926 0.327107 9.9964E-05 0.0341945 9.9964E-05 0.0169464 9.9964E-05 9.9964E-05
0.330115 0.134785 0.0823528 0.194399 0.0808924 0.00905564 0.0566303 9.9991E-05 0.0614743 0.0501959
0.336249 9.9964E-05 0.0280165 0.567368 0.0224939 9.9964E-05 9.9964E-05 9.9964E-05 0.0364038 0.00906943
0.366404 9.9973E-05 9.9973E-05 0.458346 0.00383725 9.9973E-05 0.07271 0.0289044 0.000958785 0.0685391
0.460771 0.011522 0.0529431 0.176601 0.0590973 0.0745196 9.9991E-05 0.0023821 0.0631003 0.0989637
0.309869 0.0372368 0.0273575 0.386353 0.0666899 9.9982E-05 9.9982E-05 0.0228685 0.0877786 0.0616463
0.370755 0.0588818 9.9982E-05 0.10533 0.0178627 0.134713 0.104009 9.9982E-05 0.0848242 0.123424
0.428643 9.9955E-05 9.9955E-05 0.421804 0.0705414 9.9955E-05 0.0447242 9.9955E-05 9.9955E-05 0.0337881
0.173019 9.9946E-05 9.9946E-05 0.66814 0.115385 9.9946E-05 9.9946E-05 9.9946E-05 0.0428571 9.9946E-05
0.581804 0.0103331 9.9973E-05 0.302537 9.9973E-05 0.0177542 0.00641444 9.9973E-05 0.0162991 0.0645585
0.437477 0.0570077 0.064415 0.157271 0.0863178 9.9982E-05 0.0620214 9.9982E-05 0.0358659 0.0994242
0.204934 9.9946E-05 9.9946E-05 0.729099 9.9946E-05 9.9946E-05 0.0293585 9.9946E-05 0.0360087 9.9946E-05
0.435543 0.00917465 9.9964E-05 0.480373 0.0317801 9.9964E-05 9.9964E-05 0.00703751 0.0356925 9.9964E-05
0.537168 0.0144773 9.9991E-05 0.297905 0.0358259 0.0109399 0.0081175 0.0501566 0.0184698 0.0268396
0.440823 0.00238483 0.038125 0.254201 0.0292837 0.000996328 0.0657703 0.0353969 0.0307645 0.102254
0.491861 0.124943 0.177786 0.045731 0.052829 9.9991E-05 0.00102606 0.0126883 0.0745277 0.0185087
0.307779 0.180038 0.103905 0.0936203 0.177254 9.9982E-05 0.0600727 0.0352186 0.0419123 9.9982E-05
0.288215 0.242316 0.14633 0.0434788 0.18373 0.0251644 0.030496 0.0151664 9.9991E-05 0.0250023
0.222188 0.259421 9.9982E-05 0.101993 0.0207238 0.149288 0.0265432 0.0604586 0.159184 9.9982E-05
0.436683 0.137175 0.0839999 9.9991E-05 0.0647375 0.045061 0.0702721 0.00934768 0.0598827 0.0927418
0.34794 0.219579 0.102307 0.116633 0.00730207 0.0545154 9.9991E-05 0.0164393 0.0774356 0.0577482
9.9964E-05 0.102357 0.130884 0.559328 9.9964E-05 0.122375 9.9964E-05 0.037513 0.0471431 9.9964E-05
0.602379 0.120547 0.0366689 0.107067 0.0416013 9.9973E-05 9.9973E-05 0.0861348 0.00530201 9.9973E-05
9.9955E-05 0.0749847 0.296793 0.414262 9.9955E-05 0.191773 9.9955E-05 0.0216875 9.9955E-05 9.9955E-05
0.587459 0.120946 0.0639867 0.200885 9.9955E-05 0.0262237 9.9955E-05 9.9955E-05 9.9955E-05 9.9955E-05
0.0497399 9.9937E-05 9.9937E-05 0.762842 9.9937E-05 9.9937E-05 9.9937E-05 9.9937E-05 9.9937E-05 0.186719
9.9937E-05 9.9937E-05 9.9937E-05 0.913111 9.9937E-05 9.9937E-05 9.9937E-05 0.00647416 9.9937E-05 0.079715
