9.9973E-05 0.0585181 9.9973E-05 0.00366112 9.9973E-05 0.805292 0.0803574 0.00921148 0.0201514 0.0225085
0.0312401 9.9955E-05 0.0286929 9.9955E-05 0.0307007 0.907335 9.9955E-05 9.9955E-05 9.9955E-05 0.00153124
9.9964E-05 0.0812272 9.9964E-05 0.110799 9.9964E-05 0.696154 0.0475346 9.9964E-05 0.00333231 0.0605533
9.9964E-05 0.0631635 9.9964E-05 0.062489 0.0291134 0.68864 9.9964E-05 9.9964E-05 0.0903814 0.0658132
0.0382959 9.9955E-05 9.9955E-05 0.0552033 9.9955E-05 0.843111 9.9955E-05 9.9955E-05 0.0462621 0.0166282
9.9973E-05 0.0243134 0.33018 9.9973E-05 0.0350372 0.518432 9.9973E-05 0.0225106 0.0587166 0.010511
9.99371E-05 0.0527768 0.225648 9.99371E-05 9.99371E-05 0.720876 9.99371E-05 9.99371E-05 9.99371E-05 9.99371E-05
0.00288084 0.0352545 0.274419 9.9955E-05 9.9955E-05 0.667044 9.9955E-05 9.9955E-05 0.0199015 9.9955E-05
9.99549E-05 0.0395063 9.99549E-05 9.99549E-05 9.99549E-05 0.759402 0.0747981 0.0775411 9.99549E-05 0.0482529
9.9946E-05 0.0365558 0.225874 9.9946E-05 9.9946E-05 0.60873 9.9946E-05 9.9946E-05 0.128241 9.9946E-05
9.9937E-05 9.9937E-05 0.279292 9.9937E-05 9.9937E-05 0.711168 9.9937E-05 9.9937E-05 9.9937E-05 0.00883993
9.9955E-05 9.9955E-05 0.073943 0.019403 0.794824 9.9955E-05 9.9955E-05 0.00740904 0.103922 9.9955E-05
9.9955E-05 0.0672952 0.0545646 0.44709 0.418423 9.9955E-05 9.9955E-05 9.9955E-05 9.9955E-05 0.0121277
9.9964E-05 0.0168731 9.9964E-05 0.11886 0.69459 0.0264445 0.116033 9.9964E-05 0.0268002 9.9964E-05
9.9964E-05 0.0160169 9.9964E-05 0.166306 0.70071 9.9964E-05 0.0125042 9.9964E-05 0.103232 0.000830831
9.9964E-05 0.0107376 0.0563345 0.260975 0.43718 0.103023 9.9964E-05 9.9964E-05 0.131351 9.9964E-05
9.9946E-05 9.9946E-05 9.9946E-05 0.478975 0.339032 9.9946E-05 0.0516519 9.9946E-05 0.129741 9.9946E-05
9.9964E-05 0.0181088 0.103155 0.290029 0.463141 9.9964E-05 9.9964E-05 0.0408981 0.0842687 9.9964E-05
9.9964E-05 9.9964E-05 9.9964E-05 0.185361 0.605982 0.0552452 0.0876317 0.00972439 0.055656 9.9964E-05
9.9955E-05 0.00160521 0.121206 9.9955E-05 0.821525 0.00616492 9.9955E-05 9.9955E-05 9.9955E-05 0.0489995
9.9955E-05 0.0273744 9.9955E-05 0.291569 0.482436 9.9955E-05 9.9955E-05 0.102608 0.0955131 9.9955E-05
0.0445859 0.0253168 0.0784072 0.384813 0.362423 9.9973E-05 0.0842074 9.9973E-05 0.0199459 9.9973E-05
9.9973E-05 9.9973E-05 0.158638 0.455103 0.248009 0.0330398 0.0151852 0.0869502 0.00277522 9.9973E-05
9.9973E-05 0.0223502 0.0711939 0.0801919 0.686067 0.0105257 9.9973E-05 0.0605805 0.0687906 9.9973E-05
0.00263997 0.0113172 0.128943 0.495201 0.230997 9.9982E-05 9.9982E-05 0.00977411 0.0863799 0.0345487
9.9955E-05 0.013076 0.114998 0.358773 0.438727 9.9955E-05 9.9955E-05 9.9955E-05 0.073926 9.9955E-05
9.9955E-05 0.0177251 0.0847668 9.9955E-05 0.795755 0.000728914 9.9955E-05 9.9955E-05 0.100524 9.9955E-05
9.9937E-05 0.0173595 9.9937E-05 9.9937E-05 0.832303 9.9937E-05 9.9937E-05 9.9937E-05 0.149638 9.9937E-05
0.0494443 9.9973E-05 0.065919 0.0533724 0.81918 0.000405163 0.0059222 9.9973E-05 0.00545661 9.9973E-05
9.99201E-05 0.999101 9.99201E-05 9.99201E-05 9.99201E-05 9.99201E-05 9.99201E-05 9.99201E-05 9.99201E-05 9.99201E-05
9.99201E-05 0.999101 9.99201E-05 9.99201E-05 9.99201E-05 9.99201E-05 9.99201E-05 9.99201E-05 9.99201E-05 9.99201E-05
9.9964E-05 0.333694 9.9964E-05 0.102501 9.9964E-05 0.504615 0.0206413 0.00469275 0.0334564 9.9964E-05
9.9973E-05 0.248765 9.9973E-05 0.107497 9.9973E-05 0.503578 0.000121523 0.0637194 0.0503916 0.0256272
0.0235855 9.9973E-05 0.096248 0.506619 0.0902742 0.0443394 9.9973E-05 0.229307 0.00932641 9.9973E-05
0.00301376 9.9982E-05 0.0204599 0.43111 0.116249 0.085976 0.00325945 0.295385 0.0443474 9.9982E-05
0.0718767 0.00876525 0.0572417 0.50638 9.9973E-05 9.9973E-05 0.00203183 0.332649 0.020756 9.9973E-05
0.0113045 0.0358108 0.00406445 0.0523958 0.531421 0.0977409 0.0234531 0.0616224 9.9991E-05 0.182087
0.0415923 0.00940165 0.0063853 0.345112 0.0299377 9.9982E-05 0.0516679 0.500447 9.9982E-05 0.015256
0.0370914 9.9982E-05 9.9982E-05 0.458337 0.131381 0.13812 0.0150501 0.183617 0.0245031 0.0117013
9.9973E-05 0.0495072 0.0734095 0.661475 9.9973E-05 0.0149608 0.00931784 0.134622 0.0564084 9.9973E-05
9.9964E-05 0.0241725 0.385309 0.471788 9.9964E-05 0.0540969 9.9964E-05 0.0429206 9.9964E-05 0.0213133
9.999E-05 0.0487051 0.055302 0.580309 0.0172249 0.0674528 0.0504883 0.0802158 0.011084 0.0891182
9.9964E-05 9.9964E-05 9.9964E-05 0.0750296 0.231942 0.0339555 0.0256547 0.628978 0.00404089 9.9964E-05
9.9973E-05 0.0124886 0.263162 0.500527 0.087002 0.00858221 9.9973E-05 0.0846809 0.0432575 9.9973E-05
9.9973E-05 9.9973E-05 0.0586836 0.533029 0.0804374 9.9973E-05 0.0296408 0.196063 0.0717573 0.0300891
0.029793 0.094671 9.9982E-05 0.587428 0.0125892 9.9982E-05 0.0889518 0.114004 0.0410327 0.0313298
0.0260743 9.9946E-05 9.9946E-05 0.340069 9.9946E-05 9.9946E-05 0.00707134 0.626186 9.9946E-05 9.9946E-05
0.0611137 0.00849626 9.9973E-05 0.557774 9.9973E-05 9.9973E-05 0.0841273 0.250899 0.00694748 0.0303425
0.0501599 0.0314459 0.043589 0.427179 9.9982E-05 0.0837124 0.0107783 0.235277 0.117658 9.9982E-05
0.101213 9.9955E-05 0.0135965 9.9955E-05 9.9955E-05 0.0126041 0.185844 0.686243 9.9955E-05 9.9955E-05
0.120363 9.9973E-05 0.0311973 0.137218 0.22442 9.9973E-05 0.0145706 0.192537 9.9973E-05 0.279394
0.050526 9.9955E-05 0.314601 9.9955E-05 0.368088 9.9955E-05 0.179978 0.0863073 9.9955E-05 9.9955E-05
0.0843404 0.0537514 0.0896445 0.549102 0.0284499 0.0445468 0.0157344 9.9991E-05 0.0307552 0.103576
0.0873294 0.0382268 0.0453709 0.651 0.0710118 0.0713642 0.0353965 9.9973E-05 9.9973E-05 9.9973E-05
0.0846908 9.9991E-05 0.0500508 0.57445 0.0812896 0.0453809 0.0366116 0.036371 0.0357564 0.0552985
0.0371046 0.018979 0.0259864 0.127566 0.191402 9.9982E-05 0.135055 0.243885 9.9982E-05 0.219823
0.0386663 9.9964E-05 0.0336307 0.559405 0.175581 9.9964E-05 0.0825641 9.9964E-05 9.9964E-05 0.109752
9.9982E-05 0.007539 0.114814 0.526812 0.171467 0.00379247 9.9982E-05 0.0534446 0.0854971 0.0364327
0.0178788 0.0379889 0.112817 0.251979 0.328487 0.0843147 9.9991E-05 0.133397 0.0328531 0.00018526
9.999E-05 0.0277589 0.0343593 0.0289602 0.381214 0.0997293 0.19975 0.0858587 0.0234259 0.118844
0.0826331 0.055309 9.9973E-05 0.573077 0.0993455 9.9973E-05 0.0792545 0.0576594 9.9973E-05 0.0524222
0.0611722 9.9955E-05 9.9955E-05 0.376899 0.303794 9.9955E-05 0.161349 9.9955E-05 9.9955E-05 0.096285
0.0670373 0.0592826 0.104269 9.9973E-05 0.517533 9.9973E-05 0.0581965 0.0935093 9.9973E-05 0.099873
0.0358969 9.9964E-05 9.9964E-05 0.415851 0.426108 9.9964E-05 0.014334 0.062573 0.0448381 9.9964E-05
0.11485 9.9982E-05 0.00602357 0.539312 0.102714 9.9982E-05 0.0201109 0.11655 0.0741863 0.0260526
9.9964E-05 0.0467304 9.9964E-05 0.44825 0.269197 9.9964E-05 0.101578 0.0581072 0.0757373 9.9964E-05
0.0348871 0.0567988 0.0120978 0.162355 0.401 9.9991E-05 0.0888993 0.177668 0.0257387 0.0404552
0.0267242 0.0219255 9.9982E-05 0.366449 0.337618 9.9982E-05 0.100024 0.116967 0.0150679 0.0150243
0.0158319 0.0674973 9.9982E-05 0.603799 0.0706402 0.0222265 0.0496538 0.0246353 9.9982E-05 0.145516
0.0606995 0.0549167 9.9973E-05 0.0950357 0.489305 9.9973E-05 0.0704607 0.119834 9.9973E-05 0.109449
9.9937E-05 9.9937E-05 9.9937E-05 0.518052 0.0858047 9.9937E-05 9.9937E-05 0.395444 9.9937E-05 9.9937E-05
9.9955E-05 0.0194356 9.9955E-05 0.148363 0.137344 0.00221371 9.9955E-05 0.692144 9.9955E-05 9.9955E-05
0.0777393 0.0496646 9.9973E-05 0.563385 9.9973E-05 0.0544259 0.0454965 0.0864108 9.9973E-05 0.122578
0.0238032 9.9955E-05 0.0472732 9.9955E-05 9.9955E-05 9.9955E-05 0.0821735 0.838587 9.9955E-05 0.00766344
0.0581139 9.9955E-05 9.9955E-05 9.9955E-05 0.0701575 9.9955E-05 0.0288797 0.834424 9.9955E-05 0.00792564
9.9937E-05 9.9937E-05 9.9937E-05 0.264989 9.9937E-05 9.9937E-05 9.9937E-05 0.713678 9.9937E-05 0.0206327
9.9973E-05 0.000231616 9.9973E-05 0.481111 0.0710442 0.0370146 0.0171955 0.39006 9.9973E-05 0.00304256
9.9973E-05 0.0192498 0.0507304 0.55432 9.9973E-05 0.00291048 0.138764 0.156033 9.9973E-05 0.0776927
9.9955E-05 0.0235015 9.9955E-05 0.410438 9.9955E-05 9.9955E-05 9.9955E-05 0.471293 0.0393311 0.0549367
9.9973E-05 0.00389653 9.9973E-05 0.107062 0.0344326 0.0738526 9.9973E-05 0.662199 0.00576535 0.112492
9.9964E-05 0.0178757 9.9964E-05 0.241683 0.140778 0.00207085 9.9964E-05 0.437165 9.9964E-05 0.160028
0.0705213 0.0322544 9.9982E-05 0.414563 0.0359013 0.0682952 9.9982E-05 0.199162 0.0977338 0.0813685
9.9964E-05 9.9964E-05 0.0611414 0.203574 0.16094 0.0270247 9.9964E-05 0.463815 0.0831056 9.9964E-05
9.9973E-05 0.0587595 0.0449498 0.333321 0.0808262 9.9973E-05 9.9973E-05 0.392836 0.0310322 0.057975
9.9973E-05 0.0115123 0.0517157 0.381095 9.9973E-05 9.9973E-05 0.00474213 0.5216 0.00190035 0.0271347
0.0987771 9.9964E-05 0.0427972 9.9964E-05 0.0284633 0.0215763 0.0786594 0.729327 9.9964E-05 9.9964E-05
9.9964E-05 0.0410099 0.0604604 0.610027 9.9964E-05 9.9964E-05 9.9964E-05 0.20135 0.0266561 0.0600968
9.9955E-05 0.0300543 9.9955E-05 0.109992 0.0897166 0.768002 9.9955E-05 9.9955E-05 0.00173542 9.9955E-05
9.99371E-05 0.107237 9.99371E-05 0.0652071 9.99371E-05 0.826856 9.99371E-05 9.99371E-05 9.99371E-05 9.99371E-05
9.9964E-05 0.0896418 9.9964E-05 0.0639733 9.9964E-05 0.773019 0.0333419 9.9964E-05 0.033344 0.00627955
9.9946E-05 0.114415 9.9946E-05 0.0247455 9.9946E-05 0.759195 0.101044 9.9946E-05 9.9946E-05 9.9946E-05
0.0421197 0.100489 9.9964E-05 0.0723589 9.9964E-05 0.773703 0.00642717 9.9964E-05 0.00450282 9.9964E-05
9.9973E-05 0.0480307 9.9973E-05 0.0460093 9.9973E-05 0.786374 0.0719518 0.0210868 0.0197803 0.00646709
9.99461E-05 0.0824962 0.00417912 0.0760161 9.99461E-05 0.836709 9.99461E-05 9.99461E-05 9.99461E-05 9.99461E-05
9.9982E-05 0.015952 0.0356108 0.496032 9.9982E-05 0.0228767 0.138015 0.221582 0.0336206 0.0361113
9.9973E-05 0.0144428 0.0764871 0.469766 0.0453236 0.0512015 9.9973E-05 0.226507 0.115972 9.9973E-05
0.0106698 9.9964E-05 9.9964E-05 0.00497804 0.152969 0.0172102 0.0193307 0.794443 9.9964E-05 9.9964E-05
9.9982E-05 0.107859 0.0149659 0.528331 0.0893019 0.00500895 0.0564559 0.179264 0.0186141 9.9982E-05
9.9973E-05 0.0343755 0.0112914 0.322966 0.213315 0.00802215 9.9973E-05 0.392463 0.0172679 9.9973E-05
9.9937E-05 9.9937E-05 9.9937E-05 0.568466 9.9937E-05 0.0387979 9.9937E-05 0.392037 9.9937E-05 9.9937E-05
0.0773985 0.00893376 0.0312458 0.450292 0.0381761 0.0163534 9.9982E-05 0.32492 0.05248 9.9982E-05
9.9964E-05 0.0696759 0.00985222 0.34083 9.9964E-05 0.00637958 9.9964E-05 0.481429 0.0914339 9.9964E-05
9.9946E-05 9.9946E-05 9.9946E-05 9.9946E-05 0.177441 0.0665151 9.9946E-05 0.702521 9.9946E-05 0.0529229
9.9973E-05 0.0515228 0.137922 0.558326 9.9973E-05 0.0861847 0.0416298 0.0699514 9.9973E-05 0.0541634
0.016359 9.9982E-05 0.0801286 0.641433 0.0819899 0.0312993 0.0198787 0.109644 0.0190679 9.9982E-05
9.9973E-05 0.00378641 9.9973E-05 0.569357 9.9973E-05 0.0147696 0.0770034 0.17281 0.0450773 0.116896
9.9964E-05 0.0149275 0.0358052 0.248275 9.9964E-05 0.0575817 0.0383068 0.604704 9.9964E-05 9.9964E-05
0.0550004 9.9955E-05 9.9955E-05 0.415537 9.9955E-05 9.9955E-05 9.9955E-05 0.454977 0.0628983 0.0110879
0.0266339 0.0134907 0.0258766 0.402317 0.231258 0.000154706 9.9982E-05 0.26332 9.9982E-05 0.0367498
0.00682011 9.9955E-05 0.0134786 0.325587 9.9955E-05 9.9955E-05 9.9955E-05 0.610477 0.0431366 9.9955E-05
9.9973E-05 0.044897 0.0166712 0.395215 0.050721 0.0258445 9.9973E-05 0.415931 9.9973E-05 0.0504204
0.00996333 0.0145406 0.0760461 0.521695 9.9991E-05 0.0525637 0.0207863 0.174439 0.0281658 0.1017
0.215428 9.9964E-05 9.9964E-05 0.169028 0.423163 9.9964E-05 0.0749902 0.0362048 9.9964E-05 0.0807859
0.0147882 0.0710639 0.0207447 0.389008 0.156651 0.039555 0.0686649 9.9982E-05 9.9982E-05 0.239324
0.113612 0.0625572 0.0192347 0.465148 0.199528 9.9973E-05 9.9973E-05 9.9973E-05 0.0758582 0.0637623
0.00884806 9.9982E-05 0.0738897 0.556308 0.0168405 0.100309 9.9982E-05 0.172684 0.00768888 0.0632319
0.0768375 0.0659855 9.9955E-05 0.410574 0.415095 9.9955E-05 0.0310081 9.9955E-05 9.9955E-05 9.9955E-05
9.9946E-05 9.9946E-05 0.0666741 0.54419 0.269566 9.9946E-05 9.9946E-05 9.9946E-05 9.9946E-05 0.11897
0.0373086 9.9964E-05 9.9964E-05 0.472268 0.30555 0.0133896 0.0108685 9.9964E-05 9.9964E-05 0.160216
0.0782464 9.9982E-05 0.035639 0.48917 0.0734873 0.0185417 0.0974768 0.0225292 9.9982E-05 0.184709
0.0355628 9.9982E-05 0.0254942 0.593929 0.0676576 0.116053 0.0117516 0.0197369 9.9982E-05 0.129615
0.0952351 0.0372747 9.9973E-05 0.481351 0.219317 9.9973E-05 0.0623608 0.068624 9.9973E-05 0.0355374
0.0552859 9.9964E-05 9.9964E-05 0.46822 0.224401 9.9964E-05 0.00724694 0.0683265 9.9964E-05 0.17612
0.0293089 0.00280564 0.149109 0.523077 0.0526134 9.9991E-05 0.0481107 0.0345755 0.0186232 0.141677
9.9982E-05 0.0857236 0.129327 0.471471 0.0368048 0.00808308 0.0377728 9.9982E-05 0.110915 0.119703
0.045807 9.9964E-05 9.9964E-05 0.550347 0.202609 9.9964E-05 9.9964E-05 0.0839447 0.031902 0.0849904
0.0362143 0.0451241 0.0564273 0.526293 9.9991E-05 0.0571979 0.0338209 0.0782594 0.0566462 0.109917
0.0171302 0.0176983 0.0149053 0.498804 0.0803858 9.9991E-05 0.0570037 0.0680604 0.0945992 0.151313
0.110514 0.000661877 9.9973E-05 0.312243 0.381121 0.0784643 0.112797 9.9973E-05 9.9973E-05 0.00390009
0.121598 0.00176112 9.9973E-05 0.630744 0.120657 0.0191572 9.9973E-05 9.9973E-05 0.0202675 0.085515
0.0886553 0.000779055 9.9964E-05 0.63336 0.155537 9.9964E-05 0.0921676 9.9964E-05 9.9964E-05 0.0291006
0.0572338 9.9973E-05 9.9973E-05 0.161507 0.343257 9.9973E-05 0.048062 0.154895 0.066462 0.168284
0.133958 9.9973E-05 9.9973E-05 0.121407 0.405993 0.0155012 0.137664 0.120097 9.9973E-05 0.0650802
9.9973E-05 0.0142856 9.9973E-05 0.469655 0.171629 0.0582268 0.03963 0.101247 9.9973E-05 0.145026
0.311887 0.00705088 9.9982E-05 0.0728479 0.0675281 9.9982E-05 0.109439 0.143576 0.063108 0.224363
0.0331113 9.9964E-05 9.9964E-05 0.226 0.46123 0.0585779 9.9964E-05 0.0806399 9.9964E-05 0.140042
0.0229652 9.9973E-05 0.035272 0.379111 0.314746 0.0105501 9.9973E-05 0.169602 9.9973E-05 0.0674537
0.055888 0.0140059 9.9973E-05 0.273661 0.350268 0.0392861 9.9973E-05 0.116934 9.9973E-05 0.149657
0.0228208 9.9982E-05 0.0809553 0.185558 0.498298 0.0419438 9.9982E-05 0.0721383 0.013794 0.0842916
0.0195278 0.05489 9.9982E-05 0.601449 0.0546893 9.9982E-05 0.0821145 0.0964782 0.0144288 0.0762227
9.9982E-05 0.00572684 9.9982E-05 0.559354 0.0765942 0.0590408 0.0621791 0.0943364 0.0244917 0.118077
9.9982E-05 9.9982E-05 0.0221753 0.418668 0.23481 0.0169615 0.0416181 0.0645581 0.0968743 0.104135
0.122335 9.9982E-05 0.0479439 0.101815 0.253233 9.9982E-05 0.188953 0.136688 0.00166517 0.147166
0.0112044 0.00491712 0.160862 0.580254 0.000238215 0.152156 0.0305403 0.0150471 9.9991E-05 0.0446806
0.122714 0.0242728 0.075923 0.503588 0.038219 0.0145751 0.081086 0.0638346 0.0203131 0.0554735
0.202015 0.0145696 0.24767 9.9982E-05 0.0264633 0.0271921 0.213679 0.13414 9.9982E-05 0.13407
0.0153348 0.0199916 0.190544 0.579224 9.9964E-05 0.0963482 9.9964E-05 0.0981576 9.9964E-05 9.9964E-05
0.0741253 9.9973E-05 0.0712572 0.301941 9.9973E-05 0.0646715 0.161628 0.245703 9.9973E-05 0.080374
0.0815274 9.9982E-05 0.0289514 0.472958 0.123367 0.0587385 0.16275 0.0681325 9.9982E-05 0.00337519
0.0791953 0.0285234 0.284201 0.2109 0.0574317 0.00480885 0.241873 0.0437442 9.9991E-05 0.0492229
0.111114 0.0528814 0.358197 0.0668212 0.162904 9.9982E-05 0.115607 0.0933079 9.9982E-05 0.0389672
0.180362 0.00768517 0.187505 0.380701 0.000141103 9.9982E-05 0.104597 0.0536092 9.9982E-05 0.0852006
0.14432 0.00869875 0.0312542 0.388102 0.144233 0.0854358 9.9991E-05 0.0558252 0.141408 0.000623155
0.0994028 9.9973E-05 0.162648 0.382835 0.1529 0.110187 0.0296641 0.0620633 9.9973E-05 9.9973E-05
0.0724165 0.0021969 0.213752 9.9973E-05 0.2018 9.9973E-05 0.224384 0.195702 0.0894481 9.9973E-05
0.112502 0.00106157 0.0366785 0.558242 0.0304937 0.0623148 0.0279249 0.0157632 0.0835913 0.0714281
9.9964E-05 9.9964E-05 0.353655 0.296953 0.103726 9.9964E-05 0.072739 0.163849 9.9964E-05 0.00867882
0.0365478 9.9973E-05 0.148966 0.396135 0.129065 9.9973E-05 0.0748001 0.180687 9.9973E-05 0.033499
0.0768944 0.0644793 0.140567 0.538129 0.000631856 0.0635781 9.9991E-05 0.0613326 0.00682318 0.0474644
9.9973E-05 0.0138278 0.249051 0.0665135 0.0850432 0.202892 0.107734 9.9973E-05 0.274638 9.9973E-05
9.9946E-05 9.9946E-05 0.0703454 9.9946E-05 9.9946E-05 0.393887 0.452145 9.9946E-05 0.0830226 9.9946E-05
0.0318398 0.0102633 0.0833429 9.9964E-05 9.9964E-05 0.281572 0.530192 9.9964E-05 0.0623903 9.9964E-05
9.9973E-05 0.00334452 0.0758548 0.0930876 0.0346539 0.274614 0.266367 9.9973E-05 0.251778 9.9973E-05
0.0113679 9.9946E-05 0.335657 0.644512 9.9946E-05 9.9946E-05 0.00786317 9.9946E-05 9.9946E-05 9.9946E-05
0.0954575 0.0392917 0.09215 0.4436 9.9982E-05 9.9982E-05 0.129443 0.124407 0.0185177 0.0569331
9.9946E-05 0.00946641 9.9946E-05 0.27011 0.0460943 9.9946E-05 9.9946E-05 9.9946E-05 0.67373 9.9946E-05
0.0119471 0.0284733 9.9991E-05 0.28259 0.102225 0.111555 0.0136476 0.0491225 0.343367 0.0569725
0.0462332 0.0282968 9.9982E-05 0.223432 0.141476 0.0562982 9.9982E-05 0.0484943 0.425323 0.0302471
0.221382 0.0314938 0.362798 0.213697 0.0115834 9.9982E-05 0.0331868 0.0977557 0.0279035 9.9982E-05
0.0422661 0.0202047 0.117051 0.476173 0.0739118 9.9991E-05 0.158544 0.0678733 0.0388484 0.0050282
0.17118 9.9964E-05 0.51873 0.108407 0.0347506 9.9964E-05 0.0962387 0.0702939 9.9964E-05 9.9964E-05
0.117034 9.9973E-05 0.224906 0.534194 0.00570018 0.00702802 0.0451548 0.0656824 9.9973E-05 9.9973E-05
0.217916 9.9946E-05 0.241911 0.456899 0.0826742 9.9946E-05 9.9946E-05 9.9946E-05 9.9946E-05 9.9946E-05
0.12961 0.0279809 0.179652 0.538327 0.0494772 9.9982E-05 0.0101706 0.0172143 0.0473675 9.9982E-05
0.133135 9.9973E-05 0.427698 0.0935914 0.170234 9.9973E-05 0.102833 0.058294 9.9973E-05 0.0139143
0.0372203 9.9982E-05 0.127772 0.487735 9.9982E-05 0.0233433 0.0593205 0.135281 0.117697 0.0114315
0.121483 9.9964E-05 0.184416 0.551476 0.0240298 0.0772787 0.0409164 9.9964E-05 9.9964E-05 9.9964E-05
0.0493652 9.9937E-05 9.9937E-05 9.9937E-05 9.9937E-05 9.9937E-05 9.9937E-05 0.00825457 0.941681 9.9937E-05
9.9937E-05 9.9937E-05 0.0316569 0.0872112 9.9937E-05 9.9937E-05 9.9937E-05 9.9937E-05 0.880432 9.9937E-05
9.9964E-05 9.9964E-05 0.13079 0.138717 0.103836 9.9964E-05 9.9964E-05 0.0152712 0.55491 0.0560757
9.9955E-05 9.9955E-05 9.9955E-05 0.24233 0.0443723 0.00577835 9.9955E-05 0.0096509 0.697369 9.9955E-05
9.9964E-05 9.9964E-05 0.0178109 0.123594 0.0287322 0.000865288 9.9964E-05 0.039374 0.789224 9.9964E-05
9.9928E-05 9.9928E-05 9.9928E-05 9.9928E-05 9.9928E-05 9.9928E-05 0.000371353 9.9928E-05 0.998829 9.9928E-05
9.9955E-05 0.0138798 9.9955E-05 9.9955E-05 9.9955E-05 9.9955E-05 0.00355872 0.0108357 0.957561 0.0136652
9.9937E-05 9.9937E-05 9.9937E-05 0.166044 0.0188741 9.9937E-05 9.9937E-05 9.9937E-05 0.814382 9.9937E-05
9.9928E-05 9.9928E-05 9.9928E-05 9.9928E-05 0.0460104 9.9928E-05 9.9928E-05 9.9928E-05 0.95319 9.9928E-05
9.9928E-05 9.9928E-05 9.9928E-05 9.9928E-05 9.9928E-05 9.9928E-05 0.0127688 9.9928E-05 0.986432 9.9928E-05
9.9928E-05 0.0624738 9.9928E-05 9.9928E-05 9.9928E-05 9.9928E-05 9.9928E-05 9.9928E-05 0.936727 9.9928E-05
0.0107399 0.0386836 0.000115652 0.175693 9.9964E-05 0.0380897 9.9964E-05 9.9964E-05 0.736279 9.9964E-05
9.9964E-05 0.0155436 9.9964E-05 0.0365339 0.0240039 0.000851198 9.9964E-05 9.9964E-05 0.831148 0.0915196
9.9937E-05 0.00431684 9.9937E-05 9.9937E-05 9.9937E-05 9.9937E-05 9.9937E-05 0.037801 0.957183 9.9937E-05
9.9976E-05 9.9976E-05 9.9976E-05 0.33683 0.121548 0.0227486 0.0813625 0.0750823 0.336872 0.0252567
9.9964E-05 0.0227017 9.9964E-05 0.153582 9.9964E-05 0.0842963 0.0195871 0.0765433 0.64289 9.9964E-05
9.9955E-05 0.0131516 9.9955E-05 0.162578 9.9955E-05 0.0338381 9.9955E-05 9.9955E-05 0.698674 0.0912586
9.9955E-05 0.0270828 9.9955E-05 0.111048 9.9955E-05 0.0112348 9.9955E-05 9.9955E-05 0.815723 0.0344112
9.9928E-05 9.9928E-05 9.9928E-05 9.9928E-05 9.9928E-05 9.9928E-05 0.0384253 9.9928E-05 0.960775 9.9928E-05
0.0172205 9.9955E-05 9.9955E-05 0.0773215 9.9955E-05 0.0683281 0.0196593 9.9955E-05 0.816971 9.9955E-05
9.9937E-05 0.0223062 9.9937E-05 9.9937E-05 9.9937E-05 0.00874907 9.9937E-05 9.9937E-05 0.968245 9.9937E-05
9.9964E-05 9.9964E-05 9.9964E-05 0.158635 0.0508009 0.0339856 9.9964E-05 0.0801974 0.59552 0.0804613
9.9973E-05 9.9973E-05 0.0157845 0.0320252 0.00871787 0.00219967 9.9973E-05 0.0417244 0.878653 0.0205956
0.0863819 9.9946E-05 0.46149 9.9946E-05 9.9946E-05 0.214962 0.236567 9.9946E-05 9.9946E-05 9.9946E-05
9.9982E-05 0.0489882 0.242067 0.396134 0.0203282 0.117519 0.0995219 0.0221124 9.9982E-05 0.0531292
9.9955E-05 9.9955E-05 0.227731 0.333866 9.9955E-05 0.190783 9.9955E-05 0.156701 0.0904191 9.9955E-05
0.0703142 0.0757208 0.323561 0.148048 9.9982E-05 0.060317 0.271584 9.9982E-05 0.0463673 0.00388765
9.9973E-05 9.9973E-05 0.157914 0.254859 0.270628 0.0986546 0.0282431 0.0530688 0.136333 9.9973E-05
9.9973E-05 0.0439193 0.244171 0.11234 9.9973E-05 0.173828 0.212153 0.103565 0.109724 9.9973E-05
0.0383032 0.0497351 0.253954 0.282201 0.0893187 0.143546 0.0149451 9.9991E-05 0.0997038 0.0281936
9.9964E-05 9.9964E-05 0.338283 0.236632 9.9964E-05 0.0964866 0.176727 0.0222501 0.129222 9.9964E-05
9.9982E-05 0.0841899 0.169129 0.403753 0.0652093 0.091599 0.0687173 0.0160133 0.101189 9.9982E-05
0.0196779 0.0512044 0.300138 0.275762 9.9973E-05 0.0560857 0.134384 9.9973E-05 0.162448 9.9973E-05
9.9973E-05 0.00792523 0.157513 0.320563 0.165247 0.175019 0.0531595 9.9973E-05 0.120273 9.9973E-05
9.9955E-05 9.9955E-05 0.0731772 0.0481962 9.9955E-05 0.826091 9.9955E-05 0.00051341 9.9955E-05 0.051522
0.0363441 0.0839402 9.9955E-05 9.9955E-05 9.9955E-05 0.813597 0.00888998 9.9955E-05 0.0567286 9.9955E-05
9.9955E-05 0.0553966 9.9955E-05 0.00759274 9.9955E-05 0.870098 0.0598482 9.9955E-05 9.9955E-05 0.00656514
9.9955E-05 0.0348707 9.9955E-05 0.0215092 9.9955E-05 0.874502 0.0348031 9.9955E-05 9.9955E-05 0.0338149
9.9964E-05 0.122095 9.9964E-05 9.9964E-05 0.0617914 0.745276 0.0416392 9.9964E-05 0.00654992 0.0222488
0.0223442 0.0879012 9.9964E-05 9.9964E-05 9.9964E-05 0.76351 0.0537242 0.00891909 0.063201 9.9964E-05
9.9946E-05 0.0627005 9.9946E-05 0.017227 9.9946E-05 0.818146 9.9946E-05 9.9946E-05 0.101327 9.9946E-05
0.0630519 0.0360361 9.9955E-05 9.9955E-05 9.9955E-05 0.801437 0.0953094 9.9955E-05 0.00366618 9.9955E-05
9.9964E-05 0.00647095 9.9964E-05 0.0347674 0.00650696 0.891025 0.0528162 9.9964E-05 0.00801404 9.9964E-05
9.9955E-05 0.0254964 9.9955E-05 0.000279971 9.9955E-05 0.78645 0.108741 9.9955E-05 0.0785333 9.9955E-05
0.0793989 0.0426461 9.9964E-05 9.9964E-05 0.192857 0.53876 9.9964E-05 0.043296 9.9964E-05 0.102643
9.9964E-05 0.0344694 9.9964E-05 9.9964E-05 0.153763 0.541631 0.0344298 0.00707657 9.9964E-05 0.22823
0.0841465 0.0425159 9.9964E-05 9.9964E-05 0.227871 0.459214 0.0765929 9.9964E-05 9.9964E-05 0.10926
9.9946E-05 9.9946E-05 0.0754949 9.9946E-05 0.391368 0.480433 9.9946E-05 9.9946E-05 9.9946E-05 0.0521041
0.0519578 0.0564488 9.9973E-05 0.44725 0.1867 0.0212274 9.9973E-05 0.231231 9.9973E-05 0.0048857
0.106308 9.9964E-05 9.9964E-05 0.432624 0.148157 9.9964E-05 9.9964E-05 0.22053 0.0788625 0.013119
0.0270532 0.0350561 0.0233624 0.501687 0.132808 0.0444234 9.9991E-05 0.150423 0.00860663 0.0764807
0.0390691 0.0170225 0.0234247 0.36019 0.206441 9.9982E-05 0.109151 0.177444 9.9982E-05 0.0670572
9.9964E-05 9.9964E-05 0.100738 0.101332 0.472093 9.9964E-05 9.9964E-05 0.0424687 0.0331953 0.249773
0.0530227 0.0220186 0.0432545 0.578541 9.9973E-05 0.0196628 9.9973E-05 0.250229 0.0329708 9.9973E-05
0.0565367 0.0134978 9.9964E-05 0.582276 9.9964E-05 0.00240057 9.9964E-05 0.286416 9.9964E-05 0.0584738
0.00230032 0.0138991 0.079805 0.467709 0.10452 9.9982E-05 0.0461039 0.275774 9.9982E-05 0.00968858
9.9955E-05 9.9955E-05 0.0495796 0.354086 9.9955E-05 9.9955E-05 9.9955E-05 0.536144 0.0160853 0.0436056
9.9955E-05 9.9955E-05 0.0420177 0.638521 9.9955E-05 9.9955E-05 0.111549 0.103242 9.9955E-05 0.104171
0.0397796 9.9964E-05 0.0104909 0.382835 0.103728 9.9964E-05 9.9964E-05 0.324669 9.9964E-05 0.138098
0.218347 0.0302335 0.0109158 9.9964E-05 0.000793858 9.9964E-05 9.9964E-05 0.732967 9.9964E-05 0.00634332
0.15544 9.9973E-05 9.9973E-05 0.479161 0.053451 0.0919857 0.0276411 0.1264 9.9973E-05 0.0656212
0.0779958 0.0296649 0.0321313 0.204986 0.0600897 9.9973E-05 0.0434746 0.551358 9.9973E-05 9.9973E-05
0.0505514 0.0151248 0.0723002 0.440824 0.101498 9.9973E-05 0.000826171 0.318576 9.9973E-05 9.9973E-05
9.9955E-05 9.9955E-05 9.9955E-05 0.0502075 0.204307 0.0685973 9.9955E-05 0.562672 9.9955E-05 0.113716
9.9955E-05 9.9955E-05 0.112395 0.0468898 9.9955E-05 0.04192 0.03279 9.9955E-05 9.9955E-05 0.765506
0.0245974 9.9964E-05 0.142536 0.015057 9.9964E-05 0.0476576 0.00043968 9.9964E-05 9.9964E-05 0.769312
0.0762601 9.9946E-05 0.0946062 0.00409121 9.9946E-05 9.9946E-05 9.9946E-05 9.9946E-05 9.9946E-05 0.824443
0.0160102 9.9946E-05 0.0823764 9.9946E-05 9.9946E-05 0.0308398 9.9946E-05 9.9946E-05 9.9946E-05 0.870174
0.0538892 0.00210405 0.112526 0.030976 0.0382857 9.9973E-05 9.9973E-05 9.9973E-05 0.00649478 0.755424
9.9946E-05 9.9946E-05 0.0011131 0.0698925 9.9946E-05 9.9946E-05 9.9946E-05 9.9946E-05 0.0753366 0.853058
9.9955E-05 0.0748384 9.9955E-05 0.127231 9.9955E-05 0.785849 9.9955E-05 0.00298003 0.00860215 9.9955E-05
9.9964E-05 0.00309852 9.9964E-05 0.0989887 0.0336997 0.780397 0.0389839 9.9964E-05 9.9964E-05 0.044432
9.9964E-05 0.0387367 0.0591692 0.0378359 0.0128719 0.711078 9.9964E-05 9.9964E-05 0.139909 9.9964E-05
9.9973E-05 0.0390119 9.9973E-05 0.046869 0.0554539 0.685926 0.0755367 9.9973E-05 0.088253 0.00864955
9.9964E-05 0.00433041 0.0276877 0.101537 9.9964E-05 0.810407 9.9964E-05 9.9964E-05 0.0533688 0.00226851
9.9964E-05 0.029493 0.0577553 9.9964E-05 0.0925731 0.327263 9.9964E-05 0.0692932 9.9964E-05 0.423223
0.0924586 9.9955E-05 0.0466103 9.9955E-05 9.9955E-05 0.479959 9.9955E-05 0.041211 9.9955E-05 0.339261
0.100506 0.0336587 9.9964E-05 9.9964E-05 0.070448 0.41838 9.9964E-05 0.0128786 9.9964E-05 0.363729
9.99201E-05 0.999101 9.99201E-05 9.99201E-05 9.99201E-05 9.99201E-05 9.99201E-05 9.99201E-05 9.99201E-05 9.99201E-05
0.0439923 0.0087881 9.9973E-05 9.9973E-05 0.000128419 0.318535 9.9973E-05 0.112889 0.0146672 0.500699
0.0326269 9.9955E-05 9.9955E-05 0.280172 9.9955E-05 0.128111 0.2649 9.9955E-05 0.29369 9.9955E-05
0.0275151 9.9982E-05 9.9982E-05 0.523262 0.0363418 0.125463 0.0402257 0.000214436 0.155954 0.0908247
9.9955E-05 0.0140789 9.9955E-05 0.519764 0.0147561 0.18073 9.9955E-05 9.9955E-05 0.270171 9.9955E-05
0.0210885 0.0110555 0.100478 0.22304 9.9991E-05 0.139571 0.126997 0.0621309 0.25283 0.0627088
0.00332371 9.9973E-05 0.0738354 0.4481 0.117342 0.179732 9.9973E-05 0.0732822 0.104086 9.9973E-05
9.9946E-05 9.9946E-05 0.084916 9.9946E-05 9.9946E-05 0.324005 0.320063 9.9946E-05 0.270416 9.9946E-05
0.0803331 0.0143804 0.00888865 0.427447 0.23392 0.00768599 9.9982E-05 0.0379546 9.9982E-05 0.189189
0.145164 9.9964E-05 9.9964E-05 0.329584 0.213751 9.9964E-05 0.0957668 0.0749101 9.9964E-05 0.140424
0.066266 0.0156937 9.9973E-05 0.169505 0.55802 0.0603288 9.9973E-05 9.9973E-05 0.00607744 0.123809
0.297848 9.9964E-05 9.9964E-05 0.426088 0.0871459 9.9964E-05 0.014764 0.093552 9.9964E-05 0.0802022
0.41187 9.9964E-05 0.00617475 9.9964E-05 0.0776429 9.9964E-05 0.186554 0.188474 9.9964E-05 0.128884
0.0137274 0.0589052 0.0912546 0.379681 0.28951 0.0453339 0.0320312 0.0690705 9.9991E-05 0.0203861
0.171218 9.9982E-05 0.0783497 0.30975 0.330551 0.00779969 0.00324598 9.9982E-05 0.0648681 0.0340172
9.9973E-05 0.0442207 0.022176 0.211948 0.525231 9.9973E-05 0.015432 0.116322 9.9973E-05 0.0643691
0.000219312 9.9991E-05 0.0582926 0.53041 0.0420825 0.147146 0.0409629 0.0844048 0.0301188 0.0662632
0.137057 9.9964E-05 0.0544689 9.9964E-05 0.428233 9.9964E-05 0.136198 0.194286 9.9964E-05 0.0493562
0.0782433 9.9973E-05 0.0157043 0.474087 0.131794 9.9973E-05 0.197282 0.0116626 9.9973E-05 0.0909267
0.0405467 9.9973E-05 9.9973E-05 0.438688 0.24659 9.9973E-05 0.0334863 0.0861678 0.0444029 0.109819
0.0049907 9.9982E-05 0.0471613 0.284882 0.0813802 0.098711 0.111462 0.177806 0.193407 9.9982E-05
0.194185 9.9973E-05 0.0331241 0.367323 0.288878 9.9973E-05 0.00816563 0.036191 9.9973E-05 0.0718325
0.0664698 0.0242733 9.9973E-05 0.434682 0.286315 9.9973E-05 0.0279635 0.044126 9.9973E-05 0.115871
0.178491 9.9973E-05 0.0883175 0.433944 0.136224 9.9973E-05 0.0759493 0.0462618 9.9973E-05 0.0405123
0.0215932 9.9973E-05 0.0242606 0.564324 0.0992487 9.9973E-05 0.0340333 0.11152 9.9973E-05 0.14472
0.177672 0.0272409 0.0763288 0.621052 0.034132 0.0631751 9.9964E-05 9.9964E-05 9.9964E-05 9.9964E-05
0.0402822 0.00991124 0.0585905 0.452364 0.0857228 0.0479252 0.0234973 0.144435 0.0339091 0.103362
9.9973E-05 9.9973E-05 9.9973E-05 0.484101 0.156384 0.0509382 0.0588686 0.0626392 0.0559961 0.130773
9.9937E-05 9.9937E-05 9.9937E-05 0.14847 9.9937E-05 0.758607 9.9937E-05 9.9937E-05 0.0922235 9.9937E-05
0.0411035 9.9955E-05 9.9955E-05 0.0846861 9.9955E-05 0.831845 9.9955E-05 0.0245361 0.0173297 9.9955E-05
0.0154244 9.9973E-05 0.0867545 0.0615993 0.0106701 0.786591 9.9973E-05 0.0231362 9.9973E-05 0.015525
0.0786797 0.00548412 9.9973E-05 9.9973E-05 9.9973E-05 0.792918 0.0268729 0.00831508 0.0590467 0.0283838
9.9946E-05 0.0616966 0.0519546 0.118668 9.9946E-05 0.767081 9.9946E-05 9.9946E-05 9.9946E-05 9.9946E-05
9.9955E-05 9.9955E-05 9.9955E-05 0.148834 0.579153 9.9955E-05 0.0386667 0.0474656 9.9955E-05 0.185381
0.0631058 0.0300334 0.0109083 0.442681 0.104504 0.0687494 0.0964328 0.144206 0.0246084 0.0147702
0.0233433 0.0476085 0.086024 0.34962 9.9991E-05 0.179955 0.0146111 0.0641375 0.198622 0.0359785
0.00953944 0.00958242 9.9973E-05 0.65622 0.102912 9.9973E-05 0.0883646 9.9973E-05 0.015981 0.117101
0.0476702 9.9973E-05 9.9973E-05 0.427724 0.241882 0.0561516 0.0424396 0.0399018 9.9973E-05 0.14393
0.158196 9.9955E-05 9.9955E-05 0.233634 0.322798 9.9955E-05 0.199503 9.9955E-05 9.9955E-05 0.0853692
9.9964E-05 0.0418995 9.9964E-05 9.9964E-05 0.463645 0.0403757 0.136113 0.0955274 9.9964E-05 0.222039
0.076371 0.0258363 0.0133989 0.489957 0.134165 0.0254425 9.9991E-05 0.0286607 0.0323081 0.17376
0.141631 0.0534879 0.102734 0.0643446 0.33576 0.00728675 9.9982E-05 9.9982E-05 0.0443943 0.250162
0.0243109 9.9982E-05 0.0768529 0.463118 0.0333772 0.0132768 0.145269 0.11997 9.9982E-05 0.123626
0.119098 0.00224182 9.9982E-05 0.0735446 0.457537 0.129323 0.0735179 0.0291569 9.9982E-05 0.11538
0.0526912 0.0232601 9.9991E-05 0.548512 0.0683623 0.0680417 0.111186 0.00073069 0.00446198 0.122654
0.0453751 0.0364392 0.041763 0.102152 0.555188 0.1064 9.9982E-05 0.049503 9.9982E-05 0.0629794
0.154192 9.9982E-05 0.00718298 0.234786 0.325909 9.9982E-05 0.0101736 0.0496779 0.118558 0.0993202
0.0272467 9.9991E-05 0.25722 0.411114 0.0620348 0.0644148 0.00195382 0.1054 0.0229919 0.0475238
0.173344 9.9955E-05 0.519552 0.173062 0.0875977 9.9955E-05 0.0459437 9.9955E-05 9.9955E-05 9.9955E-05
0.0176592 0.0125301 0.240264 0.497411 0.0389108 0.0597551 9.9991E-05 0.0378526 0.038002 0.0575144
0.0134285 0.0283433 0.0699518 0.485721 0.0992362 0.108624 0.0371029 0.157392 9.9982E-05 9.9982E-05
0.12282 9.9964E-05 0.509064 0.204153 0.073113 9.9964E-05 0.0347746 0.0556756 9.9964E-05 9.9964E-05
0.00825713 9.9982E-05 0.208195 0.345197 0.0805362 0.0830828 9.9982E-05 0.0719379 0.0739723 0.128622
0.103054 0.0480245 0.245197 0.469624 9.9982E-05 0.0255999 0.0367911 0.0543653 9.9982E-05 0.0171442
0.155813 9.9964E-05 0.545288 9.9964E-05 0.118624 9.9964E-05 0.00999828 0.0917511 9.9964E-05 0.0781253
0.119922 9.9955E-05 0.501796 0.166909 9.9955E-05 9.9955E-05 0.110079 0.100795 9.9955E-05 9.9955E-05
0.0525318 0.00197655 0.323875 0.40585 9.9973E-05 9.9973E-05 0.118139 0.0188157 9.9973E-05 0.0785114
0.180513 9.99639E-05 0.522276 0.060365 0.057705 9.99639E-05 9.99639E-05 0.140381 9.99639E-05 0.0383595
9.9964E-05 9.9964E-05 0.4038 0.301454 0.13337 9.9964E-05 0.0317758 0.098212 9.9964E-05 0.0309878
9.9964E-05 0.00792079 9.9964E-05 0.0248998 0.5753 9.9964E-05 0.0592243 0.119605 9.9964E-05 0.21265
0.357406 9.9964E-05 9.9964E-05 0.222109 0.24004 9.9964E-05 0.0457815 0.013365 9.9964E-05 0.120899
0.142934 9.9991E-05 0.0117286 0.316566 0.264791 0.0229179 0.00282027 0.0341866 0.0479447 0.15601
0.0267595 0.0338799 9.9991E-05 0.56549 0.210959 0.0142289 0.0218054 0.0965588 0.0168811 0.0133374
0.043003 9.9982E-05 0.0716621 0.118445 0.508667 9.9982E-05 0.00108944 0.056968 0.0115841 0.188381
0.106485 0.0160288 0.107137 0.435563 0.0778937 9.9982E-05 0.0326665 9.9982E-05 0.0740675 0.149959
9.9964E-05 0.0733483 9.9964E-05 0.534929 0.164002 0.0167243 0.128914 9.9964E-05 9.9964E-05 0.0816825
9.9964E-05 9.9964E-05 0.0238354 0.425443 0.264134 9.9964E-05 9.9964E-05 0.0395036 0.087469 0.159215
0.0459749 0.0333343 9.9991E-05 0.431205 0.18779 0.0045011 0.119075 0.0644615 0.0292466 0.0843117
0.0880026 0.0271487 0.0184462 0.357948 0.183173 9.9982E-05 9.9982E-05 0.10173 0.049089 0.174263
0.00848781 0.00581128 9.9973E-05 0.075292 0.479828 9.9973E-05 9.9973E-05 0.132625 0.124897 0.172759
0.0597728 0.00018134 0.00629944 0.274453 0.259168 9.9982E-05 9.9982E-05 0.0544628 0.108398 0.237065
0.0633026 0.00603451 0.0474021 0.498631 0.199949 0.0141218 0.0213677 0.0503499 9.9991E-05 0.0987413
9.9964E-05 9.9964E-05 9.9964E-05 0.651961 0.199149 0.0570709 0.0114831 0.0645545 9.9964E-05 0.015381
0.106253 0.0517707 0.0407047 0.450278 0.0671437 0.0348438 0.102681 0.0159575 9.9991E-05 0.130268
0.0602475 9.9973E-05 9.9973E-05 0.478229 0.161099 9.9973E-05 0.0962762 0.0275036 0.0676157 0.108729
9.9964E-05 0.040023 0.0342747 0.405512 0.283259 9.9964E-05 0.0892216 9.9964E-05 9.9964E-05 0.14731
0.0218566 9.9955E-05 9.9955E-05 0.606563 0.31638 9.9955E-05 9.9955E-05 9.9955E-05 0.00111806 0.0535828
0.0422027 0.0337532 9.9982E-05 0.533069 0.193541 0.068087 9.9982E-05 0.0487035 0.00938446 0.0710589
0.142821 0.0537468 9.9991E-05 0.43782 0.146211 0.103164 0.00454047 0.00313948 0.0701161 0.0383414
9.9973E-05 0.000265409 0.0807124 0.395242 0.0289173 0.341846 0.0041961 9.9973E-05 0.148522 9.9973E-05
9.9982E-05 0.0502299 0.00853278 0.454571 0.0654223 0.0624771 0.147798 0.0718321 0.138937 9.9982E-05
0.00659775 9.9982E-05 9.9982E-05 0.481111 0.0111855 0.0817469 0.104023 0.0233366 0.161084 0.130715
0.0739406 0.0572609 0.011931 0.534618 0.0376314 9.9991E-05 0.121349 0.0358432 0.0860508 0.0412756
0.000768678 0.0379732 9.9982E-05 0.416768 0.132026 0.125497 0.0853794 0.0464741 0.154914 9.9982E-05
0.166073 9.9973E-05 0.0360812 0.436463 0.218326 9.9973E-05 0.0838627 0.00992323 9.9973E-05 0.0489713
0.0479271 0.0325106 0.0177671 0.62469 9.9964E-05 0.163481 0.113225 9.9964E-05 9.9964E-05 9.9964E-05
0.042878 9.9973E-05 0.0653037 9.9973E-05 0.118561 0.142489 0.360862 0.202717 0.066889 9.9973E-05
0.0163059 0.0147554 9.9982E-05 0.522859 0.16213 0.0732276 0.0876887 0.017303 0.105531 9.9982E-05
0.0397082 0.0510557 9.9982E-05 0.514002 9.9982E-05 0.0874291 0.0343094 0.0767545 0.138024 0.0585174
0.0734371 9.9973E-05 0.0231092 0.439816 9.9973E-05 9.9973E-05 0.0961537 0.0269137 0.218284 0.121987
0.0496923 0.0227821 9.9982E-05 0.321195 0.159023 0.0960909 0.214674 0.0721967 0.0641453 9.9982E-05
9.9973E-05 0.0120498 0.0848594 0.50604 0.0274143 0.0980921 0.125553 9.9973E-05 0.145692 9.9973E-05
9.9973E-05 0.044491 0.00919721 0.573685 0.0847967 0.0696046 0.156534 9.9973E-05 0.0613909 9.9973E-05
0.059711 0.0423226 9.9955E-05 9.9955E-05 9.9955E-05 0.274735 0.52827 9.9955E-05 0.0944613 9.9955E-05
0.0410373 0.103454 9.9973E-05 0.434127 9.9973E-05 0.0964525 0.0333475 0.13446 0.156822 9.9973E-05
9.9964E-05 9.9964E-05 0.0210915 0.561529 0.0188564 0.177515 0.0569527 9.9964E-05 0.163656 9.9964E-05
0.017777 9.9991E-05 0.0319958 0.584379 0.0944881 0.0673893 0.0291561 0.0161458 0.0840874 0.0744815
9.9964E-05 0.0163472 9.9964E-05 0.491569 9.9964E-05 0.150188 0.0695038 9.9964E-05 0.194365 0.077627
9.9964E-05 0.0151658 0.0514048 0.505644 0.123799 0.154367 9.9964E-05 9.9964E-05 0.14922 9.9964E-05
0.444085 0.0297658 0.0170438 0.380889 9.9973E-05 0.0672541 9.9973E-05 9.9973E-05 0.0274189 0.0332433
0.232071 0.0353783 0.0502607 0.514065 9.9973E-05 9.9973E-05 0.0648595 9.9973E-05 0.0580573 0.045009
0.820997 9.9937E-05 9.9937E-05 9.9937E-05 0.161985 9.9937E-05 9.9937E-05 0.0163177 9.9937E-05 9.9937E-05
0.902431 9.99549E-05 9.99549E-05 9.99549E-05 0.00109436 0.0274057 9.99549E-05 0.0510038 9.99549E-05 0.0175654
0.275216 9.9964E-05 0.0616788 0.456969 0.0824371 9.9964E-05 9.9964E-05 9.9964E-05 0.0584659 0.0648335
0.0484143 9.9973E-05 0.0386112 0.430019 0.00417236 0.100313 0.141999 9.9973E-05 0.236171 9.9973E-05
0.149741 0.00256013 9.9973E-05 0.370397 9.9973E-05 0.0301798 0.173004 0.0115614 0.262257 9.9973E-05
0.166275 0.00243088 0.0135321 0.131982 0.051214 0.135369 0.250233 9.9982E-05 0.248764 9.9982E-05
0.203052 0.0314703 9.9973E-05 0.282563 0.0106427 0.137739 0.104592 9.9973E-05 0.229642 9.9973E-05
0.660861 9.9955E-05 9.9955E-05 0.0539852 9.9955E-05 0.0455496 0.199714 9.9955E-05 0.0393899 9.9955E-05
0.575275 0.0154539 9.9955E-05 0.166514 9.9955E-05 9.9955E-05 0.194448 9.9955E-05 0.0478094 9.9955E-05
0.293056 0.00596415 0.00304941 0.467885 9.9964E-05 9.9964E-05 9.9964E-05 0.112643 0.117003 9.9964E-05
0.459932 9.9946E-05 9.9946E-05 0.407809 9.9946E-05 0.0443855 9.9946E-05 9.9946E-05 0.0872731 9.9946E-05
0.611477 0.0501117 9.9955E-05 0.157779 9.9955E-05 9.9955E-05 0.081553 9.9955E-05 0.0985795 9.9955E-05
0.199132 0.00451375 0.0309362 0.467667 0.128439 0.0572474 9.9982E-05 0.0168912 0.0949742 9.9982E-05
0.269817 9.9973E-05 9.9973E-05 0.444356 0.0363841 9.9973E-05 0.0311415 0.0312148 0.154682 0.0321041
0.136333 0.0298093 0.0206442 0.360831 9.9991E-05 0.116515 0.00978247 0.152082 0.122066 0.051838
0.559397 9.9964E-05 0.0823248 0.227703 0.0658147 0.0543944 9.9964E-05 9.9964E-05 9.9964E-05 0.00996619
0.493707 0.040903 0.0249115 0.292257 0.145364 9.9964E-05 0.00245774 9.9964E-05 9.9964E-05 9.9964E-05
0.208496 9.9973E-05 0.0794537 0.465783 9.9973E-05 0.0797139 9.9973E-05 0.109998 0.0117476 0.0445076
0.381553 9.9964E-05 0.114061 0.320322 9.9964E-05 0.0654711 9.9964E-05 9.9964E-05 0.0555891 0.0626042
0.0905447 0.0210374 0.104599 0.415226 0.028045 0.0940382 0.00766366 0.105307 0.0522549 0.0812851
0.417864 9.9946E-05 0.129744 0.433206 9.9946E-05 9.9946E-05 0.0185865 9.9946E-05 9.9946E-05 9.9946E-05
0.704063 9.9946E-05 0.0588633 0.187953 9.9946E-05 9.9946E-05 9.9946E-05 9.9946E-05 9.9946E-05 0.048521
0.258789 9.9955E-05 0.0482657 0.624112 9.9955E-05 9.9955E-05 0.0174201 0.0509131 9.9955E-05 9.9955E-05
0.207591 0.011971 9.9991E-05 0.459106 0.116545 0.0535216 0.0435924 0.0538306 0.0338261 0.0199164
0.750463 9.9937E-05 9.9937E-05 0.20178 0.0470579 9.9937E-05 9.9937E-05 9.9937E-05 9.9937E-05 9.9937E-05
0.536981 0.0384087 0.0262375 0.397773 9.9946E-05 9.9946E-05 9.9946E-05 9.9946E-05 9.9946E-05 9.9946E-05
0.228418 0.0558189 9.9991E-05 0.530111 0.0101365 0.0272498 0.0746262 0.0270943 0.0265454 0.0199002
0.250208 9.9964E-05 0.0564687 0.474871 9.9964E-05 0.084984 9.9964E-05 0.074284 9.9964E-05 0.0587842
0.0426608 0.0314494 0.0912893 0.294709 0.126256 0.111226 9.9982E-05 0.0329998 0.26921 9.9982E-05
0.124682 0.0349939 0.0246187 0.397059 9.9991E-05 0.00926997 0.117427 0.0483706 0.131798 0.11168
0.157796 9.9973E-05 0.0931686 0.261975 9.9973E-05 0.0836635 0.129373 9.9973E-05 0.257566 0.0161579
0.117582 0.0157818 0.0872596 0.25859 0.0560581 0.0858075 0.0578601 9.9991E-05 0.245903 0.0750582
9.9982E-05 9.9982E-05 0.18592 0.446282 0.0219823 0.0802227 0.0855341 0.0181882 0.10108 0.0605901
0.145726 0.0451281 0.18674 0.337598 9.9991E-05 0.101609 0.017614 0.0050805 0.137422 0.0229822
0.590163 0.0392466 9.9964E-05 9.9964E-05 9.9964E-05 0.0762729 0.136796 9.9964E-05 0.12427 0.0328518
0.155845 0.0339305 0.0489522 0.551321 9.9973E-05 0.0538657 9.9973E-05 9.9973E-05 0.144592 0.0111935
0.402774 9.9946E-05 9.9946E-05 9.9946E-05 9.9946E-05 0.300442 0.204502 9.9946E-05 0.0916826 9.9946E-05
0.261516 9.9946E-05 9.9946E-05 0.454975 9.9946E-05 0.0753275 9.9946E-05 9.9946E-05 0.207582 9.9946E-05
0.843503 9.9937E-05 9.9937E-05 0.0730969 9.9937E-05 9.9937E-05 9.9937E-05 0.0827007 9.9937E-05 9.9937E-05
0.924855 9.9928E-05 9.9928E-05 9.9928E-05 9.9928E-05 9.9928E-05 9.9928E-05 0.0743456 9.9928E-05 9.9928E-05
