0.0593493 9.9964E-05 9.9964E-05 0.834411 9.9964E-05 9.9964E-05 0.0577593 0.0196862 0.0283945
9.9964E-05 0.0551323 0.0198957 0.880341 9.9964E-05 0.0247565 0.019475 9.9964E-05 9.9964E-05
9.9973E-05 9.9973E-05 9.9973E-05 0.751103 0.144998 0.00372162 0.0761421 0.0233452 0.000390232
9.9973E-05 9.9973E-05 9.9973E-05 0.698412 0.0514627 0.071895 0.0528718 0.0297959 0.0952625
9.9964E-05 9.9964E-05 0.0383807 0.855838 0.0304145 0.00980466 9.9964E-05 9.9964E-05 0.0651619
0.100662 0.0735941 0.0331864 0.465934 0.0930123 0.14823 0.0580182 9.9991E-05 0.0272627
0.0707906 0.0148061 9.9973E-05 0.738257 9.9973E-05 0.0935164 0.0704319 9.9973E-05 0.0118982
0.0730564 9.9973E-05 0.0780279 0.628861 9.9973E-05 0.134114 0.0526729 9.9973E-05 0.0329676
0.0298053 0.0633611 0.010783 0.806681 9.99729E-05 9.99729E-05 0.030458 0.0586112 9.99729E-05
0.0013606 9.9982E-05 0.0813291 0.623927 0.0679936 0.111538 0.0319358 9.9982E-05 0.0817163
0.046765 0.0744497 9.9964E-05 0.714863 0.00247422 0.161048 9.9964E-05 9.9964E-05 9.9964E-05
0.0254998 0.0909645 9.9964E-05 9.9964E-05 0.211499 9.9964E-05 9.9964E-05 0.592305 0.0793322
9.9955E-05 9.9955E-05 9.9955E-05 9.9955E-05 0.50908 9.9955E-05 0.0401571 0.374797 0.0754661
0.0826474 0.0128806 0.0945954 9.9982E-05 0.203165 9.9982E-05 0.000728429 0.514613 0.0911702
0.00672349 9.9964E-05 9.9964E-05 0.0857425 0.319071 9.9964E-05 9.9964E-05 0.445539 0.142524
0.0588957 0.110571 9.9982E-05 0.0938166 0.26856 9.9982E-05 0.0464739 0.301513 0.11997
0.108992 0.00188073 0.0358146 9.9982E-05 0.500709 9.9982E-05 0.0220923 0.228643 0.101668
0.0451058 0.143441 0.0266995 9.9982E-05 0.475419 9.9982E-05 0.0528459 0.226353 0.0299363
0.0471703 0.0353085 9.9982E-05 0.107665 0.299552 9.9982E-05 0.0021936 0.450232 0.0576786
0.133219 0.0440323 9.9973E-05 0.024897 0.0361009 9.9973E-05 0.00873403 0.752717 9.9973E-05
0.0460386 0.127539 9.9991E-05 0.0257376 0.423848 0.0562664 0.0151402 0.299824 0.00550626
0.0415901 0.0524164 0.150433 0.0937873 0.496541 0.00665007 0.00582869 0.139741 0.0130117
0.0535676 0.0903185 0.0123668 0.0477493 0.561863 0.00078368 9.9982E-05 0.233151 9.9982E-05
0.105209 0.1195 9.9973E-05 9.9973E-05 0.25714 9.9973E-05 0.0135816 0.389803 0.114467
9.9973E-05 0.0278282 0.0262836 0.132193 0.691425 0.00116536 9.9973E-05 0.120805 9.9973E-05
9.9955E-05 9.9955E-05 9.9955E-05 9.9955E-05 0.478117 9.9955E-05 0.0478312 0.366357 0.107195
0.107659 0.03322 9.9973E-05 9.9973E-05 0.176664 9.9973E-05 0.031104 0.57161 0.0794422
0.119578 0.0176166 9.9964E-05 9.9964E-05 0.194138 9.9964E-05 9.9964E-05 0.536153 0.132114
0.147081 9.9964E-05 0.103767 0.0114297 0.218026 9.9964E-05 9.9964E-05 0.519296 9.9964E-05
9.993E-05 9.993E-05 9.993E-05 9.993E-05 9.993E-05 9.993E-05 0.999201 9.993E-05 9.993E-05
9.993E-05 9.993E-05 9.993E-05 9.993E-05 9.993E-05 9.993E-05 0.999201 9.993E-05 9.993E-05
0.0151806 0.0275591 9.9982E-05 0.513745 0.0577312 9.9982E-05 0.34057 0.00161416 0.0433998
9.9964E-05 0.10444 9.9964E-05 0.530932 0.0139148 9.9964E-05 0.241467 9.9964E-05 0.108846
9.9973E-05 0.265136 0.020457 0.0256969 0.581595 0.0204619 9.9973E-05 0.086354 9.9973E-05
9.9973E-05 0.219239 9.9973E-05 0.0313591 0.527456 9.9973E-05 0.0531956 0.0773699 0.0910805
9.9964E-05 0.355028 0.0167253 0.0412136 0.584662 0.00197086 9.9964E-05 9.9964E-05 9.9964E-05
0.0287076 0.0339964 9.9982E-05 0.0929442 0.0911505 9.9982E-05 0.0217124 0.688887 0.0424014
0.0225826 0.596063 0.0203878 9.9982E-05 0.249491 9.9982E-05 0.0129509 0.0272217 0.0711037
9.9964E-05 0.270506 0.0109716 0.144721 0.487683 9.9964E-05 9.9964E-05 0.0857187 9.9964E-05
9.9982E-05 0.249378 0.0212935 0.00118832 0.6083 0.0438013 0.0223285 9.9982E-05 0.0535097
0.139339 0.0408537 9.9973E-05 0.0620663 0.604654 0.12825 0.0245372 9.9973E-05 9.9973E-05
0.0717412 0.0736382 9.9982E-05 0.0747332 0.622228 0.145071 0.00264832 0.00974008 9.9982E-05
0.070857 0.609582 9.9982E-05 0.0046587 0.138665 9.9982E-05 0.0314908 0.121609 0.0229374
0.149927 0.125174 9.9982E-05 0.0923394 0.552253 0.0353278 0.0117292 9.9982E-05 0.0330495
9.9982E-05 0.240331 0.0466122 0.0525181 0.528512 9.9982E-05 0.0149695 0.03433 0.082527
9.999E-05 0.17326 0.0166065 0.0464049 0.626373 0.0101586 0.0179574 0.0192248 0.089914
9.9955E-05 0.624403 0.0589978 0.00179472 0.314305 9.9955E-05 9.9955E-05 9.9955E-05 9.9955E-05
9.9964E-05 0.227646 9.9964E-05 0.0525796 0.646623 9.9964E-05 0.0498257 0.0229257 9.9964E-05
9.9982E-05 0.235694 0.0062514 0.0679837 0.521855 0.0334071 0.00663419 9.9982E-05 0.127974
0.218202 0.677349 0.0312239 0.0727253 9.9955E-05 9.9955E-05 9.9955E-05 9.9955E-05 9.9955E-05
0.0534858 0.229216 0.123536 9.9973E-05 0.173314 0.0341829 9.9973E-05 0.385965 9.9973E-05
0.350202 0.222929 0.101125 9.9973E-05 0.0815263 0.0247037 9.9973E-05 0.219214 9.9973E-05
0.00134874 0.0530593 0.0709274 0.0841771 0.488694 9.9991E-05 0.00610151 0.234775 0.060817
0.0601197 9.9991E-05 0.113036 0.111109 0.560633 0.0208996 0.0120998 0.0688987 0.0531046
9.9982E-05 0.0189756 0.114695 9.9982E-05 0.553081 0.0615608 0.00757843 0.109985 0.133923
0.0231711 0.301229 0.0151612 0.095642 0.172208 0.0411833 0.0202789 0.331026 9.9991E-05
0.00944455 0.0457345 0.0125553 9.9982E-05 0.548548 0.0394522 0.0225775 0.321488 9.9982E-05
0.0568971 0.0824475 0.0430299 9.9982E-05 0.523117 9.9982E-05 0.0329553 0.140089 0.121264
0.125019 0.0960508 0.073776 0.0611877 0.368944 0.0267786 0.037437 0.189758 0.0210489
0.158976 0.147278 9.9991E-05 0.170597 0.0854019 0.023616 0.0487809 0.328461 0.0367892
0.0563257 0.254735 9.9982E-05 9.9982E-05 0.538503 0.040548 0.0721806 0.0215001 0.0160079
0.0537296 0.0266178 0.0442412 0.0765088 0.378606 0.065642 0.0193714 0.257057 0.0782264
0.137159 0.22369 0.0671394 9.9982E-05 0.0164439 0.0353865 0.0636101 0.456372 9.9982E-05
0.100319 0.0858151 0.0137006 9.9982E-05 0.45957 9.9982E-05 0.000783372 0.300242 0.0393688
0.0148797 0.0310206 0.13787 0.0234442 0.579838 9.9991E-05 0.029108 0.0648495 0.11889
0.0762395 0.00253311 0.0334525 0.0358191 0.586525 9.9991E-05 0.0529633 0.20467 0.007698
0.0535675 0.179223 0.0992527 0.0019618 0.179548 0.0153753 0.0372874 0.357532 0.0762518
0.0836573 0.10824 0.0246822 9.9991E-05 0.45488 0.0595328 0.0108319 0.159557 0.0985174
9.9973E-05 0.0846647 9.9973E-05 0.0252058 0.54495 0.104372 0.0428432 0.197665 9.9973E-05
0.100941 0.156805 0.108327 9.9982E-05 0.200465 0.00472979 0.0412236 0.387308 9.9982E-05
9.9955E-05 0.353031 9.9955E-05 9.9955E-05 0.578897 9.9955E-05 0.00436988 0.0632023 9.9955E-05
9.9973E-05 0.657169 9.9973E-05 0.0157168 0.19679 0.0230129 0.0194934 0.0875181 9.9973E-05
9.9982E-05 0.279454 9.9982E-05 0.0275327 0.494849 0.0480793 0.0224882 0.109612 0.0177844
0.102113 0.808007 0.0137891 9.9955E-05 9.9955E-05 0.0755918 9.9955E-05 9.9955E-05 9.9955E-05
0.110736 0.797198 0.0590687 9.9955E-05 9.9955E-05 9.9955E-05 9.9955E-05 0.032497 9.9955E-05
9.9937E-05 0.699457 9.9937E-05 9.9937E-05 0.299844 9.9937E-05 9.9937E-05 9.9937E-05 9.9937E-05
9.9964E-05 0.368457 9.9964E-05 0.0470403 0.487225 0.0688414 0.0280366 9.9964E-05 9.9964E-05
9.9982E-05 0.137621 0.000744556 0.166698 0.560995 0.039358 9.9982E-05 0.0490957 0.0452878
9.9964E-05 0.444611 9.9964E-05 9.9964E-05 0.442692 9.9964E-05 0.0297465 0.0507115 0.0318387
9.9973E-05 0.670548 9.9973E-05 9.9973E-05 0.0677752 0.0354357 0.0445343 0.1034 0.0780071
9.9973E-05 0.497451 9.9973E-05 0.0356172 0.205837 0.100172 9.9973E-05 0.151084 0.0095386
9.9982E-05 0.175383 0.0917922 0.0664595 0.543046 9.9982E-05 0.0174213 0.0436265 0.0620708
9.9982E-05 0.511483 0.0115628 0.00989404 0.355095 0.0151255 0.0445865 0.0520532 9.9982E-05
9.9973E-05 0.470011 9.9973E-05 0.0403743 0.328757 0.00434435 9.9973E-05 0.107553 0.04866
0.0174057 0.46726 0.0455354 0.00757859 0.449132 9.9973E-05 0.0127877 9.9973E-05 9.9973E-05
0.152465 0.657543 0.165406 9.9955E-05 9.9955E-05 9.9955E-05 9.9955E-05 0.0240862 9.9955E-05
0.00979008 0.291164 9.9982E-05 0.00972263 0.555905 0.0205828 0.0487033 9.9982E-05 0.0639317
9.9964E-05 9.9964E-05 9.9964E-05 0.790564 0.0858648 9.9964E-05 0.0263958 0.0655456 0.0312297
9.9964E-05 0.000840883 0.011363 0.831453 0.0614575 9.9964E-05 0.0944855 9.9964E-05 9.9964E-05
9.9964E-05 9.9964E-05 9.9964E-05 0.776506 0.0568679 0.0407465 0.0879615 9.9964E-05 0.0375185
0.0539003 0.0100745 9.9964E-05 0.772955 0.023158 9.9964E-05 0.139513 9.9964E-05 9.9964E-05
9.9964E-05 9.9964E-05 0.0152588 0.777742 0.0716067 9.9964E-05 0.102458 9.9964E-05 0.0325341
9.9973E-05 0.010916 9.9973E-05 0.800449 0.030678 0.0538563 0.0783331 9.9973E-05 0.0254674
9.99461E-05 9.99461E-05 9.99461E-05 0.831238 0.0926727 9.99461E-05 0.0754893 9.99461E-05 9.99461E-05
0.0162688 0.24617 9.9991E-05 0.0405299 0.48852 0.0640761 0.0668889 0.00837227 0.0690736
9.9982E-05 0.212751 9.9982E-05 0.102773 0.549932 0.0354104 0.0343893 0.0229966 0.0415478
9.9964E-05 0.780032 0.00455794 0.026116 0.0614325 9.9964E-05 9.9964E-05 0.127462 9.9964E-05
0.0108624 0.128754 0.085111 0.0933124 0.469378 0.0963283 0.0566355 9.9991E-05 0.0595192
9.9964E-05 0.403069 9.9964E-05 0.0204318 0.43468 0.00072016 9.9964E-05 0.140699 9.9964E-05
9.9946E-05 0.26524 9.9946E-05 0.106377 0.627783 9.9946E-05 9.9946E-05 9.9946E-05 9.9946E-05
9.9964E-05 0.329519 0.135132 0.0210323 0.422751 9.9964E-05 9.9964E-05 9.9964E-05 0.0911658
9.9964E-05 0.392844 0.0392985 9.9964E-05 0.370356 9.9964E-05 0.0384237 9.9964E-05 0.158678
9.9955E-05 0.69838 0.0353651 0.046157 9.9955E-05 9.9955E-05 9.9955E-05 0.219598 9.9955E-05
9.9982E-05 0.166454 0.0410893 0.132372 0.546424 9.9982E-05 0.047075 0.0495381 0.0168475
0.0206858 0.12672 0.0603846 0.0456946 0.627694 9.9982E-05 9.9982E-05 0.106613 0.0120087
9.9973E-05 0.14769 0.049098 0.145628 0.503313 9.9973E-05 9.9973E-05 0.0938734 0.0600973
0.0620448 0.641866 0.0392656 9.9973E-05 0.150155 9.9973E-05 0.0227837 9.9973E-05 0.0835856
9.9973E-05 0.370024 0.0864346 9.9973E-05 0.494249 0.0105774 0.0104192 9.9973E-05 0.0279958
9.9964E-05 0.410795 9.9964E-05 0.0173192 0.429995 9.9964E-05 0.0404549 0.101036 9.9964E-05
9.9946E-05 0.605084 9.9946E-05 9.9946E-05 0.334531 9.9946E-05 9.9946E-05 9.9946E-05 0.0597853
9.9964E-05 0.431368 9.9964E-05 0.041 0.401138 9.9964E-05 9.9964E-05 0.10535 0.0207432
0.0272211 0.147105 9.9982E-05 0.120115 0.58066 0.0210227 0.0305524 0.0731235 9.9982E-05
0.129136 0.083126 0.199165 9.9973E-05 0.182234 9.9973E-05 0.0417605 0.364278 9.9973E-05
0.125389 0.0459932 9.9982E-05 0.0597759 0.406918 0.109668 0.0437762 0.20828 9.9982E-05
0.0368048 0.0208073 0.0191017 0.146368 0.623908 9.9991E-05 0.00570662 0.136095 0.0111081
0.00431322 0.231177 0.0458604 0.0127467 0.41799 0.052456 9.9991E-05 0.059526 0.175831
0.00207939 9.9973E-05 0.0834312 0.0062763 0.454946 9.9973E-05 0.0733771 0.37959 9.9973E-05
0.0247165 9.9973E-05 0.0872203 9.9973E-05 0.604186 0.00227282 9.9973E-05 0.273335 0.00796953
9.9955E-05 9.9955E-05 9.9955E-05 0.0297836 0.536908 0.00771602 9.9955E-05 0.425092 9.9955E-05
0.00895521 0.116029 0.064722 0.0981049 0.467745 9.9982E-05 9.9982E-05 0.129735 0.114509
0.00216864 0.140133 9.9982E-05 0.0623983 0.526552 0.050736 9.9982E-05 0.138796 0.0790156
0.0496981 0.0471383 0.027947 0.0401279 0.567752 9.9973E-05 9.9973E-05 0.267037 9.9973E-05
0.0106648 0.0180742 9.9973E-05 9.9973E-05 0.561782 0.0386985 0.013755 0.356726 9.9973E-05
0.140255 0.0122453 9.9991E-05 0.030636 0.578688 0.00876123 0.0259852 0.13137 0.0719593
9.9991E-05 0.0901377 0.0540901 0.12381 0.518084 0.00366955 0.0175961 0.147468 0.0450452
9.9964E-05 0.0590804 0.101709 9.9964E-05 0.569777 9.9964E-05 9.9964E-05 0.23746 0.0315736
0.096593 9.9991E-05 0.0261834 0.0537578 0.554727 0.0861342 0.0600504 0.0981374 0.0243167
0.0380825 9.9973E-05 0.106052 9.9973E-05 0.446845 0.101251 9.9973E-05 0.186853 0.120616
0.192402 9.9991E-05 0.121417 0.0172911 0.320379 0.00259179 0.0451715 0.285377 0.0152701
0.0580331 9.9964E-05 9.9964E-05 9.9964E-05 0.687764 9.9964E-05 0.00501418 0.209173 0.0396153
0.0607271 9.9982E-05 0.133658 9.9982E-05 0.55185 0.0355456 0.0177874 0.159495 0.0407376
0.020188 0.112606 0.0684129 0.0071442 0.297469 0.00118686 9.9991E-05 0.442387 0.0505061
0.194073 0.122808 0.189866 9.9982E-05 0.154219 9.9982E-05 0.0123079 0.318269 0.00825839
0.118432 0.0828487 9.9973E-05 0.0412169 0.504944 0.0457682 9.9973E-05 0.20649 9.9973E-05
0.160842 0.132811 0.24857 9.9991E-05 0.0635489 0.111468 0.0245948 0.232712 0.0253538
0.0285312 0.0808879 0.11685 0.0528479 0.24244 9.9973E-05 9.9973E-05 0.478143 9.9973E-05
9.9973E-05 0.0489033 0.0672054 0.0468197 0.433335 0.0264518 9.9973E-05 0.376985 9.9973E-05
9.9973E-05 0.0604889 9.9973E-05 0.00676562 0.330898 0.0824659 0.0495743 0.469507 9.9973E-05
9.9964E-05 0.095872 0.0746634 9.9964E-05 0.292981 9.9964E-05 9.9964E-05 0.533774 0.00230997
0.0632427 0.032869 0.0585434 0.0411653 0.626456 9.9982E-05 0.0161357 0.161388 9.9982E-05
0.0206706 0.0707652 0.0742129 0.0916957 0.466461 0.0324504 0.073014 0.0942902 0.0764398
0.0274334 0.0451002 0.099928 0.0494669 0.457186 0.0111787 0.00599345 0.22832 0.075393
0.226422 0.134956 0.155468 9.9991E-05 0.123871 0.0267165 0.0084471 0.290284 0.0337352
0.0500859 0.146498 0.0353637 0.156876 0.435727 9.9973E-05 9.9973E-05 0.175149 9.9973E-05
0.134088 0.129384 0.128165 0.00590395 0.423239 0.0349384 0.0313223 9.9991E-05 0.11286
0.412041 0.161163 0.131614 0.0760771 9.9982E-05 0.103958 0.00761821 0.107329 9.9982E-05
0.0743975 0.0308663 0.120165 0.0666515 0.634739 9.9982E-05 0.0230698 9.9982E-05 0.0499111
0.172352 0.231323 0.0762161 0.0639741 0.350567 0.0222066 0.0187504 0.0335473 0.0310632
0.183499 0.0226505 0.0941571 0.0703568 0.510394 9.9982E-05 0.0183834 0.10036 9.9982E-05
0.386361 0.0657449 0.00928196 9.9982E-05 0.315035 0.104752 0.0275489 0.0910761 9.9982E-05
0.313314 0.188171 0.0509561 9.9982E-05 0.151513 0.10906 0.0757897 0.110996 9.9982E-05
0.183111 0.0804069 0.153158 0.00290474 0.410966 0.0461298 9.9982E-05 0.123124 9.9982E-05
0.0884379 0.0545553 0.0712987 0.125316 0.403799 0.0699832 0.038272 0.09986 0.0484781
0.105331 0.108346 0.060254 0.100788 0.360201 0.0217571 0.0153178 0.173958 0.0540474
0.289702 0.291128 0.117868 0.0159405 9.9973E-05 9.9973E-05 9.9973E-05 0.149453 0.135608
0.132411 9.9982E-05 0.0814642 0.0162928 0.587993 0.0601411 0.0245131 9.9982E-05 0.0969854
0.246969 0.271265 9.9964E-05 9.9964E-05 0.366047 0.0506742 9.9964E-05 0.0646443 9.9964E-05
0.154077 0.165862 0.141968 9.9973E-05 0.434011 0.0147998 9.9973E-05 0.0889816 9.9973E-05
9.9991E-05 0.0584075 0.03693 0.0840157 0.531932 0.127296 0.029128 0.0282577 0.103933
0.330225 0.0144753 9.9982E-05 0.227938 0.119133 9.9982E-05 0.0317072 0.0301845 0.246137
0.448562 9.9955E-05 9.9955E-05 0.413437 9.9955E-05 9.9955E-05 0.0524187 9.9955E-05 0.0850832
0.445013 9.9955E-05 9.9955E-05 0.404368 9.9955E-05 9.9955E-05 0.0298387 9.9955E-05 0.120281
0.256044 9.9964E-05 9.9964E-05 0.321703 0.028304 9.9964E-05 9.9964E-05 0.0714803 0.322069
0.175219 0.0544112 0.0803973 9.9991E-05 0.625718 0.0328903 0.0251934 0.00167411 0.004397
0.0326443 0.11411 0.112658 0.0505735 0.507547 0.0263032 9.9991E-05 0.0789154 0.0771483
9.9955E-05 0.012263 9.9955E-05 9.9955E-05 0.200216 9.9955E-05 9.9955E-05 0.0433935 0.743628
0.000376003 0.0594485 0.00916192 9.9982E-05 0.326158 9.9982E-05 0.0156268 0.114697 0.474332
9.9982E-05 9.9982E-05 0.137215 0.0954305 0.341152 0.0442508 0.00344511 0.0200249 0.358282
0.328054 0.11327 0.199359 9.9973E-05 0.343548 0.00401703 0.0114512 9.9973E-05 9.9973E-05
9.9973E-05 0.0210125 0.180678 0.135055 0.5134 9.9973E-05 9.9973E-05 0.113989 0.0355664
0.488948 0.0783908 0.15455 9.9973E-05 0.19273 0.0778789 9.9973E-05 0.00720266 9.9973E-05
0.19146 0.0858384 0.0925081 9.9964E-05 0.541062 0.0887321 9.9964E-05 9.9964E-05 9.9964E-05
0.133834 0.115741 0.141744 9.9982E-05 0.458472 9.9982E-05 0.0243238 0.0853344 0.0403512
0.130622 9.9982E-05 0.105337 0.0419543 0.609905 0.067699 0.0238578 0.0204242 9.9982E-05
0.324727 0.134173 0.205236 9.9973E-05 0.244227 0.0639607 9.9973E-05 0.0273757 9.9973E-05
0.0363826 0.193659 0.0460861 0.0385914 0.556178 9.9982E-05 0.0156568 9.9982E-05 0.113246
0.196312 0.111146 0.017688 0.0199056 0.573267 0.0791782 9.9982E-05 9.9982E-05 0.00230375
9.9946E-05 0.0297991 0.0270543 9.9946E-05 9.9946E-05 9.9946E-05 9.9946E-05 9.9946E-05 0.942547
9.9955E-05 9.9955E-05 0.0453289 9.9955E-05 0.04343 9.9955E-05 9.9955E-05 0.0125932 0.898148
0.0040876 0.116827 0.036081 0.0160323 0.218557 9.9991E-05 0.0242728 0.0200743 0.563968
9.9946E-05 9.9946E-05 9.9946E-05 9.9946E-05 0.213518 0.0629206 9.9946E-05 9.9946E-05 0.722961
9.9973E-05 0.0429561 9.9973E-05 0.000306302 0.153674 0.00127463 9.9973E-05 0.00298796 0.798501
9.993E-05 9.993E-05 9.993E-05 9.993E-05 9.993E-05 9.993E-05 9.993E-05 9.993E-05 0.999201
9.9955E-05 9.9955E-05 0.019862 0.00127205 9.9955E-05 9.9955E-05 9.9955E-05 0.0148463 0.96352
9.9937E-05 9.9937E-05 9.9937E-05 9.9937E-05 0.175556 9.9937E-05 9.9937E-05 9.9937E-05 0.823745
9.9937E-05 9.9937E-05 9.9937E-05 9.9937E-05 9.9937E-05 9.9937E-05 9.9937E-05 0.0115199 0.987781
9.993E-05 9.993E-05 9.993E-05 9.993E-05 9.993E-05 9.993E-05 9.993E-05 9.993E-05 0.999201
9.9937E-05 9.9937E-05 9.9937E-05 9.9937E-05 9.9937E-05 9.9937E-05 0.0402976 9.9937E-05 0.959003
9.9964E-05 9.9964E-05 0.026172 9.9964E-05 0.120081 9.9964E-05 0.0279589 0.0825138 0.742875
9.9955E-05 9.9955E-05 9.9955E-05 0.00596483 0.0567211 0.09419 9.9955E-05 9.9955E-05 0.842624
9.9946E-05 0.0043501 9.9946E-05 9.9946E-05 9.9946E-05 0.0134776 9.9946E-05 9.9946E-05 0.981573
9.9964E-05 0.135807 9.9964E-05 0.0299745 0.191498 9.9964E-05 9.9964E-05 0.144137 0.498183
9.9964E-05 0.0807303 9.9964E-05 0.0340253 0.169498 9.9964E-05 0.043072 9.9964E-05 0.672274
0.0143626 9.9973E-05 0.0200887 9.9973E-05 0.179821 0.0188431 0.030407 9.9973E-05 0.736178
9.9964E-05 9.9964E-05 9.9964E-05 0.000206079 0.044706 0.0490682 9.9964E-05 0.027751 0.877869
9.9946E-05 9.9946E-05 9.9946E-05 9.9946E-05 0.00263388 9.9946E-05 9.9946E-05 0.000933128 0.995833
9.9964E-05 9.9964E-05 9.9964E-05 0.0607067 0.0514224 9.9964E-05 0.00168692 0.0250603 0.860724
0.00211691 9.9946E-05 9.9946E-05 9.9946E-05 9.9946E-05 9.9946E-05 0.0159315 9.9946E-05 0.981352
9.9982E-05 9.9982E-05 0.149006 0.0328786 0.175328 0.00227477 0.0143885 0.0134828 0.612441
9.9964E-05 0.0134531 0.0559891 9.9964E-05 0.0184527 9.9964E-05 9.9964E-05 0.0234695 0.888236
0.585469 0.0392402 0.0788055 0.256905 9.9973E-05 9.9973E-05 9.9973E-05 0.015742 0.0235384
0.150632 0.04745 0.0476719 0.0906717 0.302335 0.108361 0.0454403 0.118139 0.0892992
0.159115 0.0876351 0.0254664 0.13984 0.408157 0.0901661 0.0154191 9.9991E-05 0.0741019
0.465419 9.9982E-05 0.0380669 0.105892 0.21928 0.0506425 0.0710885 9.9982E-05 0.0494108
0.233571 9.9982E-05 0.0577764 0.0845631 0.435555 0.0355409 9.9982E-05 0.007498 0.145296
0.389563 0.0891429 0.00618768 0.172935 0.193851 9.9982E-05 0.0642374 9.9982E-05 0.0838836
0.096029 0.0506748 0.0337517 0.155953 0.387171 0.0702186 0.0504709 0.0518969 0.103835
0.320793 9.9973E-05 0.0585109 0.0438343 0.289786 0.080741 9.9973E-05 9.9973E-05 0.206035
0.168465 0.0551579 0.0764584 0.090719 0.371193 0.0745945 0.0632293 9.9991E-05 0.100083
0.330459 9.9973E-05 9.9973E-05 0.0404404 0.406152 0.0215342 0.0570954 9.9973E-05 0.144018
0.206494 0.0203429 0.0096249 0.11955 0.383934 0.0575259 0.0108299 0.0706015 0.121097
0.0538136 9.9955E-05 9.9955E-05 0.828771 0.0792051 0.0377103 9.9955E-05 9.9955E-05 9.9955E-05
9.9955E-05 9.9955E-05 0.0487564 0.822503 9.9955E-05 9.9955E-05 0.0658346 9.9955E-05 0.0624057
0.0602693 0.000716293 9.9964E-05 0.892827 9.9964E-05 9.9964E-05 0.0135529 0.0322343 9.9964E-05
9.9973E-05 9.9973E-05 0.0143471 0.924809 0.00174751 0.0105509 0.0182228 0.0300228 9.9973E-05
0.0320443 9.9964E-05 9.9964E-05 0.790488 9.9964E-05 9.9964E-05 0.0905575 0.068063 0.0184474
9.9955E-05 9.9955E-05 0.0328267 0.794484 9.9955E-05 9.9955E-05 0.0771579 9.9955E-05 0.0950312
9.9946E-05 9.9946E-05 9.9946E-05 0.76926 9.9946E-05 9.9946E-05 0.0972407 9.9946E-05 0.1329
0.0535377 9.9964E-05 0.036676 0.808003 9.9964E-05 9.9964E-05 0.0508228 9.9964E-05 0.0505606
9.9973E-05 0.000208703 0.0100781 0.912256 0.0615761 9.9973E-05 0.00323579 9.9973E-05 0.0123456
0.0734267 9.9955E-05 9.9955E-05 0.791795 9.9955E-05 9.9955E-05 0.02013 9.9955E-05 0.114148
9.9973E-05 0.0459048 0.0634329 0.548631 9.9973E-05 0.107376 0.0527846 0.181571 9.9973E-05
9.9973E-05 0.0100101 0.0063971 0.539494 9.9973E-05 0.21323 0.0473444 0.183224 9.9973E-05
0.027846 9.9973E-05 0.0677467 0.51525 9.9973E-05 0.0504002 0.0270804 0.311377 9.9973E-05
0.0366712 0.0827838 0.00093089 0.496939 9.9973E-05 0.0735727 9.9973E-05 0.308802 9.9973E-05
9.9973E-05 0.210873 9.9973E-05 0.00408993 0.475893 9.9973E-05 0.0474036 0.23878 0.0226615
9.9964E-05 0.248992 0.0951017 9.9964E-05 0.499468 0.142103 9.9964E-05 0.0139348 9.9964E-05
0.00984003 0.185444 0.0536338 0.000931994 0.532637 0.040231 0.0165206 0.132796 0.0279658
0.0503269 0.20151 9.9973E-05 0.054831 0.377246 9.9973E-05 0.0498031 0.265983 9.9973E-05
0.0256736 0.147293 9.9964E-05 9.9964E-05 0.145975 0.0546082 9.9964E-05 0.62605 9.9964E-05
0.00215975 0.265093 0.00300971 0.0224826 0.5029 0.0367189 0.0537615 0.0304769 0.0833979
9.9982E-05 0.264823 0.0364019 0.0105566 0.560601 0.0495144 9.9982E-05 0.0699957 0.007907
0.0653 0.269809 0.0380806 9.9982E-05 0.490777 0.0323696 9.9982E-05 0.0920357 0.0114281
9.9955E-05 0.581067 9.9955E-05 9.9955E-05 0.294598 0.0336476 9.9955E-05 9.9955E-05 0.0901881
0.0150721 0.188357 0.0278033 0.0230724 0.585264 0.0262794 0.0267901 0.0463907 0.0609716
9.9982E-05 0.325498 0.0454692 9.9982E-05 0.419191 0.106368 0.0174085 0.0514332 0.0344315
0.0160448 0.728213 0.17154 9.9964E-05 9.9964E-05 9.9964E-05 0.00707052 0.0767321 9.9964E-05
9.9982E-05 0.0141401 0.178495 0.048584 0.561634 0.0154165 0.00804433 0.173486 9.9982E-05
0.122145 0.484809 0.0942176 9.9973E-05 0.229334 0.0439505 0.0252438 9.9973E-05 9.9973E-05
0.0570158 0.35766 0.0501037 9.9973E-05 0.473465 9.9973E-05 0.045775 0.0156809 9.9973E-05
0.00308014 0.607598 0.0200324 0.0473735 0.0647421 0.0163383 9.9982E-05 0.240635 9.9982E-05
0.043619 9.9964E-05 9.9964E-05 0.0380162 9.9964E-05 0.878665 9.9964E-05 0.0208735 0.0184263
0.0114735 9.9937E-05 9.9937E-05 9.9937E-05 9.9937E-05 0.987827 9.9937E-05 9.9937E-05 9.9937E-05
9.993E-05 9.993E-05 9.993E-05 9.993E-05 9.993E-05 0.999201 9.993E-05 9.993E-05 9.993E-05
9.9955E-05 9.9955E-05 0.0314914 0.00557804 9.9955E-05 0.914822 9.9955E-05 0.0476084 9.9955E-05
0.0106623 9.9964E-05 0.0358114 9.9964E-05 0.0117583 0.895976 9.9964E-05 0.0453917 9.9964E-05
9.9946E-05 9.9946E-05 9.9946E-05 9.9946E-05 0.00859527 0.945523 9.9946E-05 9.9946E-05 0.0452818
9.9964E-05 0.0244215 9.9964E-05 0.796058 0.101781 9.9964E-05 0.0749933 9.9964E-05 0.00234541
9.9973E-05 9.9973E-05 9.9973E-05 0.824231 0.039048 0.0303837 0.0103724 0.0620246 0.0336403
9.9973E-05 9.9973E-05 9.9973E-05 0.740007 0.123709 0.00435858 0.0189172 0.00139083 0.111317
9.9964E-05 9.9964E-05 9.9964E-05 0.750627 0.0941321 9.9964E-05 0.021202 0.0573847 0.0762544
0.0143218 9.9982E-05 9.9982E-05 0.745692 0.0555159 0.00640193 0.023014 0.0504852 0.104369
0.0353831 0.037373 9.9973E-05 0.341018 9.9973E-05 0.169002 0.0433746 0.373549 9.9973E-05
9.9964E-05 0.0787216 0.100336 0.456804 9.9964E-05 0.220614 9.9964E-05 0.143124 9.9964E-05
9.9973E-05 0.0641265 0.0663835 0.400626 9.9973E-05 0.237817 0.025931 0.204816 9.9973E-05
9.993E-05 9.993E-05 9.993E-05 9.993E-05 9.993E-05 9.993E-05 0.999201 9.993E-05 9.993E-05
9.9973E-05 0.0620776 0.0409412 0.350027 9.9973E-05 0.313165 0.00465712 0.228832 9.9973E-05
0.161884 9.9973E-05 0.0384195 0.204988 0.230532 9.9973E-05 0.00628966 9.9973E-05 0.357587
9.9982E-05 0.00149367 9.9982E-05 0.110262 0.531773 0.041612 0.0855531 0.0423955 0.18671
0.0334546 0.00165824 9.9964E-05 0.226059 0.470141 9.9964E-05 9.9964E-05 9.9964E-05 0.268287
0.0798901 0.0351648 9.9982E-05 0.221635 0.341136 0.078177 0.00398852 9.9982E-05 0.239808
0.0381104 0.0717618 0.0154865 0.142567 0.494687 0.0306401 9.9991E-05 0.0273216 0.179326
0.330186 9.9946E-05 9.9946E-05 0.365309 9.9946E-05 9.9946E-05 9.9946E-05 9.9946E-05 0.303905
0.0673289 0.120498 0.0211143 9.9982E-05 0.411517 0.0971732 0.0128194 0.26935 9.9982E-05
0.141023 0.00576059 0.224143 0.0210368 0.356354 9.9973E-05 9.9973E-05 0.251383 9.9973E-05
0.0318818 9.9982E-05 0.0911226 0.0249618 0.28687 0.0256198 0.0584281 0.480916 9.9982E-05
9.9973E-05 0.104165 0.300265 9.9973E-05 0.426281 0.0186877 9.9973E-05 0.121516 0.0287853
0.226696 0.242233 0.377765 9.9955E-05 9.9955E-05 9.9955E-05 9.9955E-05 0.152806 9.9955E-05
0.134143 9.9973E-05 0.056986 9.9973E-05 0.583728 0.00958687 0.0751785 0.140077 9.9973E-05
9.9973E-05 0.0866053 0.2028 0.0329837 0.50557 9.9973E-05 0.00527391 0.166468 9.9973E-05
0.0242673 0.108353 9.9973E-05 0.00949878 0.308014 9.9973E-05 0.0035608 0.546006 9.9973E-05
0.0107067 0.0743269 0.0523566 0.0408112 0.434129 0.0270178 9.9991E-05 0.270771 0.0897809
0.313115 0.155132 0.123118 9.9964E-05 0.117204 9.9964E-05 9.9964E-05 0.291032 9.9964E-05
0.0758199 0.0206756 0.200767 9.9991E-05 0.485049 0.0666573 0.0203091 0.128852 0.00177052
0.0604925 0.0642592 9.9973E-05 9.9973E-05 0.423959 0.0367713 9.9973E-05 0.3331 0.0811182
0.0528253 0.104918 0.0135635 0.163838 0.441758 0.0884253 9.9982E-05 9.9982E-05 0.134472
0.115434 0.0251813 0.174501 9.9973E-05 0.41301 0.000916836 9.9973E-05 0.270656 9.9973E-05
0.00328885 0.132281 0.10732 9.9982E-05 0.457688 0.0257556 0.00991079 0.263557 9.9982E-05
0.0735979 0.00911487 0.171824 9.9973E-05 0.538904 9.9973E-05 9.9973E-05 0.174098 0.0321603
0.0128788 0.128396 0.11931 0.022555 0.493697 0.0610286 9.9991E-05 0.11655 0.0454845
0.015121 0.00172049 0.0828283 0.0542155 0.532961 0.0646999 0.0306652 0.144347 0.0734415
9.9991E-05 0.0410536 0.0819328 0.0485015 0.527208 0.0331159 0.0516062 0.17399 0.0424912
0.125987 0.0688573 9.9991E-05 0.0220214 0.421551 0.0711821 0.0486468 0.115848 0.125806
9.9946E-05 9.9946E-05 9.9946E-05 0.754155 0.108648 9.9946E-05 9.9946E-05 9.9946E-05 0.136598
9.9973E-05 0.0476248 0.00790103 0.806133 0.0560263 9.9973E-05 0.010052 9.9973E-05 0.0719626
0.107461 9.9955E-05 9.9955E-05 0.767671 0.0798583 9.9955E-05 9.9955E-05 0.04451 9.9955E-05
9.9964E-05 0.0311074 9.9964E-05 0.823574 0.0467748 0.0760668 9.9964E-05 9.9964E-05 0.022077
9.9955E-05 9.9955E-05 9.9955E-05 0.794813 0.156495 0.000569157 0.0476231 9.9955E-05 9.9955E-05
0.0959097 0.0283745 9.9955E-05 9.9955E-05 0.21131 9.9955E-05 9.9955E-05 0.663906 9.9955E-05
9.9964E-05 9.9964E-05 0.141104 0.08109 0.500262 9.9964E-05 9.9964E-05 0.204778 0.0723655
0.029452 0.130511 0.0784321 0.167171 0.364887 0.0124388 9.9982E-05 9.9982E-05 0.216908
0.0187265 9.9982E-05 0.0319693 9.9982E-05 0.656511 0.0200401 0.0163624 0.183005 0.0731865
0.037919 0.210301 9.9982E-05 9.9982E-05 0.459633 0.0473394 0.0327074 0.156764 0.0551371
0.139521 9.9982E-05 0.0863397 9.9982E-05 0.313526 0.0794704 0.0407412 0.293278 0.0469242
0.118667 0.0731893 9.9973E-05 0.0521135 9.9973E-05 0.051149 0.0698703 0.634711 9.9973E-05
9.9982E-05 0.0594659 0.0502657 0.0670409 0.522099 0.0784016 9.9982E-05 0.211616 0.0109111
0.00293499 0.0168968 0.139429 0.0545645 0.139946 0.0381117 0.0371824 0.526433 0.0445026
0.125775 0.0918795 0.190739 0.0705749 0.398975 0.071548 9.9991E-05 0.0310289 0.0193799
0.0501029 9.9973E-05 0.0640599 0.127668 0.165547 9.9973E-05 0.0272857 0.565037 9.9973E-05
9.9973E-05 9.9973E-05 9.9973E-05 0.0457784 0.571716 0.00647247 0.0723085 0.291517 0.0119077
9.9982E-05 9.9982E-05 0.0414805 0.045785 0.195699 0.017316 0.0353642 0.644246 0.0199097
0.141029 0.0152407 0.0852746 9.9982E-05 0.289086 9.9982E-05 0.0152184 0.35835 0.0956014
0.173314 0.163917 0.0173147 0.056632 0.426397 0.0654384 0.0183578 0.0508594 0.0277696
0.350297 0.0234807 0.156166 9.9973E-05 0.310286 0.102222 9.9973E-05 0.0572478 9.9973E-05
0.186525 0.0702918 9.9982E-05 0.000505071 0.564694 0.171121 9.9982E-05 0.000724968 0.00593842
0.115737 0.168051 9.9991E-05 0.0901667 0.457489 0.03508 0.00933822 0.0114902 0.112548
0.417949 9.9955E-05 0.0866148 9.9955E-05 0.357946 9.9955E-05 9.9955E-05 0.13699 9.9955E-05
0.106991 0.0126355 0.110441 0.0156615 0.515278 0.0850117 9.9991E-05 0.0802523 0.0736285
0.175356 0.150889 0.0923927 0.0138943 0.441938 0.0992029 0.0261274 9.9982E-05 9.9982E-05
0.338956 0.172499 0.238742 9.9973E-05 0.105769 0.118091 9.9973E-05 0.0256436 9.9973E-05
0.477051 0.156091 0.0675388 9.9964E-05 0.270733 0.028186 9.9964E-05 9.9964E-05 9.9964E-05
0.141697 0.0840394 0.0843343 9.9973E-05 0.531113 0.147513 0.011004 9.9973E-05 9.9973E-05
0.336274 0.219584 0.15563 9.9973E-05 0.130587 0.0996265 9.9973E-05 0.0579977 9.9973E-05
0.266665 0.113662 0.0519926 9.9973E-05 0.404349 0.0599619 9.9973E-05 0.103069 9.9973E-05
9.9973E-05 0.193073 0.0610385 9.9973E-05 9.9973E-05 0.0560491 0.0191086 0.602557 0.0678735
0.0204444 0.0108754 0.355158 9.9982E-05 0.231392 0.00239412 9.9982E-05 0.351442 0.028095
9.9982E-05 9.9982E-05 0.102133 0.0699383 0.365256 0.0432946 0.0312682 0.333618 0.0542922
0.071135 9.9964E-05 9.9964E-05 9.9964E-05 0.585697 0.0428082 0.0423273 0.257633 9.9964E-05
9.9982E-05 0.0881875 0.0331863 9.9982E-05 0.253698 0.0159231 0.00503862 0.598496 0.00526986
0.0850972 9.9991E-05 0.168125 0.118575 0.426646 0.0228737 0.0204707 0.0884984 0.0696143
9.9991E-05 0.0362258 0.0706622 0.0250573 0.561998 0.0468864 0.0544851 0.129963 0.0746223
0.0158909 9.9973E-05 0.0923977 0.0547006 0.54321 9.9973E-05 9.9973E-05 0.268262 0.0252385
0.0233807 9.9973E-05 0.143138 9.9973E-05 0.473503 9.9973E-05 0.0167725 0.26539 0.077516
9.9991E-05 0.161371 0.0100516 0.0173204 0.308527 0.0581568 0.0290799 0.350857 0.0645363
9.9955E-05 0.164862 9.9955E-05 9.9955E-05 0.205621 9.9955E-05 9.9955E-05 0.565364 0.0636526
9.9973E-05 0.0973652 0.0697428 9.9973E-05 0.237426 0.095704 9.9973E-05 0.368426 0.131036
0.0206328 9.9964E-05 0.0828453 9.9964E-05 0.690449 0.0184859 9.9964E-05 0.187188 9.9964E-05
0.0336456 0.129892 9.9982E-05 0.0179683 0.45232 9.9982E-05 0.0230548 0.259783 0.0831364
0.130425 0.0462888 0.0796751 0.0529925 0.426008 9.9982E-05 0.00809111 0.256319 9.9982E-05
0.00501928 9.9973E-05 0.137581 9.9973E-05 0.431475 0.0291954 9.9973E-05 0.277663 0.118767
0.0630586 9.9955E-05 9.9955E-05 0.109023 0.399243 9.9955E-05 9.9955E-05 0.428175 9.9955E-05
9.9964E-05 9.9964E-05 9.9964E-05 0.0424498 0.640057 0.0310017 9.9964E-05 0.266371 0.0197207
9.9982E-05 0.026002 0.0483755 0.0320492 0.54519 0.0504523 9.9982E-05 0.255961 0.0417704
0.0119276 0.0708846 0.132621 0.0289703 0.350707 0.0422274 0.0302263 0.220974 0.111461
0.120388 0.0470696 9.9973E-05 0.266619 0.366176 9.9973E-05 0.0322595 9.9973E-05 0.167187
0.0809477 0.125246 0.00954129 0.105875 0.459898 9.9982E-05 0.0348723 9.9982E-05 0.18342
0.06026 9.9982E-05 0.116879 0.0843877 0.420194 9.9982E-05 0.0740467 0.0968132 0.147219
0.0120263 0.031056 0.115284 0.0302518 0.554352 0.0541698 0.0857448 0.0100937 0.107021
9.9982E-05 0.0191488 0.09279 0.160549 0.451719 9.9982E-05 0.0422576 0.0343764 0.198959
0.10149 0.0464056 0.101726 9.9982E-05 0.407935 0.0251789 9.9982E-05 0.302951 0.0141146
0.0721486 0.0170771 9.9973E-05 0.184097 0.567329 9.9973E-05 9.9973E-05 0.09243 0.066618
0.450381 0.146109 0.0261367 0.182649 0.0582898 9.9982E-05 9.9982E-05 0.0625751 0.0736592
0.0620407 9.9982E-05 0.0315109 0.0334403 0.418651 9.9982E-05 0.111079 0.0978641 0.245214
0.0135492 0.0611247 0.0325513 0.0978171 0.457438 0.0526431 0.0414535 0.0171038 0.226319
9.9982E-05 0.0513121 0.0806133 0.0502486 0.410734 9.9982E-05 0.0001769 0.131326 0.275389
0.209601 0.177441 0.0381827 0.0826255 0.236515 9.9991E-05 0.0172376 0.0953293 0.142968
0.203914 9.9973E-05 9.9973E-05 0.139126 0.54689 9.9973E-05 0.00138852 0.0248798 0.0835022
0.133368 0.00196402 0.0107277 0.0625911 0.532662 9.9991E-05 0.0707163 0.0288158 0.159055
0.352621 9.9964E-05 0.0480906 0.423885 9.9964E-05 9.9964E-05 0.0420603 9.9964E-05 0.132943
0.00311037 9.9973E-05 0.0701226 0.130584 0.477395 9.9973E-05 0.0772205 9.9973E-05 0.241268
0.00921826 0.0389143 0.0386148 0.148139 0.505738 0.00734701 0.0520021 0.0049634 0.195064
0.100295 0.0247092 0.0342086 0.109631 0.537916 9.9991E-05 0.0431231 0.0478415 0.102176
0.136652 9.9973E-05 0.0360383 0.171203 0.491682 9.9973E-05 0.0171142 9.9973E-05 0.14701
0.034387 9.9982E-05 0.0409747 0.164143 0.572417 9.9982E-05 0.0245574 0.0292345 0.134087
9.9982E-05 0.0285448 0.398904 0.0240597 0.422543 9.9982E-05 0.0348102 0.0745872 0.0163516
0.0672418 0.0233811 0.308773 0.101529 0.30889 9.9991E-05 0.0486929 0.00913744 0.132254
9.9946E-05 0.0774885 0.836394 9.9946E-05 9.9946E-05 9.9946E-05 9.9946E-05 0.0855175 9.9946E-05
0.00136603 0.0447804 0.895565 9.9955E-05 9.9955E-05 9.9955E-05 9.9955E-05 0.0577884 9.9955E-05
0.00549797 9.9973E-05 0.326605 9.9973E-05 0.392684 9.9973E-05 0.0318003 0.195694 0.0474192
0.0750122 9.9973E-05 0.0644831 0.152799 0.322341 0.0201839 9.9973E-05 9.9973E-05 0.364881
0.112117 9.9973E-05 0.161497 0.0872315 0.346905 9.9973E-05 0.00658433 9.9973E-05 0.285365
0.227982 9.9982E-05 0.18238 0.121938 0.11813 9.9982E-05 0.0163219 0.00300616 0.330043
0.0431403 0.000572114 0.170593 0.169165 0.276522 9.9991E-05 0.0477001 0.0197776 0.27243
0.162953 9.9973E-05 0.678161 0.0305915 0.0334368 0.0177778 9.9973E-05 9.9973E-05 0.0767795
0.0514728 9.9973E-05 0.639391 0.078054 0.0821356 9.9973E-05 0.028587 9.9973E-05 0.120059
9.9973E-05 0.00291078 0.297399 9.9973E-05 0.448324 0.0680369 0.0545599 9.9973E-05 0.12847
9.9964E-05 9.9964E-05 0.45726 0.0217247 0.389832 9.9964E-05 0.0252777 9.9964E-05 0.105506
9.9964E-05 9.9964E-05 0.674356 0.0414248 0.155331 9.9964E-05 0.0365537 9.9964E-05 0.0919344
0.0165522 9.9991E-05 0.259764 0.0293291 0.47075 0.0626664 0.0210517 0.0197305 0.120057
0.0216278 9.9973E-05 0.324663 0.0286418 0.457735 0.0516363 9.9973E-05 9.9973E-05 0.115396
0.00372254 0.0289081 0.207199 0.0650231 0.350711 9.9982E-05 9.9982E-05 0.163283 0.180953
9.9964E-05 9.9964E-05 0.653767 0.0164336 0.291213 0.0169636 9.9964E-05 0.0212228 9.9964E-05
0.00605244 0.0589002 0.48043 0.0103248 0.359517 0.00238953 0.0466129 0.0356732 9.9991E-05
9.9991E-05 0.0381235 0.334436 0.0137699 0.457485 0.0252085 0.0470121 0.0541391 0.0297263
0.0450132 9.9982E-05 0.372885 0.0412983 0.375039 9.9982E-05 0.0127033 0.128319 0.0245421
0.135361 9.9964E-05 0.195547 9.9964E-05 0.374587 9.9964E-05 9.9964E-05 0.160558 0.133546
0.0441279 9.9955E-05 0.474141 9.9955E-05 0.44097 0.0402617 9.9955E-05 9.9955E-05 9.9955E-05
9.9955E-05 9.9955E-05 0.697717 9.9955E-05 0.201702 0.0764779 9.9955E-05 0.0236033 9.9955E-05
0.00850598 0.0147625 0.303632 0.0544637 0.611447 9.9973E-05 9.9973E-05 9.9973E-05 0.00688951
0.0154733 0.0260676 0.218742 0.068664 0.529784 0.0786401 0.0281198 0.0078886 0.0266203
9.9964E-05 0.00766371 0.72564 9.9964E-05 0.194916 9.9964E-05 0.00203422 0.0693459 9.9964E-05
9.9955E-05 9.9955E-05 0.55683 9.9955E-05 0.386415 0.0156049 0.0406504 9.9955E-05 9.9955E-05
9.9982E-05 0.0482773 0.214917 0.091098 0.567063 0.00734493 0.016177 9.9982E-05 0.054922
9.9982E-05 0.183196 0.326209 0.0128532 0.427799 0.0293752 0.0133693 0.00699867 9.9982E-05
0.0994202 0.0107131 0.0520181 0.192269 0.523551 0.0269055 9.9982E-05 9.9982E-05 0.094923
0.0266479 0.0140684 0.160817 0.0907798 0.267179 0.057036 0.0432394 0.126784 0.213448
0.163168 9.9991E-05 0.0440253 0.107274 0.344439 0.0542324 0.0109821 0.0906477 0.185131
0.0974732 0.0101238 0.0354746 0.135168 0.316853 0.0582285 0.0582573 0.110307 0.178114
0.0457458 9.9982E-05 0.0876738 0.130191 0.450549 0.00189447 9.9982E-05 0.0817618 0.201984
0.0455625 0.056493 0.0669328 0.167773 0.397376 0.0514994 9.9991E-05 0.0511893 0.163073
0.0613643 9.9973E-05 0.626741 0.141983 9.9973E-05 0.0125427 0.0152655 9.9973E-05 0.141804
9.9982E-05 9.9982E-05 0.0927397 0.0547304 0.504335 0.101785 0.0427433 0.0181314 0.185335
0.206406 9.9964E-05 0.360231 0.303874 9.9964E-05 9.9964E-05 0.0105612 9.9964E-05 0.118528
9.9955E-05 9.9955E-05 0.32218 0.05962 0.394508 9.9955E-05 9.9955E-05 9.9955E-05 0.223192
9.9946E-05 0.217971 0.757405 9.9946E-05 0.0240245 9.9946E-05 9.9946E-05 9.9946E-05 9.9946E-05
9.9937E-05 0.0688058 0.930495 9.9937E-05 9.9937E-05 9.9937E-05 9.9937E-05 9.9937E-05 9.9937E-05
9.9964E-05 0.036638 0.441059 9.9964E-05 0.500438 9.9964E-05 0.00524745 9.9964E-05 0.0162175
9.9955E-05 9.9955E-05 0.351808 9.9955E-05 0.582181 9.9955E-05 0.0282462 9.9955E-05 0.0372647
0.00725207 9.9955E-05 0.545544 9.9955E-05 0.442605 9.9955E-05 9.9955E-05 0.00409957 9.9955E-05
9.9955E-05 0.0231711 0.482773 0.0240794 0.469477 9.9955E-05 9.9955E-05 9.9955E-05 9.9955E-05
9.9937E-05 9.9937E-05 0.542806 9.9937E-05 0.456495 9.9937E-05 9.9937E-05 9.9937E-05 9.9937E-05
9.9964E-05 9.9964E-05 0.0816427 0.785502 0.0645648 9.9964E-05 0.0469449 9.9964E-05 0.0209454
9.9973E-05 9.9973E-05 0.0286106 0.701563 9.9973E-05 0.00231936 0.0188601 0.139347 0.109
9.9964E-05 9.9964E-05 9.9964E-05 0.84521 9.9964E-05 0.0154032 0.0315047 0.0199257 0.0875569
0.0236873 9.9964E-05 0.00249018 0.799444 0.027667 9.9964E-05 0.146312 9.9964E-05 9.9964E-05
9.9991E-05 0.300403 0.0357624 0.0839364 0.465811 0.009014 0.0138039 0.0818494 0.00932023
9.9955E-05 0.344375 0.0157825 0.11264 0.526703 9.9955E-05 9.9955E-05 9.9955E-05 9.9955E-05
9.9964E-05 0.401508 9.9964E-05 9.9964E-05 0.390097 9.9964E-05 0.0430207 0.133824 0.0311501
0.0646755 0.270572 9.9964E-05 0.107733 0.53599 9.9964E-05 0.0206294 9.9964E-05 9.9964E-05
0.101235 0.127033 9.9973E-05 0.0588432 0.461539 0.132797 9.9973E-05 9.9973E-05 0.118253
0.00702982 0.599993 9.9982E-05 0.00867062 0.219508 0.0119031 9.9982E-05 0.133276 0.0194198
9.9964E-05 0.292797 0.0138358 9.9964E-05 0.625592 9.9964E-05 0.0370605 0.0303151 9.9964E-05
0.0735614 0.460422 0.0765642 9.9973E-05 0.343096 0.00915965 0.036896 9.9973E-05 9.9973E-05
9.9973E-05 9.9973E-05 0.0765828 0.246644 0.471016 0.0233928 0.0153938 9.9973E-05 0.166671
0.0163426 0.468263 0.0146655 0.0100155 0.457361 0.0143253 9.9982E-05 9.9982E-05 0.0188281
9.9973E-05 0.519907 9.9973E-05 0.0169556 0.320321 9.9973E-05 0.0413393 0.062747 0.0384299
9.9982E-05 0.218638 0.113676 0.00432747 0.540213 0.0924439 0.0168082 0.0136929 9.9982E-05
9.9964E-05 0.454723 0.141918 9.9964E-05 0.342507 9.9964E-05 9.9964E-05 0.0216896 0.038762
9.9964E-05 0.375881 0.0276893 0.00471225 0.554991 0.036326 9.9964E-05 9.9964E-05 9.9964E-05
0.0348487 0.23531 0.0184567 0.0338712 0.57565 0.0689209 0.00599264 9.9991E-05 0.0268495
0.000350371 0.926637 0.0285984 9.9955E-05 0.0439148 9.9955E-05 9.9955E-05 9.9955E-05 9.9955E-05
0.0906339 0.472602 0.0976058 0.0229165 0.258278 9.9991E-05 0.00786667 0.0480664 0.00193036
9.9982E-05 0.540869 0.0150094 9.9982E-05 0.322616 0.0105705 0.0286002 0.0511209 0.0310147
0.128537 0.79493 0.0759331 9.9946E-05 9.9946E-05 9.9946E-05 9.9946E-05 9.9946E-05 9.9946E-05
9.9964E-05 0.359465 9.9964E-05 0.0732929 0.414988 0.103561 9.9964E-05 0.048294 9.9964E-05
0.203358 0.620286 0.0336706 9.9964E-05 0.0780926 0.0641929 9.9964E-05 9.9964E-05 9.9964E-05
0.165763 0.722733 0.110905 9.9946E-05 9.9946E-05 9.9946E-05 9.9946E-05 9.9946E-05 9.9946E-05
0.0121231 0.309225 9.9982E-05 0.0265601 0.541663 9.9982E-05 0.0457976 0.018704 0.0457269
9.9973E-05 0.61997 9.9973E-05 0.00630448 0.186091 9.9973E-05 0.0215393 0.157197 0.00859854
0.0607844 0.393027 9.9964E-05 9.9964E-05 0.374152 9.9964E-05 9.9964E-05 0.116386 0.0552506
0.0325455 0.204278 9.9982E-05 0.0922156 0.558727 0.0326697 0.0331323 9.9982E-05 0.0462321
0.0259508 0.37984 9.9955E-05 9.9955E-05 0.515868 9.9955E-05 9.9955E-05 0.0778417 9.9955E-05
0.151528 0.0314456 0.142864 9.9991E-05 0.330859 0.000773431 0.0146706 0.274648 0.0531106
9.9982E-05 0.295386 0.0268089 9.9982E-05 0.538812 0.0542466 0.0242061 0.014912 0.0454286
9.9973E-05 0.308497 9.9973E-05 0.0362883 0.402158 9.9973E-05 0.0210964 0.175344 0.0563158
0.0276047 0.633646 9.9955E-05 9.9955E-05 0.330387 9.9955E-05 0.00786247 9.9955E-05 9.9955E-05
9.9973E-05 0.155823 0.0840242 0.0355854 0.607788 0.0635542 0.0529246 9.9973E-05 9.9973E-05
0.0192588 0.0436931 9.9973E-05 0.562634 9.9973E-05 0.0512005 0.0691315 0.253783 9.9973E-05
0.0219175 0.106285 9.9982E-05 0.665068 0.0598651 0.0182542 0.0843971 0.044013 9.9982E-05
0.0673029 9.9964E-05 9.9964E-05 0.671639 9.9964E-05 0.00180272 0.117028 0.141827 9.9964E-05
9.9964E-05 9.9964E-05 0.0640172 0.730472 9.9964E-05 0.0250851 0.0898659 0.0901597 9.9964E-05
0.0314534 9.9973E-05 9.9973E-05 0.662714 0.0458968 0.0937029 0.0734154 0.0925177 9.9973E-05
9.9964E-05 0.634373 9.9964E-05 0.0573575 0.101567 9.9964E-05 9.9964E-05 0.177812 0.0284898
9.9973E-05 0.669484 9.9973E-05 0.0612733 0.115973 0.000384034 0.0242142 0.128371 9.9973E-05
