9.9955E-05 0.0137076 9.9955E-05 0.870064 9.9955E-05 0.0594737 9.9955E-05 9.9955E-05 0.0562549
0.0228185 0.0313495 0.0440278 0.872217 9.9964E-05 9.9964E-05 9.9964E-05 9.9964E-05 0.0291875
0.0558158 9.9964E-05 9.9964E-05 0.746089 9.9964E-05 9.9964E-05 0.0487225 0.0858824 0.0630903
0.0646502 9.9964E-05 9.9964E-05 0.717547 9.9964E-05 9.9964E-05 0.056585 0.0885455 0.0722722
0.010998 9.9964E-05 0.0361441 0.849118 9.9964E-05 9.9964E-05 0.0643973 0.0389424 9.9964E-05
0.0649248 9.9991E-05 0.0186835 0.4949 0.157485 0.0367084 0.0415367 0.122623 0.0630392
9.9955E-05 9.9955E-05 9.9955E-05 0.749949 0.0862128 0.09513 9.9955E-05 9.9955E-05 0.0682084
0.0876631 0.0143738 9.9973E-05 0.66055 0.151917 0.0328438 9.9973E-05 9.9973E-05 0.0523526
0.0320231 0.0954522 9.99639E-05 0.819552 0.032174 9.99639E-05 9.99639E-05 9.99639E-05 0.0203986
0.00920168 9.9991E-05 0.0362799 0.617582 0.0587862 0.0713567 0.0232998 0.105555 0.0778387
0.0538285 9.9964E-05 9.9964E-05 0.715354 0.127531 0.0741522 9.9964E-05 0.0287344 9.9964E-05
9.9955E-05 0.0107619 9.9955E-05 9.9955E-05 9.9955E-05 0.886482 0.0658836 0.0363724 9.9955E-05
0.0794639 9.9964E-05 9.9964E-05 9.9964E-05 9.9964E-05 0.429506 0.00659075 0.426267 0.0577728
9.9973E-05 9.9973E-05 0.073963 0.0285554 0.0393258 0.767886 0.0478017 0.0421683 9.9973E-05
9.9964E-05 9.9964E-05 9.9964E-05 0.0127778 9.9964E-05 0.753477 0.185897 0.0313123 0.016136
9.9982E-05 0.0314253 9.9982E-05 0.0973055 0.00221705 0.485611 0.156641 0.213653 0.0129475
9.9982E-05 0.00409202 0.0351646 0.0824438 9.9982E-05 0.272086 0.101424 0.469343 0.0352462
9.9982E-05 0.064145 0.0352747 9.9982E-05 0.047375 0.455267 0.0947877 0.240421 0.0625289
9.9964E-05 0.0409759 9.9964E-05 0.122111 9.9964E-05 0.65388 0.0443844 0.138249 9.9964E-05
0.0429002 9.9955E-05 9.9955E-05 9.9955E-05 0.107246 0.83459 9.9955E-05 9.9955E-05 0.0147643
9.9982E-05 0.0911432 0.06554 9.9982E-05 0.00160066 0.446381 0.0833702 0.276901 0.0348638
9.9982E-05 0.0232116 0.0732029 9.9982E-05 0.19318 0.269417 0.0267033 0.373232 0.0408536
0.00784561 0.0386657 9.9982E-05 9.9982E-05 0.0467348 0.469443 0.0436721 0.384567 0.00887174
9.9955E-05 9.9955E-05 9.9955E-05 9.9955E-05 9.9955E-05 0.791178 0.0637121 0.104619 0.0399903
0.0082259 0.0146802 0.0179835 0.0913623 0.0279825 0.178737 9.9991E-05 0.656661 0.00426701
9.9964E-05 9.9964E-05 9.9964E-05 9.9964E-05 0.000609731 0.500066 0.0465258 0.421429 0.0309697
9.9955E-05 9.9955E-05 9.9955E-05 0.0258079 9.9955E-05 0.899036 0.0455261 9.9955E-05 0.0291304
9.9946E-05 9.9946E-05 9.9946E-05 9.9946E-05 9.9946E-05 0.85158 0.135485 9.9946E-05 0.0123354
9.9964E-05 0.000787253 0.0762257 9.9964E-05 0.0229464 0.84381 9.9964E-05 0.0558304 9.9964E-05
9.993E-05 9.993E-05 9.993E-05 9.993E-05 9.993E-05 9.993E-05 9.993E-05 9.993E-05 0.999201
9.993E-05 9.993E-05 9.993E-05 9.993E-05 9.993E-05 9.993E-05 9.993E-05 9.993E-05 0.999201
9.9973E-05 0.0456144 0.00426806 0.520413 9.9973E-05 9.9973E-05 0.0430844 0.0489508 0.337369
9.9973E-05 0.113344 0.0130128 0.485702 9.9973E-05 9.9973E-05 0.0984174 0.00203699 0.287187
9.9973E-05 0.27209 9.9973E-05 0.0143902 0.0496481 0.124566 9.9973E-05 0.511437 0.0275696
9.9964E-05 0.272708 9.9964E-05 0.131022 9.9964E-05 0.151155 0.0222622 0.422453 9.9964E-05
9.9964E-05 0.395995 9.9964E-05 0.0269396 9.9964E-05 9.9964E-05 0.0354895 0.52528 0.0158959
0.223845 0.0648176 9.9973E-05 0.0757324 9.9973E-05 0.603925 9.9973E-05 0.0165262 0.0148543
9.9964E-05 0.589471 9.9964E-05 0.0113045 0.0302283 9.9964E-05 9.9964E-05 0.330856 0.0377405
0.177848 0.222993 9.9964E-05 9.9964E-05 9.9964E-05 9.9964E-05 0.00361896 0.504723 0.0904179
9.9964E-05 0.221634 9.9964E-05 9.9964E-05 0.0493894 9.9964E-05 0.0198093 0.66497 0.0437973
0.009888 0.0840369 9.9973E-05 0.123729 0.105756 0.104445 9.9973E-05 0.571846 9.9973E-05
0.0374596 0.21238 9.9982E-05 9.9982E-05 0.0246024 0.0417315 0.0482941 0.551175 0.0841584
9.9982E-05 0.669658 9.9982E-05 0.0115251 0.0224798 0.170074 0.00866331 0.0945528 0.0228466
9.9982E-05 0.0133517 9.9982E-05 0.0346975 0.167227 0.123907 0.0371238 0.602695 0.0207969
9.9982E-05 0.222721 9.9982E-05 0.0377053 0.0728619 0.0133026 0.0726646 0.503453 0.0770912
0.128735 0.0685863 9.9982E-05 0.1141 0.0357949 0.00272578 9.9982E-05 0.635398 0.0144588
9.9964E-05 0.695954 0.0015554 9.9964E-05 9.9964E-05 9.9964E-05 0.0295011 0.266075 0.00651446
9.9955E-05 0.250641 9.9955E-05 0.082704 9.9955E-05 9.9955E-05 9.9955E-05 0.637746 0.0284092
9.999E-05 0.222651 0.00932075 0.113434 0.0169796 0.0455958 0.0664736 0.512034 0.0134117
9.9955E-05 0.675042 0.00761135 0.0629414 0.253906 9.9955E-05 9.9955E-05 9.9955E-05 9.9955E-05
0.266469 0.223179 0.0221136 9.9973E-05 0.0422565 0.330511 9.9973E-05 0.115171 9.9973E-05
0.00422623 0.123026 0.0861614 0.0229713 0.339547 0.385572 0.00325602 0.0351402 9.9991E-05
0.077174 0.144277 9.9973E-05 0.0901214 9.9973E-05 0.0557048 0.106249 0.526174 9.9973E-05
9.9973E-05 9.9973E-05 9.9973E-05 0.0447055 0.0850999 0.21377 0.0713089 0.564867 0.0199488
0.0722749 0.0338925 0.0471385 0.113891 0.0546763 9.9973E-05 9.9973E-05 0.677827 9.9973E-05
0.182626 0.205433 0.0634661 0.135762 9.9982E-05 0.192823 9.9982E-05 0.190521 0.0291696
0.156765 0.153588 0.00191463 9.9982E-05 0.0811259 0.0935155 9.9982E-05 0.507238 0.0056529
9.9982E-05 0.107392 0.00177504 0.0172954 0.0589244 0.177463 0.164629 0.472322 9.9982E-05
0.0732108 0.158292 0.00484277 0.0616718 0.0631964 0.304135 9.9991E-05 0.2604 0.0741516
0.13205 0.0659108 0.0225686 0.170143 0.11695 0.404209 0.0397994 9.9991E-05 0.0482696
0.112783 0.121071 9.9982E-05 0.00122639 9.9982E-05 0.163077 0.0644168 0.508882 0.0283437
0.102222 9.9982E-05 0.163941 0.0943111 9.9982E-05 0.293137 0.0231587 0.320879 0.0021513
0.142972 0.156363 0.0194427 9.9973E-05 0.122544 0.487083 9.9973E-05 9.9973E-05 0.071295
0.00934663 9.9955E-05 0.107037 9.9955E-05 9.9955E-05 0.391781 9.9955E-05 0.491335 9.9955E-05
9.9982E-05 0.0179991 0.184231 0.0385955 9.9982E-05 0.182812 0.0459653 0.527778 0.00242014
0.0595893 9.9991E-05 0.087221 0.0170239 0.0763382 0.0747472 0.051467 0.581669 0.0518442
0.0653143 0.188032 0.0261916 0.0260836 0.0577278 0.356992 0.0276252 0.183506 0.0685265
0.00612904 0.0973783 9.9982E-05 9.9982E-05 0.0855261 0.332944 0.0377195 0.388434 0.0516689
0.10288 9.9991E-05 0.100908 0.0118397 0.0191554 0.0470755 0.0489422 0.573358 0.0957414
0.111227 0.0798242 0.0868858 9.9982E-05 0.0749479 0.454071 9.9982E-05 0.155317 0.0375268
0.0137949 0.380866 9.9964E-05 9.9964E-05 9.9964E-05 0.04935 9.9964E-05 0.539906 0.0156827
9.9964E-05 0.601781 9.9964E-05 0.0387529 9.9964E-05 0.243033 9.9964E-05 0.098799 0.0172342
0.0203265 0.119553 9.9991E-05 0.105452 0.0454238 0.140785 0.0814968 0.483719 0.00314393
9.9946E-05 0.841981 9.9946E-05 0.0265639 0.130855 9.9946E-05 9.9946E-05 9.9946E-05 9.9946E-05
0.00975137 0.808695 0.049129 9.9964E-05 0.0684761 0.0635486 9.9964E-05 9.9964E-05 9.9964E-05
0.00294504 0.758415 9.9955E-05 9.9955E-05 9.9955E-05 9.9955E-05 0.0092497 0.228891 9.9955E-05
0.101779 0.427299 9.9964E-05 0.0370333 9.9964E-05 0.0103461 9.9964E-05 0.423142 9.9964E-05
0.0442014 0.161077 9.9982E-05 0.0632682 9.9982E-05 0.0965944 0.106427 0.479241 0.048991
0.0391213 0.513452 9.9973E-05 9.9973E-05 9.9973E-05 0.031337 0.04192 0.35813 0.01574
0.0881952 0.580701 9.9982E-05 0.0236474 9.9982E-05 0.182821 0.0455972 0.0605126 0.0183265
0.194586 0.442101 9.9973E-05 0.0369739 9.9973E-05 0.0824311 0.00545445 0.238153 9.9973E-05
0.0858486 0.18331 0.154991 9.9982E-05 9.9982E-05 0.0708902 0.0350553 0.434351 0.0353534
9.9973E-05 0.484645 9.9973E-05 0.0516663 9.9973E-05 0.200397 0.0165991 0.24504 0.00135355
0.011882 0.380616 9.9991E-05 0.0306574 0.00902948 0.170624 0.0353008 0.303316 0.0584747
9.9964E-05 0.490694 9.9964E-05 0.00737242 0.0706618 9.9964E-05 9.9964E-05 0.407799 0.0230726
0.00160612 0.697219 0.0893227 0.0132324 0.192018 0.00626116 0.000140482 9.9982E-05 9.9982E-05
0.00791215 0.141019 0.0655083 0.00498453 0.0260749 0.0711318 9.9991E-05 0.678391 0.0048791
9.9964E-05 9.9964E-05 9.9964E-05 0.756449 9.9964E-05 0.0825973 0.0742174 0.0279854 0.058351
9.9946E-05 9.9946E-05 9.9946E-05 0.814743 9.9946E-05 9.9946E-05 9.9946E-05 0.0608847 0.123773
0.0105029 9.9964E-05 9.9964E-05 0.756801 9.9964E-05 9.9964E-05 0.0766421 0.0443297 0.111325
9.9955E-05 9.9955E-05 9.9955E-05 0.805645 0.0271141 9.9955E-05 9.9955E-05 0.0510995 0.115641
9.9973E-05 0.00478164 0.00128279 0.795737 9.9973E-05 9.9973E-05 0.0188083 0.0841968 0.0948934
9.9964E-05 9.9964E-05 0.0260451 0.826285 9.9964E-05 9.9964E-05 0.0236187 0.0514492 0.0722018
9.9973E-05 9.9973E-05 9.9973E-05 0.810227 0.00265897 0.0314002 0.0150612 0.0644494 0.0759031
0.0559669 0.199467 9.9973E-05 0.117612 9.9973E-05 0.0776603 9.9973E-05 0.502261 0.0467331
0.0275149 0.174734 0.0443943 0.0850302 9.9991E-05 0.0740752 0.0519067 0.52096 0.0212847
9.9955E-05 0.743801 0.0135543 0.0631954 9.9955E-05 0.178949 9.9955E-05 9.9955E-05 9.9955E-05
0.0413212 0.214733 9.9982E-05 0.0468493 0.0972744 0.0755817 0.125927 0.398113 9.9982E-05
9.9964E-05 0.376403 9.9964E-05 0.000242557 9.9964E-05 0.22748 9.9964E-05 0.360799 0.0346752
9.9973E-05 0.326565 0.0226501 0.0105723 9.9973E-05 0.0321198 0.00128207 0.60651 9.9973E-05
9.9982E-05 0.270034 0.0499546 0.0177049 0.0631762 9.9982E-05 0.0301255 0.530256 0.0385485
9.9964E-05 0.391626 0.0723687 9.9964E-05 9.9964E-05 9.9964E-05 0.105218 0.388239 0.0421476
0.0706356 0.662119 9.9955E-05 0.0936872 9.9955E-05 0.173059 9.9955E-05 9.9955E-05 9.9955E-05
9.9973E-05 0.244901 0.0568652 0.124289 9.9973E-05 0.00155327 9.9973E-05 0.519065 0.0530269
9.9973E-05 0.151645 0.0910477 0.0797425 0.0236117 0.0422678 9.9973E-05 0.611385 9.9973E-05
9.9973E-05 0.085132 9.9973E-05 0.100339 9.9973E-05 0.207126 0.0360731 0.528438 0.0425922
9.9964E-05 0.508809 0.0541796 9.9964E-05 0.153706 9.9964E-05 0.0558601 0.227045 9.9964E-05
0.0632234 0.377983 0.0369375 9.9982E-05 0.0138219 9.9982E-05 0.0247711 0.479914 0.00314969
0.0445125 0.459501 9.9964E-05 9.9964E-05 9.9964E-05 0.113113 9.9964E-05 0.366458 0.0160157
9.9964E-05 0.61387 0.018505 9.9964E-05 0.00702361 9.9964E-05 0.0471782 0.313024 9.9964E-05
0.0674107 0.434735 9.9973E-05 0.0431646 9.9973E-05 0.0753515 9.9973E-05 0.354882 0.0241561
0.100263 0.0969032 0.0445436 0.0993254 9.9991E-05 0.000902236 0.0156698 0.618393 0.0238993
0.129474 0.0443557 0.228195 0.0514298 0.100689 0.260871 0.018176 0.151054 0.0157558
0.235038 9.9991E-05 0.00622867 0.0403935 0.0553983 0.222389 0.0722539 0.359857 0.00834122
0.122828 9.9982E-05 0.0622084 0.112405 0.021497 0.0660081 0.0323525 0.5825 9.9982E-05
0.0778852 0.155985 0.0761372 0.124588 9.9982E-05 0.0156509 0.0500143 0.499539 9.9982E-05
0.134816 9.9982E-05 0.00423121 0.0370773 0.00011195 0.372635 9.9982E-05 0.385265 0.0656636
0.123039 9.9973E-05 0.0472043 0.0229253 0.0138484 0.271842 9.9973E-05 0.52084 9.9973E-05
0.132296 9.9964E-05 0.0563565 0.0420347 9.9964E-05 0.381725 9.9964E-05 0.387187 9.9964E-05
0.115875 0.0751223 0.0699739 0.0422458 0.119855 0.091003 9.9991E-05 0.467671 0.0181547
0.104735 0.100745 9.9982E-05 0.0751449 9.9982E-05 0.192358 0.0645978 0.4598 0.00241869
0.0116874 0.0385604 0.0710957 9.9982E-05 0.0806589 0.276921 9.9982E-05 0.518599 0.00227763
0.196102 0.0145347 0.0381976 9.9964E-05 9.9964E-05 0.249424 9.9964E-05 0.501343 9.9964E-05
0.155657 9.9973E-05 0.0340893 0.0422798 0.111797 9.9973E-05 0.0689437 0.586933 9.9973E-05
0.076775 0.0333105 0.0198889 0.0819444 0.103416 0.0373408 0.125323 0.519739 0.00226315
0.119659 0.0785861 0.0355598 9.9973E-05 9.9973E-05 0.181486 0.0619566 0.522452 9.9973E-05
0.140482 0.00160971 0.0802624 0.0365611 0.00992957 0.0623307 0.0314356 0.593392 0.0439969
0.216 0.140028 9.9982E-05 0.012466 0.0090319 0.114332 0.125438 0.382505 9.9982E-05
0.0729187 9.9982E-05 0.0957498 0.0681342 0.1008 0.284294 9.9982E-05 0.3562 0.0217029
0.0878947 0.0516994 0.00549565 9.9991E-05 0.0738212 0.0962003 0.0540024 0.624916 0.00587014
0.141229 9.9973E-05 0.100687 9.9973E-05 0.0527134 0.00749665 0.0189762 0.678597 9.9973E-05
0.167316 0.123783 0.0728537 9.9982E-05 9.9982E-05 0.393388 0.0220837 0.207637 0.0127382
0.182336 0.089415 0.195303 0.0452775 0.171392 0.171524 0.00579636 0.138856 9.9991E-05
0.20101 0.0379386 0.0173875 0.0571854 0.0221245 0.109305 9.9982E-05 0.554849 9.9982E-05
0.304335 0.141921 0.153483 9.9982E-05 0.226711 0.0431977 0.0340553 0.0960967 9.9982E-05
0.203376 0.0556702 0.11848 0.0618449 9.9973E-05 0.368265 9.9973E-05 0.192065 9.9973E-05
0.143425 0.069667 0.0481565 0.00865946 0.0627784 0.306255 9.9982E-05 0.360859 9.9982E-05
0.168171 0.0819827 9.9973E-05 0.0363608 9.9973E-05 0.37733 9.9973E-05 0.300611 0.0352444
0.207041 0.0843693 9.9964E-05 9.9964E-05 0.0323113 0.443635 9.9964E-05 0.232243 9.9964E-05
0.0664099 0.0586633 0.0251677 0.00117747 0.0105797 0.205149 0.042229 0.538004 0.0526204
0.097575 0.0311878 0.0606087 0.124814 9.9991E-05 0.143288 0.0518841 0.462426 0.0281164
0.0706742 0.0739108 9.9973E-05 0.0352911 9.9973E-05 0.297253 9.9973E-05 0.477614 0.0449571
0.197111 0.10803 0.086121 9.9982E-05 0.298244 0.165628 0.0370535 0.107612 9.9982E-05
0.0373128 0.205946 0.0619362 0.164761 0.014073 0.080396 0.0312467 0.404229 9.9991E-05
0.030921 0.0678283 0.121448 9.9991E-05 0.0924035 0.0876461 0.14911 0.444266 0.00627736
0.0699196 0.175386 0.0745719 0.0914681 0.456708 0.106013 9.9982E-05 9.9982E-05 0.0257346
9.9964E-05 0.176589 0.0068588 0.193661 0.0841464 9.9964E-05 9.9964E-05 0.538346 9.9964E-05
9.9982E-05 0.26097 0.0597754 0.0164384 0.211319 9.9982E-05 0.106098 0.292908 0.0522914
0.0364656 0.0831775 9.9982E-05 0.0682932 0.159225 0.168502 0.0629075 0.42123 9.9982E-05
0.135993 0.0801759 0.0385927 0.0370091 0.338656 9.9991E-05 0.00439175 0.328376 0.0367056
0.0862716 0.0233095 0.124315 9.9982E-05 0.392622 0.167453 9.9982E-05 0.155262 0.0505668
0.0950217 0.140451 0.080567 9.9991E-05 0.178366 0.0714476 0.00111233 0.403781 0.0291533
0.162604 9.9982E-05 0.091106 0.0312746 0.153469 0.0131166 0.0108629 0.537367 9.9982E-05
0.0121906 0.103066 0.0855772 0.131379 0.0541859 0.135995 0.0360929 0.398815 0.0426983
0.00598317 0.228118 0.0953908 0.0214903 0.377304 0.135033 0.108455 9.9991E-05 0.0281255
9.9973E-05 9.9973E-05 0.138621 0.111233 0.120053 0.111407 9.9973E-05 0.514797 0.00358915
0.0128767 0.155371 0.0377266 9.9973E-05 0.279367 0.148355 9.9973E-05 0.366004 9.9973E-05
0.000586019 0.12668 0.114559 9.9973E-05 0.10193 0.230794 9.9973E-05 0.425152 9.9973E-05
0.115782 0.0807999 0.0451901 0.0835854 0.0717777 9.9982E-05 9.9982E-05 0.598229 0.0044355
9.9973E-05 9.9973E-05 9.9973E-05 0.208761 0.352506 0.0118795 0.237698 0.128106 0.0607502
9.9955E-05 9.9955E-05 9.9955E-05 0.500627 0.341861 9.9955E-05 0.151893 9.9955E-05 0.00511871
9.9955E-05 9.9955E-05 9.9955E-05 0.404197 0.408507 9.9955E-05 0.1401 9.9955E-05 0.0466959
9.9973E-05 9.9973E-05 9.9973E-05 0.392884 0.198573 0.0373711 0.342005 0.0218354 0.00703065
0.0347679 0.107581 9.9955E-05 9.9955E-05 0.217663 9.9955E-05 9.9955E-05 0.639488 9.9955E-05
0.06986 0.111778 9.9991E-05 0.0441327 0.156749 0.0111292 0.0641611 0.48909 0.0530001
9.99465E-05 9.99465E-05 9.99465E-05 9.99465E-05 9.99465E-05 0.0678118 0.622702 0.308887 9.99465E-05
0.0303783 0.1142 9.9973E-05 9.9973E-05 9.9973E-05 0.149311 0.414951 0.276816 0.0140442
0.0543881 0.118699 9.9973E-05 0.0330936 9.9973E-05 0.100246 0.356152 0.337121 9.9973E-05
0.00508675 0.0746579 0.132294 9.9982E-05 0.336954 0.0409502 9.9982E-05 0.384843 0.0250145
0.0195014 0.126717 9.9982E-05 0.0232732 0.201466 9.9982E-05 0.0712888 0.54261 0.0149442
9.9964E-05 0.0804403 0.124727 9.9964E-05 0.528685 0.0626798 9.9964E-05 0.203068 9.9964E-05
9.9964E-05 0.0622702 0.0483693 9.9964E-05 0.217029 0.0287642 9.9964E-05 0.643167 9.9964E-05
0.00874233 0.0197939 0.179743 9.9973E-05 0.258255 0.0635027 9.9973E-05 0.469663 9.9973E-05
9.9982E-05 0.0213129 0.0268574 9.9982E-05 0.232135 0.079556 0.00363901 0.616792 0.0195076
9.9964E-05 0.0829393 0.0836946 9.9964E-05 0.468665 0.127158 9.9964E-05 0.237143 9.9964E-05
0.0894547 9.9982E-05 9.9982E-05 0.0859728 0.0681352 0.0418764 0.0159016 0.685239 0.0132204
0.0773744 0.0455092 0.0310948 9.9982E-05 0.242363 9.9982E-05 0.042102 0.556221 0.00513558
9.9955E-05 0.00624695 0.0406392 9.9955E-05 9.9955E-05 0.00553505 0.947079 9.9955E-05 9.9955E-05
9.9946E-05 0.0182913 9.9946E-05 9.9946E-05 9.9946E-05 9.9946E-05 0.930356 0.0507535 9.9946E-05
9.9982E-05 0.00395636 0.0168201 0.0484036 9.9982E-05 0.0463939 0.574556 0.231776 0.0778944
0.00432523 9.9973E-05 0.0149567 9.9973E-05 9.9973E-05 0.0228348 0.619767 0.320879 0.0169367
9.9964E-05 0.0536846 9.9964E-05 0.0281717 9.9964E-05 0.0305915 0.830389 0.0567628 9.9964E-05
9.993E-05 9.993E-05 9.993E-05 9.993E-05 9.993E-05 9.993E-05 0.999201 9.993E-05 9.993E-05
0.0471694 9.9946E-05 9.9946E-05 9.9946E-05 9.9946E-05 9.9946E-05 0.941925 9.9946E-05 0.0103058
9.99451E-05 9.99451E-05 9.99451E-05 9.99451E-05 9.99451E-05 9.99451E-05 0.806206 0.193095 9.99451E-05
0.0253699 9.9937E-05 9.9937E-05 9.9937E-05 9.9937E-05 9.9937E-05 0.973931 9.9937E-05 9.9937E-05
9.993E-05 9.993E-05 9.993E-05 9.993E-05 9.993E-05 9.993E-05 0.999201 9.993E-05 9.993E-05
9.9937E-05 9.9937E-05 9.9937E-05 9.9937E-05 9.9937E-05 9.9937E-05 0.974574 9.9937E-05 0.0247264
0.003327 9.9973E-05 0.00922889 9.9973E-05 9.9973E-05 0.0846967 0.731696 0.124583 0.0461681
0.040021 0.00249078 9.9973E-05 0.0160084 9.9973E-05 0.0613465 0.833873 0.0459602 9.9973E-05
0.0146485 9.9946E-05 9.9946E-05 9.9946E-05 9.9946E-05 9.9946E-05 0.959376 9.9946E-05 0.0253757
0.10702 0.0673467 0.00589685 0.0214062 0.0197936 9.9991E-05 0.286016 0.486303 0.00611787
9.9973E-05 0.0928627 9.9973E-05 0.0463259 9.9973E-05 0.0146746 0.713954 0.126693 0.0051898
0.0691802 9.9955E-05 9.9955E-05 9.9955E-05 9.9955E-05 9.9955E-05 0.683599 0.203045 0.0436763
0.040308 9.9973E-05 9.9973E-05 0.000629597 9.9973E-05 0.0285504 0.800548 0.0779283 0.0517358
9.9937E-05 9.9937E-05 9.9937E-05 9.9937E-05 9.9937E-05 9.9937E-05 0.980092 0.0192088 9.9937E-05
9.9973E-05 9.9973E-05 0.0114972 0.0484283 9.9973E-05 0.027681 0.836025 0.0577698 0.0182985
0.00506509 9.9946E-05 9.9946E-05 9.9946E-05 9.9946E-05 9.9946E-05 0.957946 9.9946E-05 0.0363894
0.0310098 9.9973E-05 9.9973E-05 0.0454728 0.0176535 0.0746605 0.601262 0.229642 9.9973E-05
9.9946E-05 9.9946E-05 9.9946E-05 9.9946E-05 0.045037 0.0464666 0.907897 9.9946E-05 9.9946E-05
9.9982E-05 0.00736884 0.0992465 0.264756 0.544789 0.0581028 0.025369 9.9982E-05 0.000168761
0.0788809 9.9982E-05 9.9982E-05 0.108546 0.161297 0.107363 0.00751525 0.464845 0.0713523
0.0547248 0.104009 9.9991E-05 0.130352 0.197347 0.00272598 0.0719385 0.400126 0.0386767
0.0219252 9.9973E-05 9.9973E-05 0.116951 0.486289 9.9973E-05 0.0642807 0.244001 0.0662536
0.00625455 9.9982E-05 9.9982E-05 0.0998041 0.13558 0.149674 0.185009 0.378297 0.0451818
9.9991E-05 0.0438505 0.0298834 0.227516 0.322538 0.0166218 0.0424042 0.268901 0.0481852
0.0697254 0.0234417 0.070927 0.114075 0.0889003 0.10275 0.189789 0.337273 0.0031179
9.9964E-05 9.9964E-05 9.9964E-05 0.0866825 0.383306 0.0104019 0.126938 0.392272 9.9964E-05
9.9982E-05 0.00111997 9.9982E-05 0.0361678 0.191509 0.0568085 0.1056 0.482273 0.126323
9.9964E-05 9.9964E-05 9.9964E-05 0.100921 0.312366 9.9964E-05 0.225141 0.292437 0.0687347
9.9991E-05 0.0257224 0.0300546 0.0771878 0.191773 0.155573 0.0856716 0.392383 0.0415352
0.0807834 9.9955E-05 9.9955E-05 0.832196 0.00548117 9.9955E-05 9.9955E-05 0.08104 9.9955E-05
9.9955E-05 9.9955E-05 0.0248298 0.847675 9.9955E-05 9.9955E-05 0.0685783 9.9955E-05 0.0584172
9.9964E-05 9.9964E-05 9.9964E-05 0.896484 0.0218591 0.0317945 9.9964E-05 0.0229612 0.0265014
0.0218804 9.9964E-05 9.9964E-05 0.927368 0.00839344 9.9964E-05 9.9964E-05 0.0320564 0.00990176
0.0178325 9.9964E-05 9.9964E-05 0.785907 9.9964E-05 0.0496286 9.9964E-05 0.0140243 0.132208
9.9964E-05 0.00148559 0.0259487 0.828547 9.9964E-05 9.9964E-05 0.0764126 9.9964E-05 0.0672061
9.9955E-05 9.9955E-05 9.9955E-05 0.809497 9.9955E-05 9.9955E-05 0.0706188 0.0369044 0.0824799
0.00732347 9.9973E-05 0.0679783 0.819193 0.0399167 9.9973E-05 9.9973E-05 0.0139701 0.0513189
9.9964E-05 9.9964E-05 0.0257349 0.890149 9.9964E-05 0.0245372 9.9964E-05 0.0454049 0.0137737
0.0228232 9.9973E-05 9.9973E-05 0.816937 0.0142295 9.9973E-05 0.13243 0.00392492 0.00935609
0.0760279 0.0222912 0.0471425 0.598596 9.9973E-05 0.231133 9.9973E-05 9.9973E-05 0.0245097
0.188282 9.9955E-05 9.9955E-05 0.5633 9.9955E-05 0.219716 9.9955E-05 9.9955E-05 0.0282025
0.16812 9.9973E-05 0.0417781 0.474018 0.0792402 0.181349 9.9973E-05 9.9973E-05 0.0551953
0.0746053 0.0406376 9.9964E-05 0.503924 0.0843708 0.296062 9.9964E-05 9.9964E-05 9.9964E-05
0.0353023 0.244127 9.9964E-05 0.0720064 9.9964E-05 0.234185 9.9964E-05 0.41398 9.9964E-05
0.0536952 0.237177 0.091287 0.0270346 9.9982E-05 0.0743387 0.067897 0.448371 9.9982E-05
0.0217457 0.257181 9.9973E-05 0.0296623 9.9973E-05 0.213958 0.0376143 0.439539 9.9973E-05
0.223965 0.209237 0.0480084 0.0209873 0.0255292 0.145356 9.9982E-05 0.326718 9.9982E-05
0.291534 0.0841573 9.9964E-05 9.9964E-05 9.9964E-05 0.495157 0.00411085 0.124641 9.9964E-05
0.0183882 0.136422 0.0863246 0.0469985 0.00376379 9.9982E-05 0.037096 0.670807 9.9982E-05
0.101161 0.345338 0.00867025 9.9973E-05 9.9973E-05 0.023586 9.9973E-05 0.514747 0.0061983
0.0145144 0.286902 0.015671 9.9991E-05 0.0219102 0.153171 0.0561596 0.44174 0.00983177
9.9964E-05 0.489922 0.000428314 9.9964E-05 0.0497057 9.9964E-05 0.0672162 0.392328 9.9964E-05
0.0856705 0.131866 0.0279032 0.0951516 9.9973E-05 9.9973E-05 0.0147058 0.644403 9.9973E-05
0.133256 0.395982 9.9973E-05 9.9973E-05 9.9973E-05 0.0507998 0.0194131 0.392939 0.0073102
0.0575656 0.722169 0.149474 9.9964E-05 0.0567635 9.9964E-05 9.9964E-05 9.9964E-05 0.0136281
0.0619132 0.183635 0.00434262 0.100174 0.0589974 0.132549 0.0127351 0.445553 9.9991E-05
0.00995465 0.494292 0.0585645 9.9973E-05 0.162745 9.9973E-05 0.00586449 0.268279 9.9973E-05
9.9973E-05 0.397294 0.0623067 9.9973E-05 9.9973E-05 0.0646399 0.0057275 0.37988 0.0898529
0.105261 0.660878 9.9964E-05 0.0521567 9.9964E-05 0.143705 9.9964E-05 0.0375991 9.9964E-05
0.74461 9.9955E-05 9.9955E-05 0.0946452 0.10893 9.9955E-05 9.9955E-05 0.0513153 9.9955E-05
0.763756 9.9955E-05 9.9955E-05 0.0607506 0.0985248 9.9955E-05 9.9955E-05 0.0764684 9.9955E-05
0.885822 9.9955E-05 0.0434833 0.00013366 0.0700615 9.9955E-05 9.9955E-05 9.9955E-05 9.9955E-05
0.876212 9.9955E-05 0.0187197 0.0731274 0.0314409 9.9955E-05 9.9955E-05 9.9955E-05 9.9955E-05
0.769073 9.9973E-05 0.00414088 9.9973E-05 0.107994 0.00428914 9.9973E-05 0.091315 0.0228874
0.842385 9.9955E-05 9.9955E-05 0.0232211 9.9955E-05 9.9955E-05 0.0335924 0.100301 9.9955E-05
9.9955E-05 9.9955E-05 9.9955E-05 0.81618 9.9955E-05 9.9955E-05 0.00599559 0.115145 0.0621793
0.060138 9.9964E-05 9.9964E-05 0.806624 9.9964E-05 0.0258052 0.0035818 0.103451 9.9964E-05
9.9955E-05 9.9955E-05 9.9955E-05 0.696592 9.9955E-05 9.9955E-05 0.087316 0.13297 0.0826223
0.00273013 9.9973E-05 9.9973E-05 0.713319 9.9973E-05 0.112399 0.0669267 0.0464652 0.0578599
0.0273537 9.9982E-05 9.9982E-05 0.74435 0.0199537 0.0639547 0.0892898 0.0164611 0.0384375
0.409811 0.0453613 9.9973E-05 0.351634 0.0714154 0.0910576 9.9973E-05 9.9973E-05 0.0304208
0.32876 0.0964091 0.0602489 0.490793 0.0152047 0.00828418 9.9973E-05 9.9973E-05 9.9973E-05
0.412255 0.0808051 0.0644724 0.426251 9.9964E-05 9.9964E-05 9.9964E-05 9.9964E-05 0.0158169
9.993E-05 9.993E-05 9.993E-05 9.993E-05 9.993E-05 9.993E-05 9.993E-05 9.993E-05 0.999201
0.49137 0.0972637 9.9973E-05 0.291411 0.0743618 9.9973E-05 0.0131956 9.9973E-05 0.0320974
9.9973E-05 9.9973E-05 0.0301289 0.160846 0.103669 9.9973E-05 0.411026 0.240194 0.0538357
0.00631477 0.0320852 0.0294219 0.0506669 9.9991E-05 0.0636152 0.206961 0.526632 0.0842033
9.9955E-05 9.9955E-05 9.9955E-05 0.206452 9.9955E-05 0.000347217 0.300796 0.491905 9.9955E-05
0.0443287 0.0904449 9.9982E-05 0.264253 0.0360903 0.0381916 0.258811 0.267681 9.9982E-05
9.9973E-05 0.0796676 9.9973E-05 0.203719 0.111819 9.9973E-05 0.204273 0.395992 0.00422868
9.9955E-05 9.9955E-05 0.00724463 0.414889 0.250693 9.9955E-05 0.326674 9.9955E-05 9.9955E-05
0.1639 0.0754965 0.0204911 9.9973E-05 0.065129 0.238014 9.9973E-05 0.436669 9.9973E-05
0.167264 0.0196105 0.141269 9.9973E-05 0.170296 0.143167 9.9973E-05 0.358094 9.9973E-05
0.184417 9.9973E-05 0.0593348 0.0406303 9.9973E-05 0.49693 9.9973E-05 0.17279 0.0455985
0.110414 0.0604949 0.171129 9.9973E-05 0.0818379 0.0952012 9.9973E-05 0.480623 9.9973E-05
0.101 0.192142 0.297769 9.9964E-05 0.352226 0.0564632 9.9964E-05 9.9964E-05 9.9964E-05
9.9982E-05 0.0618268 0.0290807 0.144337 9.9982E-05 0.216884 0.04653 0.495275 0.00586608
0.105664 0.0699677 0.114126 0.00536014 0.0249743 0.157672 0.0129271 0.509209 9.9991E-05
0.131587 0.011157 0.0750127 9.9973E-05 9.9973E-05 0.551123 9.9973E-05 0.181529 0.0492917
0.14724 9.9973E-05 0.0692478 0.0845308 9.9973E-05 0.158817 0.0109794 0.528886 9.9973E-05
0.0817554 0.0683714 0.174012 9.9973E-05 0.255576 0.374526 9.9973E-05 0.0454597 9.9973E-05
0.0588453 0.0596024 0.0913644 9.9982E-05 0.166114 0.162707 0.0313927 0.429774 9.9982E-05
0.226152 0.0762609 9.9973E-05 9.9973E-05 9.9973E-05 0.140368 0.0506163 0.473286 0.0330164
0.140855 0.0164868 9.9982E-05 0.110824 0.0698328 0.0934998 0.183836 0.384466 9.9982E-05
0.15314 0.111322 0.13361 9.9973E-05 0.0630911 0.195267 9.9973E-05 0.34327 9.9973E-05
0.192236 0.0432291 0.0992295 0.0148516 0.0333354 0.149785 9.9991E-05 0.460558 0.00667609
9.9973E-05 0.0423269 0.114099 9.9973E-05 0.144633 0.184229 0.0378556 0.476556 9.9973E-05
0.158171 0.128205 0.0682607 0.0114196 0.0506255 0.0389615 0.0417233 0.502534 9.9991E-05
0.149301 0.0173787 0.0470215 0.015194 0.0214779 0.0830132 0.00696106 0.628463 0.0311894
0.106065 0.0645266 0.023603 0.0613709 0.05719 0.0662284 0.0610484 0.559868 9.9991E-05
0.173119 0.00399855 0.0536526 0.0623763 0.0474426 0.0595364 9.9991E-05 0.55705 0.042724
9.9946E-05 9.9946E-05 9.9946E-05 0.769154 9.9946E-05 9.9946E-05 0.122511 0.107735 9.9946E-05
9.9973E-05 0.0365801 0.0216762 0.80572 9.9973E-05 9.9973E-05 0.0500175 0.0794185 0.00628795
9.9973E-05 9.9973E-05 0.0567948 0.769003 0.046365 0.0600642 0.00768674 0.0597867 9.9973E-05
0.0743921 0.0445142 0.0184737 0.800772 9.9982E-05 9.9982E-05 0.0467819 0.0112635 0.00360238
9.9946E-05 9.9946E-05 9.9946E-05 0.783629 9.9946E-05 9.9946E-05 9.9946E-05 0.160131 0.0556405
0.240446 0.0424536 9.9964E-05 9.9964E-05 9.9964E-05 0.602001 0.0460216 0.0686783 9.9964E-05
0.061746 0.0384611 0.0435284 0.10365 9.9991E-05 0.204141 0.0223818 0.520923 0.00506925
0.0650912 0.0293321 0.0417078 0.151078 0.0668709 9.9991E-05 0.181082 0.426056 0.0386829
0.101635 0.0141655 0.0442677 0.00683839 0.0228022 0.135624 0.087647 0.569987 0.0170324
0.154009 0.197426 0.0495075 0.031747 9.9982E-05 0.105358 0.00539535 0.456358 9.9982E-05
0.22036 9.9982E-05 0.139882 9.9982E-05 0.154067 0.129434 0.0470717 0.27807 0.0309149
0.327433 0.0829317 9.9973E-05 0.0546497 0.141119 0.334065 9.9973E-05 9.9973E-05 0.0595012
0.186123 0.0877538 9.9973E-05 0.0261213 9.9973E-05 0.127739 9.9973E-05 0.53934 0.0326232
0.258798 9.9982E-05 0.229447 0.0657921 9.9982E-05 0.376857 0.0491289 0.0195617 0.000215831
0.150752 0.0819422 9.9973E-05 9.9973E-05 0.180513 0.0593921 0.0482379 0.478864 9.9973E-05
0.201327 0.0249643 0.130674 0.172115 0.00208054 0.395749 9.9982E-05 0.0728901 9.9982E-05
0.1611 0.00375508 0.0749123 0.0669394 0.00131593 0.0758764 0.0734509 0.5097 0.0329501
0.157745 9.9991E-05 0.0495275 0.027406 0.0594904 0.594241 0.00538124 0.0745585 0.0315505
0.232333 0.140004 0.039853 9.9991E-05 0.104266 0.109529 0.108184 0.251251 0.0144802
0.0485619 0.120876 9.9991E-05 0.0841017 0.156567 0.037369 0.0729714 0.446964 0.0324895
0.0487703 9.9964E-05 0.0675264 9.9964E-05 0.478839 0.0846388 9.9964E-05 0.319826 9.9964E-05
0.0190158 9.9964E-05 9.9964E-05 0.00689281 0.274014 0.185529 9.9964E-05 0.514149 9.9964E-05
9.9982E-05 0.131975 9.9982E-05 0.125189 0.153036 0.0708144 0.0892327 0.390795 0.0387574
0.0846227 0.042408 0.0166633 9.9973E-05 0.457417 0.0340527 9.9973E-05 0.364536 9.9973E-05
0.0146625 0.0427415 0.0959055 0.0268056 0.113053 0.137613 0.0345484 0.503563 0.0311077
9.9964E-05 0.0841697 0.122465 9.9964E-05 0.223489 9.9964E-05 9.9964E-05 0.543923 0.0255535
0.0937451 0.126353 0.105503 9.9973E-05 0.501263 0.0790459 9.9973E-05 0.0937898 9.9973E-05
0.00513167 0.154558 0.00688687 9.9964E-05 0.542845 9.9964E-05 9.9964E-05 0.290178 9.9964E-05
0.0829163 0.0352772 0.0562675 9.9964E-05 0.339892 9.9964E-05 9.9964E-05 0.485247 9.9964E-05
0.0824086 0.185021 0.0681313 9.9973E-05 0.426162 0.0863458 9.9973E-05 0.151632 9.9973E-05
0.0426789 0.143742 9.9964E-05 9.9964E-05 0.269028 0.127619 9.9964E-05 0.416532 9.9964E-05
0.35968 0.148566 0.0450893 0.0150517 9.9982E-05 0.39649 0.0304177 9.9982E-05 0.00450599
0.216398 0.0586219 0.264738 9.9973E-05 0.0177803 0.238048 9.9973E-05 0.204113 9.9973E-05
0.168535 0.0170832 0.104112 9.9982E-05 9.9982E-05 0.333115 0.0567507 0.264291 0.0559137
0.0647269 9.9973E-05 0.0389395 9.9973E-05 9.9973E-05 0.178971 0.0585882 0.598792 0.059682
0.267703 0.146561 0.0282015 9.9973E-05 9.9973E-05 0.376233 9.9973E-05 0.166403 0.0145986
0.150359 0.0129032 0.0513394 0.0613621 0.099327 0.082103 0.02305 0.455031 0.0645259
0.18581 9.9982E-05 9.9982E-05 0.0026835 0.0351902 0.0250682 0.0811028 0.657406 0.0125384
0.132649 0.05973 0.0774666 0.0432828 0.0425054 0.144497 0.0866457 0.413123 9.9991E-05
0.173985 0.00194663 0.0143342 9.9982E-05 9.9982E-05 0.30065 0.0738367 0.384757 0.0502909
0.164687 0.191108 9.9982E-05 0.0759753 9.9982E-05 0.145148 0.00732797 0.408477 0.0070779
0.273168 0.129426 9.9964E-05 9.9964E-05 9.9964E-05 0.425661 0.0786819 0.0926634 9.9964E-05
0.286936 0.0654661 0.0905772 0.0551996 0.00147271 0.147649 0.033975 0.318624 9.9991E-05
0.10737 0.0884988 0.0379497 9.9973E-05 9.9973E-05 0.186479 0.00988631 0.569517 9.9973E-05
0.109041 9.9991E-05 0.0060028 0.000817743 0.0958475 0.162576 0.048 0.565007 0.0126083
0.16569 0.0610091 0.146394 9.9991E-05 0.0191984 0.150626 0.003509 0.413346 0.0401281
0.190601 0.0594035 0.0890895 9.9982E-05 0.0362978 0.0484523 0.0924031 0.483553 9.9982E-05
0.214422 9.9982E-05 0.00315114 0.0365371 0.0197247 0.264775 9.9982E-05 0.41101 0.0501805
0.134664 0.0233825 0.0879545 0.0443533 9.9982E-05 0.17041 0.0191707 0.519865 9.9982E-05
0.104538 9.9973E-05 0.0810555 0.0394056 9.9973E-05 0.250993 0.0306159 0.493092 9.9973E-05
0.106735 0.13045 0.0109629 0.0713964 0.0459217 0.119567 0.0908297 0.40618 0.017957
9.9973E-05 9.9973E-05 9.9973E-05 0.301509 0.0403307 0.152665 0.125358 0.359079 0.020758
9.9991E-05 0.0394796 0.0839263 0.136033 0.0140354 0.0363528 0.209821 0.455062 0.0251903
0.100834 9.9973E-05 0.0826909 0.105084 9.9973E-05 9.9973E-05 0.238411 0.423107 0.0495728
9.9982E-05 0.0288628 0.124318 0.0106643 9.9982E-05 0.0712711 0.214407 0.479956 0.0703202
9.9973E-05 9.9973E-05 0.0790236 0.210871 9.9973E-05 0.0418487 0.146819 0.472453 0.0486846
0.0816327 9.9964E-05 0.113537 9.9964E-05 0.170546 0.165857 9.9964E-05 0.468028 9.9964E-05
0.00550577 9.9991E-05 0.0245191 0.156959 0.0321632 0.120281 0.163977 0.481299 0.0151957
9.9964E-05 0.222718 9.9964E-05 0.221032 0.33425 0.0780523 0.143548 9.9964E-05 9.9964E-05
9.9973E-05 9.9973E-05 9.9973E-05 0.0622013 0.0769505 0.159107 0.164933 0.509906 0.0266026
0.0536165 0.13849 0.0301647 0.0925226 0.0262491 9.9991E-05 0.126977 0.519415 0.012465
0.00378778 0.0432129 0.0329543 0.105942 0.00562652 0.11767 0.160176 0.493433 0.037197
9.9991E-05 0.0996482 0.109819 0.0911332 0.162268 0.125733 0.129033 0.226012 0.0562542
9.9973E-05 0.0231674 9.9973E-05 0.246503 0.0109794 0.0671021 0.123646 0.528302 9.9973E-05
0.0538346 9.9991E-05 0.0947377 0.109478 0.033693 0.0402588 0.0897643 0.506744 0.0713892
9.9964E-05 9.9964E-05 0.0083532 0.439239 0.336831 9.9964E-05 0.178824 9.9964E-05 0.0363529
9.9973E-05 0.066323 9.9973E-05 0.152055 9.9973E-05 0.000682471 0.161248 0.549311 0.0700809
0.0258514 0.0281495 0.016859 0.106759 9.9982E-05 0.14395 0.264361 0.413869 9.9982E-05
9.9982E-05 0.0973186 0.114597 0.148476 9.9982E-05 0.060204 0.122161 0.434136 0.022907
0.0337921 9.9982E-05 0.00486986 0.235974 0.0374283 9.9982E-05 0.128142 0.549881 0.0097125
9.9991E-05 0.0391049 0.0467141 0.0968745 0.000265969 0.170752 0.161009 0.447178 0.0380023
0.00709214 0.0786068 0.424472 0.0435591 9.9982E-05 9.9982E-05 0.0766571 0.335212 0.0342004
9.9973E-05 9.9973E-05 0.200979 0.115811 0.0506737 0.114081 0.0382361 0.479919 9.9973E-05
9.9946E-05 0.0723533 0.766705 9.9946E-05 9.9946E-05 0.160342 9.9946E-05 9.9946E-05 9.9946E-05
0.0577193 0.0504168 0.87079 9.9955E-05 0.0205744 9.9955E-05 9.9955E-05 9.9955E-05 9.9955E-05
9.9973E-05 0.0846327 0.313077 9.9973E-05 0.0042165 0.152999 9.9973E-05 0.436651 0.00812447
0.0128793 9.9982E-05 0.126563 0.106481 0.0436506 0.0301175 0.289833 0.390275 9.9982E-05
9.9973E-05 9.9973E-05 0.22517 0.0843278 0.0578774 9.9973E-05 0.348393 0.265243 0.0186889
9.9982E-05 9.9982E-05 0.129918 0.177809 0.177009 0.0699781 0.262423 0.132869 0.0497943
9.9973E-05 9.9973E-05 0.219649 0.115633 9.9973E-05 0.0774063 0.288804 0.253607 0.0446003
9.9955E-05 9.9955E-05 0.742955 0.088416 0.0871838 9.9955E-05 0.0809456 9.9955E-05 9.9955E-05
9.9973E-05 9.9973E-05 0.6972 0.0883439 0.0302521 9.9973E-05 0.0770154 0.051054 0.0558342
9.9973E-05 0.0858645 0.332956 9.9973E-05 9.9973E-05 0.014602 0.0756687 0.471993 0.0186162
9.9964E-05 9.9964E-05 0.461176 0.0102035 9.9964E-05 0.053543 0.168354 0.306323 9.9964E-05
9.9964E-05 9.9964E-05 0.719137 0.0580119 9.9964E-05 9.9964E-05 0.15189 0.0546738 0.0158872
0.0534806 0.0184168 0.258372 0.0190744 9.9991E-05 0.098342 0.144055 0.406254 0.00190467
0.019535 9.9955E-05 0.37143 9.9955E-05 9.9955E-05 9.9955E-05 0.0506956 0.557839 9.9955E-05
9.9973E-05 9.9973E-05 0.231136 0.12022 9.9973E-05 0.12552 0.046384 0.472074 0.00436625
0.0169298 9.9973E-05 0.575348 0.0148479 0.0102955 0.147581 9.9973E-05 0.234698 9.9973E-05
9.9982E-05 0.133129 0.438996 9.9982E-05 0.0400692 0.0828696 0.0430742 0.238329 0.0233338
0.0607839 0.0222912 0.256067 0.0590218 0.097571 9.9982E-05 0.0404741 0.463591 9.9982E-05
0.129214 9.9973E-05 0.375355 0.0548203 0.046498 9.9973E-05 9.9973E-05 0.390825 0.00298815
9.9982E-05 0.0933926 0.154751 0.135831 0.122789 0.0815813 0.0234394 0.388015 9.9982E-05
9.9955E-05 9.9955E-05 0.378504 9.9955E-05 0.10616 0.131848 9.9955E-05 0.382988 9.9955E-05
0.0653126 0.0075791 0.689526 9.9964E-05 0.0425551 9.9964E-05 9.9964E-05 0.194628 9.9964E-05
9.9973E-05 0.0537065 0.344732 0.0319202 9.9973E-05 9.9973E-05 0.0229699 0.544267 0.00210502
0.00361025 0.155205 0.119495 0.0686749 0.00745094 0.0817238 0.172194 0.356352 0.0352937
0.00924367 0.0391838 0.766881 9.9973E-05 9.9973E-05 0.0455322 0.0305988 0.108261 9.9973E-05
0.0167695 9.9955E-05 0.548179 9.9955E-05 9.9955E-05 9.9955E-05 9.9955E-05 0.394384 0.0401678
0.0533942 0.0671245 0.344318 0.0173882 9.9982E-05 9.9982E-05 0.0605005 0.42935 0.0277242
0.0242066 0.0666952 0.306078 9.9982E-05 9.9982E-05 0.12499 0.101749 0.370478 0.00560275
0.0784032 9.9991E-05 0.080395 0.199049 0.0279667 0.00702194 0.191661 0.385304 0.0300998
0.0638944 0.0711546 0.13488 0.172091 0.0201788 0.0235188 0.0786524 0.426359 0.00927117
0.00226735 0.00224153 0.0883306 0.111257 0.132935 9.9991E-05 0.210069 0.430571 0.0222292
0.128772 9.9991E-05 0.0437815 0.115813 0.080599 0.0909655 0.195405 0.323513 0.0210508
0.102773 9.9982E-05 9.9982E-05 0.145066 0.0056399 0.085472 0.15889 0.497463 0.00449661
0.0329196 9.9982E-05 0.184095 0.123262 0.0153702 9.9982E-05 0.147415 0.430983 0.0657551
9.9964E-05 9.9964E-05 0.605107 0.186064 0.0926706 9.9964E-05 0.0928888 9.9964E-05 0.0228701
9.9964E-05 9.9964E-05 0.190791 0.0488383 9.9964E-05 9.9964E-05 0.220541 0.498406 0.0410243
9.9964E-05 9.9964E-05 0.361431 0.329032 0.180419 9.9964E-05 0.114183 9.9964E-05 0.014536
9.9955E-05 9.9955E-05 0.267208 0.0829096 9.9955E-05 9.9955E-05 0.148199 0.501183 9.9955E-05
9.9955E-05 0.220637 0.742344 9.9955E-05 0.0306568 9.9955E-05 9.9955E-05 0.00586245 9.9955E-05
9.9946E-05 0.114644 0.883313 9.9946E-05 0.00144304 9.9946E-05 9.9946E-05 9.9946E-05 9.9946E-05
9.9964E-05 0.0517035 0.438688 9.9964E-05 9.9964E-05 0.0381488 9.9964E-05 0.456464 0.0145956
9.9955E-05 9.9955E-05 0.409885 9.9955E-05 9.9955E-05 9.9955E-05 0.00360206 0.577823 0.00818962
9.9955E-05 9.9955E-05 0.556509 9.9955E-05 0.000783678 0.0640137 9.9955E-05 0.378194 9.9955E-05
9.9955E-05 0.082895 0.454005 9.9955E-05 9.9955E-05 9.9955E-05 9.9955E-05 0.453558 0.00904216
9.9955E-05 0.0135215 0.521944 9.9955E-05 9.9955E-05 0.00530154 9.9955E-05 0.458733 9.9955E-05
9.9964E-05 9.9964E-05 0.0851957 0.76657 9.9964E-05 9.9964E-05 0.00200055 0.067468 0.0783655
0.0978339 9.9973E-05 0.0328171 0.664656 9.9973E-05 0.0631823 0.0975937 9.9973E-05 0.0436168
0.0221419 9.9964E-05 9.9964E-05 0.811042 9.9964E-05 0.021351 0.0891521 9.9964E-05 0.055913
9.9955E-05 9.9955E-05 0.00850054 0.808374 9.9955E-05 9.9955E-05 9.9955E-05 0.0261543 0.156471
0.0550498 0.329574 0.00156488 0.0580522 0.00207166 0.0577104 9.9982E-05 0.495777 9.9982E-05
9.9964E-05 0.372205 9.9964E-05 0.0781161 9.9964E-05 0.0927674 9.9964E-05 0.44826 0.00825138
0.0373255 0.407242 0.0464649 9.9973E-05 9.9973E-05 0.0791784 9.9973E-05 0.425848 0.00364122
0.0761548 0.273646 9.9964E-05 0.0737902 0.0317211 9.9964E-05 9.9964E-05 0.544288 9.9964E-05
0.0533949 0.256407 9.9991E-05 0.0668214 0.0778317 0.0140383 0.0744106 0.433925 0.023072
0.0378672 0.600857 0.00925132 0.00965751 0.040466 0.116405 9.9991E-05 0.181593 0.00380326
9.9964E-05 0.315998 0.0610113 9.9964E-05 9.9964E-05 0.041914 0.0266648 0.554012 9.9964E-05
9.9964E-05 0.403475 0.0596593 9.9964E-05 0.11631 9.9964E-05 9.9964E-05 0.377854 0.0423018
0.026922 0.0114841 0.0484819 0.27989 0.0273296 9.9991E-05 0.129732 0.446064 0.0299972
0.0111438 0.337483 0.0827519 9.9982E-05 0.0518526 0.0580543 0.0398077 0.418706 9.9982E-05
9.9955E-05 0.48537 9.9955E-05 9.9955E-05 9.9955E-05 0.206514 9.9955E-05 0.282255 0.0253613
0.0229974 0.255474 0.0933769 9.9964E-05 0.0131852 9.9964E-05 9.9964E-05 0.614566 9.9964E-05
0.0296015 0.433374 0.0511879 0.0103983 9.9982E-05 0.0826199 9.9982E-05 0.381273 0.0113457
9.9964E-05 0.328858 9.9964E-05 9.9964E-05 0.0610727 9.9964E-05 0.049729 0.546492 0.0134492
9.9973E-05 0.250327 0.113254 0.0942994 9.9973E-05 0.00661863 9.9973E-05 0.534242 0.000959399
9.9964E-05 0.880968 0.0265054 9.9964E-05 0.032864 9.9964E-05 9.9964E-05 0.0518989 0.00736374
9.9973E-05 0.533931 0.0436037 0.0146019 0.0913213 0.107146 9.9973E-05 0.209096 9.9973E-05
0.0618956 0.587503 9.9982E-05 0.0149635 0.00590489 9.9982E-05 0.0360188 0.286884 0.006631
9.9937E-05 0.822305 9.9937E-05 9.9937E-05 0.176996 9.9937E-05 9.9937E-05 9.9937E-05 9.9937E-05
0.113677 0.352584 0.0386255 0.0414581 9.9973E-05 9.9973E-05 9.9973E-05 0.436165 0.0171902
0.0241003 0.592477 9.9955E-05 9.9955E-05 0.304593 9.9955E-05 9.9955E-05 0.0783303 9.9955E-05
9.9946E-05 0.716599 0.0751685 9.9946E-05 0.207633 9.9946E-05 9.9946E-05 9.9946E-05 9.9946E-05
0.0538219 0.324754 0.00536611 0.0194864 0.00612847 9.9991E-05 0.0242969 0.530007 0.0360393
9.99639E-05 0.560943 9.99639E-05 0.084404 9.99639E-05 0.193602 9.99639E-05 0.154403 0.00624804
0.0921989 0.326048 9.9973E-05 9.9973E-05 0.00332739 0.215321 0.0681175 0.294688 9.9973E-05
9.9982E-05 0.0953049 9.9982E-05 0.0900622 0.0689192 0.0817429 0.0884971 0.537169 0.0381049
0.01808 0.428331 9.9973E-05 9.9973E-05 9.9973E-05 0.0495715 0.0675853 0.428887 0.00724527
0.154907 0.0449803 0.0529695 9.9982E-05 0.202941 0.150528 0.0261525 0.367322 9.9982E-05
0.0434267 0.366102 0.0429931 0.0170421 9.9982E-05 0.0163296 9.9982E-05 0.480996 0.0329112
0.0392757 0.292016 9.9973E-05 0.0480212 9.9973E-05 0.160708 0.0863586 0.373321 9.9973E-05
9.9955E-05 0.672149 9.9955E-05 9.9955E-05 0.0179296 9.9955E-05 9.9955E-05 0.300159 0.00926258
9.9973E-05 0.243251 0.0796316 0.0398118 0.0847438 9.9973E-05 9.9973E-05 0.522678 0.0295844
0.218373 0.0453481 9.9973E-05 0.571692 0.0417792 0.0511112 9.9973E-05 9.9973E-05 0.0713969
0.00139585 0.117119 0.00149699 0.70115 0.0588009 0.00715264 0.00832446 0.025745 0.0788149
0.106137 9.9964E-05 9.9964E-05 0.69187 0.0771043 0.00766386 9.9964E-05 9.9964E-05 0.116825
0.135513 0.0161998 0.0239319 0.694137 0.0309626 9.9973E-05 9.9973E-05 9.9973E-05 0.0989559
0.143289 9.9973E-05 9.9973E-05 0.649128 0.0460496 0.0870477 9.9973E-05 0.00188587 0.0723004
9.9955E-05 0.604558 9.9955E-05 0.0794045 9.9955E-05 0.268893 9.9955E-05 0.0466445 9.9955E-05
