0.022328 0.830028 0.0415802 0.0318148 0.0738493 9.9964E-05 9.9964E-05 9.9964E-05 9.9964E-05
0.00258055 0.910529 0.009094 9.9973E-05 0.0546003 0.0207674 9.9973E-05 9.9973E-05 0.00212888
0.0365853 0.755913 9.9964E-05 0.0488909 0.0806965 9.9964E-05 9.9964E-05 0.0775143 9.9964E-05
0.0977668 0.74111 0.0173515 0.113467 0.0299054 9.9964E-05 9.9964E-05 9.9964E-05 9.9964E-05
0.0387491 0.84372 9.9964E-05 0.00180821 9.9964E-05 0.0570061 9.9964E-05 0.0583173 9.9964E-05
0.0610112 0.55088 0.0156034 0.0809002 0.0589592 9.9991E-05 0.155274 0.0331496 0.0441219
0.0244865 0.747488 0.0203387 9.9964E-05 0.0678594 9.9964E-05 0.139428 9.9964E-05 9.9964E-05
0.0893988 0.629213 0.0657627 0.0370432 0.0538379 9.9973E-05 0.124444 9.9973E-05 9.9973E-05
0.0371781 0.842669 0.0157919 9.99729E-05 0.0100506 9.99729E-05 0.0409927 9.99729E-05 0.0530177
0.035996 0.61833 9.9982E-05 0.0352976 0.0634307 0.050216 0.0907332 0.105797 9.9982E-05
0.0751475 0.711448 0.00990802 9.9964E-05 9.9964E-05 9.9964E-05 0.155127 0.0479698 9.9964E-05
9.9955E-05 9.9955E-05 0.752494 0.034872 9.9955E-05 9.9955E-05 9.9955E-05 0.125045 0.0870895
9.9955E-05 9.9955E-05 0.457338 0.051229 0.056954 9.9955E-05 9.9955E-05 0.433979 9.9955E-05
0.00342282 0.0579099 0.59868 0.0181589 0.0258258 0.0848505 9.9982E-05 0.210952 9.9982E-05
9.9964E-05 0.0501182 0.640721 0.150231 0.00221739 9.9964E-05 9.9964E-05 0.156312 9.9964E-05
9.9982E-05 0.140947 0.302201 0.107731 0.00620047 9.9982E-05 0.00921437 0.36794 0.0655662
9.9973E-05 0.0404371 0.306825 0.0704518 0.0230335 9.9973E-05 0.0670304 0.491922 9.9973E-05
9.9973E-05 9.9973E-05 0.410972 0.0536805 0.0624777 9.9973E-05 0.0595859 0.354987 0.0579968
9.9973E-05 0.148589 0.551562 0.0312966 0.00821352 9.9973E-05 9.9973E-05 0.235518 0.0245217
0.0264292 0.0579405 0.853454 9.9964E-05 0.0267122 9.9964E-05 0.0350638 9.9964E-05 9.9964E-05
0.0363789 9.9982E-05 0.446836 0.0590133 9.9982E-05 0.0112793 0.0317245 0.355084 0.0594839
9.9982E-05 9.9982E-05 0.352986 0.057577 0.0474152 0.0205404 0.176276 0.279995 0.0650112
9.9982E-05 0.102882 0.265517 0.0314261 0.00548075 0.0823297 9.9982E-05 0.456672 0.0554921
9.9964E-05 9.9964E-05 0.633409 0.0459586 0.033161 9.9964E-05 9.9964E-05 0.196395 0.0906762
0.0646052 0.0284352 0.179105 0.0370389 0.0520144 0.0152155 0.0603711 0.563115 9.9991E-05
9.9973E-05 0.019719 0.487334 0.120226 0.0171856 9.9973E-05 0.00503551 0.3502 9.9973E-05
9.9964E-05 0.0345767 0.790746 0.11911 0.0426998 9.9964E-05 9.9964E-05 9.9964E-05 0.0124673
9.9964E-05 0.0191501 0.774499 0.147063 9.9964E-05 9.9964E-05 0.00291454 0.0559732 9.9964E-05
0.00167748 0.0295218 0.790141 9.9973E-05 9.9973E-05 9.9973E-05 0.0667097 0.100809 0.0108408
9.993E-05 9.993E-05 9.993E-05 9.993E-05 0.999201 9.993E-05 9.993E-05 9.993E-05 9.993E-05
9.993E-05 9.993E-05 9.993E-05 9.993E-05 0.999201 9.993E-05 9.993E-05 9.993E-05 9.993E-05
9.9964E-05 0.439686 9.9964E-05 0.0321312 0.401396 9.9964E-05 9.9964E-05 0.107762 0.0186255
9.9964E-05 0.505648 9.9964E-05 0.0387453 0.224857 9.9964E-05 9.9964E-05 0.124563 0.105787
0.0082527 0.0393706 0.169851 0.0130369 0.00592886 0.107877 0.0587504 0.381396 0.215536
0.00982922 0.0837045 0.101881 0.0335668 9.9982E-05 0.0531545 9.9982E-05 0.471256 0.246408
9.9982E-05 0.0390066 9.9982E-05 0.0233226 0.0082193 0.0796564 0.0183711 0.542676 0.288548
0.0873945 0.117332 0.644358 9.9973E-05 9.9973E-05 9.9973E-05 0.00815377 0.0940966 0.0483659
9.9964E-05 9.9964E-05 9.9964E-05 0.0783626 0.0179751 9.9964E-05 0.0541717 0.218531 0.63056
9.9973E-05 0.114334 0.0782853 0.043476 9.9973E-05 0.0599785 9.9973E-05 0.457753 0.245874
9.9973E-05 0.0270519 0.0908687 0.00851496 9.9973E-05 9.9973E-05 0.0715579 0.667411 0.134296
0.110215 0.0818621 9.9991E-05 0.0280719 0.0340442 0.00500866 0.153391 0.522084 0.0652233
0.102906 0.100531 9.9991E-05 0.025972 0.0696815 0.0393228 0.0113897 0.542946 0.107152
9.9982E-05 0.0342193 0.210784 0.00593944 0.00105986 9.9982E-05 0.0500632 0.0771855 0.620549
0.0822724 0.0611325 0.0239679 0.0326707 9.9982E-05 9.9982E-05 0.223109 0.560148 0.0164995
0.0372488 9.9982E-05 9.9982E-05 0.08572 0.0291744 0.0458921 0.0422943 0.523627 0.235843
9.9973E-05 0.0912022 0.049621 0.0744041 0.0325819 9.9973E-05 9.9973E-05 0.447821 0.30407
9.9955E-05 9.9955E-05 9.9955E-05 9.9955E-05 0.0244636 0.0358442 9.9955E-05 0.319199 0.619993
9.9964E-05 0.0766266 9.9964E-05 0.00123347 0.00626625 9.9964E-05 9.9964E-05 0.609272 0.306202
0.000682371 0.108875 0.0598566 0.0191093 0.0240198 0.0170146 9.9991E-05 0.587479 0.182863
9.9955E-05 0.0152683 9.9955E-05 9.9955E-05 9.9955E-05 0.0127102 0.269627 9.9955E-05 0.701895
0.134624 9.9973E-05 0.467094 9.9973E-05 9.9973E-05 0.0703735 0.0798359 0.109303 0.138469
9.9982E-05 0.00659471 0.355648 9.9982E-05 0.0286772 0.138239 0.284851 0.065732 0.120057
0.0617157 9.9973E-05 0.136586 0.119115 0.0597559 9.9973E-05 0.0437227 0.578804 9.9973E-05
9.9973E-05 0.0898567 0.238009 0.0758257 9.9973E-05 9.9973E-05 0.0703433 0.51408 0.0115848
0.0425873 0.103631 0.118295 0.0128095 9.9982E-05 9.9982E-05 0.0837204 0.615041 0.0237159
0.203805 0.0443932 0.240018 9.9991E-05 0.0408242 0.125346 0.0520748 0.0901688 0.20327
0.0813168 9.9982E-05 0.201491 9.9982E-05 0.00198709 0.0664563 0.00976861 0.535276 0.103505
9.9973E-05 0.0205277 0.241933 0.0242482 0.0453576 9.9973E-05 0.0543903 0.613243 9.9973E-05
0.0404441 0.0927067 0.273659 0.0164833 0.0359028 0.0636692 0.0882411 0.225149 0.163745
0.0974811 0.118606 0.39112 0.0685121 0.0428767 0.042966 0.148791 9.9991E-05 0.0895477
0.0916457 0.0683883 0.0181862 0.0318213 0.0434986 0.0281691 0.0894255 0.530851 0.0980145
0.0421092 0.0536852 0.331369 0.00258105 0.0266002 0.136751 0.0404441 0.36636 9.9991E-05
0.0581791 0.0419006 0.62627 9.9982E-05 0.0309014 0.0150423 0.0898446 9.9982E-05 0.137663
9.9973E-05 9.9973E-05 0.421168 0.0547273 0.011891 0.0745798 9.9973E-05 0.421306 0.0160284
9.999E-05 0.00537737 0.174283 0.0508422 0.0218293 0.102605 0.0160818 0.563737 0.0651448
0.00372749 0.0158996 0.139393 0.0728548 0.0896835 0.0434047 0.054353 0.522687 0.057997
0.0733455 0.0492003 0.318186 0.0805039 0.0319368 0.0421235 0.00497509 0.177736 0.221993
9.9982E-05 9.9982E-05 0.378276 0.097446 0.02513 0.0147979 0.00968367 0.366238 0.108228
0.158121 0.0199639 0.0685902 0.0443241 0.0671627 0.103085 9.9982E-05 0.538553 9.9982E-05
0.0670682 9.9982E-05 0.513647 9.9982E-05 0.0864796 0.0427796 0.0595016 0.103118 0.127206
0.015548 9.9955E-05 0.0598237 9.9955E-05 9.9955E-05 9.9955E-05 9.9955E-05 0.537113 0.387016
0.0121154 9.9964E-05 0.127259 9.9964E-05 0.053629 9.9964E-05 9.9964E-05 0.159225 0.647372
0.0654185 0.107516 0.0114664 9.9991E-05 0.0163983 0.0155047 0.0089622 0.494921 0.279714
9.9946E-05 9.9946E-05 9.9946E-05 9.9946E-05 0.00300494 9.9946E-05 0.107857 9.9946E-05 0.888539
9.9955E-05 9.9955E-05 0.0487036 9.9955E-05 9.9955E-05 0.0834142 0.0561403 9.9955E-05 0.811242
9.9946E-05 9.9946E-05 9.9946E-05 9.9946E-05 9.9946E-05 9.9946E-05 0.0194949 0.278946 0.70096
0.0894396 9.9973E-05 0.0261921 9.9973E-05 0.0559686 9.9973E-05 0.00519666 0.401097 0.421806
0.0573061 0.0556644 0.0230053 0.0279259 0.0376302 0.046483 9.9991E-05 0.618746 0.133139
9.9973E-05 0.0301107 0.0466149 0.00678432 9.9973E-05 0.0782987 9.9973E-05 0.457439 0.380452
0.106302 0.0493792 0.0615434 0.00205851 9.9973E-05 9.9973E-05 9.9973E-05 0.12629 0.654127
0.209953 0.000107047 0.0712366 9.9973E-05 9.9973E-05 0.0303944 9.9973E-05 0.236339 0.45167
0.0727364 0.0417835 0.0169913 0.0675442 0.0211522 0.0171021 9.9991E-05 0.5421 0.220491
9.9964E-05 9.9964E-05 0.217235 0.11608 0.00978233 9.9964E-05 9.9964E-05 0.128078 0.528425
9.9964E-05 0.0508732 0.156432 9.9964E-05 0.0318562 9.9964E-05 9.9964E-05 0.397993 0.362445
9.9964E-05 9.9964E-05 9.9964E-05 9.9964E-05 0.00283122 0.00525999 0.0175388 0.392935 0.581036
9.9964E-05 0.0245412 0.0184653 9.9964E-05 9.9964E-05 0.130832 0.107089 9.9964E-05 0.718672
0.0513111 9.99684E-05 9.99684E-05 0.0132154 9.99684E-05 9.99684E-05 0.075913 0.65895 0.200211
0.0219138 0.781546 0.011489 0.00267442 0.019494 9.9973E-05 9.9973E-05 0.162583 9.9973E-05
9.9946E-05 0.817995 9.9946E-05 9.9946E-05 0.111678 9.9946E-05 9.9946E-05 0.0697275 9.9946E-05
0.00980922 0.79197 9.9964E-05 0.0551887 0.0934313 9.9964E-05 9.9964E-05 0.049201 9.9964E-05
9.9964E-05 0.848629 9.9964E-05 0.0154843 0.0679079 9.9964E-05 0.0369356 0.0306433 9.9964E-05
9.9955E-05 0.78406 9.9955E-05 9.9955E-05 0.113609 0.000445808 9.9955E-05 0.101385 9.9955E-05
0.00316233 0.848471 9.9982E-05 0.0401271 0.0387289 0.0434842 9.9982E-05 0.000870406 0.0249558
9.9964E-05 0.879157 9.9964E-05 0.00799047 0.0594723 9.9964E-05 0.00943974 0.0435409 9.9964E-05
0.0206874 0.0576182 0.0709197 0.0434373 0.0548961 9.9982E-05 9.9982E-05 0.514401 0.23784
0.0985431 0.0431498 0.0618996 0.118619 9.9973E-05 9.9973E-05 9.9973E-05 0.463032 0.214456
0.0248014 0.0459082 0.0507103 9.9982E-05 9.9982E-05 0.067002 0.0033106 0.0247906 0.783277
0.0423584 9.9991E-05 0.0542917 0.0998934 0.0201431 0.00507126 0.0749799 0.489313 0.213849
0.0211178 0.0351394 0.105681 9.9964E-05 9.9964E-05 9.9964E-05 9.9964E-05 0.442976 0.394685
9.9973E-05 0.00555483 9.9973E-05 0.0220027 0.026935 0.0838712 9.9973E-05 0.640788 0.220548
9.9991E-05 0.0387661 0.0787369 0.00134825 0.0236418 0.0679692 0.0104424 0.565025 0.21397
9.9964E-05 9.9964E-05 9.9964E-05 0.0929531 0.0232806 0.0450959 9.9964E-05 0.415332 0.422938
0.0920553 0.0791486 0.159008 9.9973E-05 9.9973E-05 0.0121227 0.00600433 9.9973E-05 0.651361
9.9982E-05 0.185044 0.0883806 9.9982E-05 0.0215112 0.061984 0.00540386 0.540417 0.0970597
0.0412638 9.9964E-05 0.148984 0.0229758 9.9964E-05 9.9964E-05 9.9964E-05 0.672082 0.114295
0.0671262 0.0863646 0.0112397 0.0909171 0.010382 9.9991E-05 0.0381937 0.57141 0.124267
9.9973E-05 9.9973E-05 9.9973E-05 0.0404467 0.00812536 0.0349587 0.112678 0.276109 0.527382
9.9964E-05 9.9964E-05 9.9964E-05 9.9964E-05 0.00790945 0.0831138 0.0310824 0.466148 0.411346
0.0163622 0.0385065 0.202225 9.9973E-05 0.000428233 9.9973E-05 9.9973E-05 0.452922 0.289256
9.9955E-05 9.9955E-05 9.9955E-05 0.136038 9.9955E-05 0.00909503 9.9955E-05 0.248094 0.606273
0.0774729 0.0385052 0.0347914 0.0376125 0.0281735 9.9982E-05 9.9982E-05 0.375831 0.407414
0.0267584 0.0343918 0.0720904 0.0228195 0.0280162 0.134817 0.0707491 0.583817 0.0265403
0.0270974 0.0579701 0.482913 9.9982E-05 0.0101637 0.160157 0.0757923 0.185707 9.9982E-05
0.0982328 0.0128713 0.242239 0.0376764 0.0769543 9.9982E-05 0.135132 0.396695 9.9982E-05
0.100674 0.0312561 0.18694 0.0188207 0.0433431 0.0819499 9.9982E-05 0.536816 9.9982E-05
0.0874111 0.034606 0.121631 0.0392837 0.0709767 0.0615362 9.9991E-05 0.540698 0.0437578
9.9973E-05 9.9973E-05 0.409292 9.9973E-05 0.0584465 0.0370048 0.0676588 0.411519 0.0157788
0.0788101 0.00709833 0.357626 9.9973E-05 9.9973E-05 9.9973E-05 0.0165319 0.531906 0.0077286
0.0650143 0.0492598 0.408478 9.9964E-05 9.9964E-05 0.0854595 9.9964E-05 0.391388 9.9964E-05
0.0906499 0.038127 0.075231 9.9991E-05 0.0168587 0.093692 0.0666882 0.576577 0.0420761
0.0444459 0.137951 0.0936326 0.0394233 9.9982E-05 9.9982E-05 0.110287 0.491371 0.082689
0.0065408 9.9973E-05 0.25165 9.9973E-05 0.0747635 9.9973E-05 0.0586788 0.576631 0.0314362
0.07731 9.9964E-05 0.344903 9.9964E-05 0.0204109 0.0739681 9.9964E-05 0.483008 9.9964E-05
0.0993479 9.9991E-05 0.0676015 0.0739013 0.00807833 0.0695884 0.0565915 0.585713 0.0390779
0.0977211 0.0760436 0.103326 0.126107 9.9991E-05 0.0636123 0.0144107 0.471576 0.0471034
0.0497258 9.9964E-05 0.256428 0.0944564 9.9964E-05 0.0785228 9.9964E-05 0.520467 9.9964E-05
0.0853164 9.9982E-05 0.130038 0.0534568 0.00557017 0.0990558 0.0732448 0.553118 9.9982E-05
0.0681461 9.9991E-05 0.134816 0.105112 0.0135772 0.0879867 0.0864562 0.483276 0.0205304
0.0374904 0.108891 0.341396 9.9982E-05 0.018948 0.0830004 0.131518 0.278555 9.9982E-05
0.0373095 0.0458337 0.284161 9.9964E-05 9.9964E-05 9.9964E-05 0.0045476 0.627748 9.9964E-05
0.0346052 9.9973E-05 0.214858 0.035225 9.9973E-05 0.0507514 0.049751 0.61451 9.9973E-05
0.130799 0.0250525 0.376306 0.0504877 0.0165139 0.0813345 9.9991E-05 0.169305 0.150101
0.0564443 0.011964 0.340123 0.054688 9.9991E-05 0.198389 0.190969 0.0546835 0.0926385
0.106358 0.0758282 0.243095 0.0266607 9.9973E-05 0.0417692 9.9973E-05 0.505989 9.9973E-05
0.127111 9.9982E-05 0.314244 0.0220537 9.9982E-05 0.277251 0.153055 0.018241 0.0878438
0.0634805 0.0290376 0.463303 0.0168949 9.9982E-05 0.129985 9.9982E-05 0.209972 0.0871267
0.0614319 9.9964E-05 0.435649 9.9964E-05 9.9964E-05 0.0516795 9.9964E-05 0.364331 0.0865086
0.168676 0.0142488 0.428842 9.9973E-05 9.9973E-05 0.0314669 9.9973E-05 0.231625 0.124842
0.13379 9.9973E-05 0.506169 0.0506417 9.9973E-05 9.9973E-05 0.0155684 0.186642 0.10689
0.0680686 0.0130305 0.141634 0.0194587 0.0818153 0.0114993 0.0344956 0.535589 0.0944093
0.0675563 0.0890086 0.154236 0.0762954 9.9982E-05 0.159723 9.9982E-05 0.448311 0.00466936
9.9973E-05 0.103805 0.320994 0.0142328 9.9973E-05 0.0364709 9.9973E-05 0.510923 0.0132743
0.0718805 9.9982E-05 0.366053 0.0354572 9.9982E-05 0.0853213 0.165652 0.107712 0.167724
0.0636627 0.172908 0.0448627 0.00142304 0.045315 0.026945 0.029986 0.507129 0.107769
0.0759965 0.0138791 0.0397206 0.104484 9.9982E-05 9.9982E-05 0.232477 0.409645 0.123599
0.0747246 0.12665 0.0599949 0.00838355 0.0165303 0.124683 0.410067 9.9991E-05 0.178867
9.9991E-05 0.128208 0.00502897 0.0162113 0.00626531 0.111698 0.0868753 0.636945 0.00866772
0.00165771 0.100122 0.0738515 0.0386009 0.0109479 0.11382 0.183919 0.278938 0.198144
0.0496655 0.0605556 0.124334 0.130502 9.9982E-05 0.0798307 0.143194 0.411719 9.9982E-05
0.0704759 9.9982E-05 0.0816837 9.9982E-05 0.0183554 0.0160629 0.475852 0.267079 0.0702909
0.0994954 0.0213113 0.142196 9.9991E-05 0.0142463 0.122348 0.390889 0.205331 0.00408373
0.072503 0.00894578 0.127471 0.0492355 0.00170274 0.0853869 0.137745 0.433065 0.0839452
0.106563 0.0363248 0.0546229 0.00251449 0.0626814 0.0933905 0.0684553 0.552399 0.0230492
0.116825 0.0680273 0.10912 0.0491746 9.9991E-05 0.0505015 0.133509 0.440343 0.0324003
0.0329062 0.0106437 0.196375 0.175186 0.0244724 0.0410063 0.322244 9.9991E-05 0.197066
0.060942 0.0347282 0.035431 0.117841 9.9982E-05 0.165496 0.0870748 0.498287 9.9982E-05
0.0195171 9.9973E-05 0.186753 9.9973E-05 9.9973E-05 0.0215924 0.268594 0.348293 0.154951
9.9973E-05 9.9973E-05 0.184934 0.0126963 9.9973E-05 0.0698326 0.244393 0.396499 0.091345
0.0117468 0.074575 0.0195799 0.0337214 0.0301175 0.119892 0.0755748 0.526047 0.108746
9.9973E-05 0.259371 0.0612616 0.237045 0.066906 9.9973E-05 0.212166 0.162951 9.9973E-05
9.9955E-05 0.467076 9.9955E-05 0.13389 0.0124808 9.9955E-05 0.386053 9.9955E-05 9.9955E-05
9.9955E-05 0.379059 9.9955E-05 0.119921 0.0736305 9.9955E-05 0.426889 9.9955E-05 9.9955E-05
9.9973E-05 0.342459 0.0663715 0.345267 0.0235091 9.9973E-05 0.189267 0.0328261 9.9973E-05
9.9964E-05 9.9964E-05 9.9964E-05 9.9964E-05 0.0166959 0.00427042 0.270848 0.679929 0.0278562
0.0682019 0.0683175 0.118128 0.0109255 0.0252829 0.0294438 0.122246 0.55406 0.00339425
9.9964E-05 9.9964E-05 0.0707549 0.751237 0.0133795 9.9964E-05 9.9964E-05 0.14431 0.0199193
9.9982E-05 0.050535 0.120267 0.460018 0.0238137 0.0343044 9.9982E-05 0.224963 0.0858987
0.0659874 0.103498 9.9982E-05 0.377138 9.9982E-05 0.0557334 0.030573 0.357599 0.00927123
9.9964E-05 9.9964E-05 0.019689 9.9964E-05 9.9964E-05 0.182072 0.372934 0.35616 0.0687451
0.0912361 0.00612135 9.9982E-05 0.0861063 9.9982E-05 0.0981548 0.091405 0.530476 0.0963001
9.9964E-05 9.9964E-05 0.0797218 9.9964E-05 9.9964E-05 0.111865 0.572114 0.172046 0.063854
0.0731427 9.9982E-05 0.00142857 9.9982E-05 0.015842 0.0553999 0.223178 0.580309 0.0504998
0.050351 0.00539687 0.0422465 0.0681535 0.0128376 0.151419 0.166396 0.431861 0.0713396
9.9982E-05 0.0542935 0.104113 0.0240088 9.9982E-05 0.0416446 0.180455 0.546236 0.0490495
0.0454456 9.9973E-05 0.0555919 9.9973E-05 9.9973E-05 0.1622 0.394553 0.192133 0.149776
0.0601556 0.0144576 9.9991E-05 0.0965034 0.00974263 0.0271274 0.0939215 0.572252 0.12574
9.9973E-05 0.0634044 9.9973E-05 0.0459397 0.0448002 0.170196 0.141235 0.534125 9.9973E-05
9.9955E-05 9.9955E-05 9.9955E-05 0.933265 9.9955E-05 0.0362334 9.9955E-05 0.0283118 0.00168974
9.9946E-05 9.9946E-05 9.9946E-05 0.884582 9.9946E-05 0.0116675 9.9946E-05 0.10315 9.9946E-05
9.9964E-05 0.066277 9.9964E-05 0.599048 9.9964E-05 0.112077 9.9964E-05 0.189029 0.0331689
0.0294704 9.9946E-05 9.9946E-05 0.626661 9.9946E-05 9.9946E-05 9.9946E-05 0.343269 9.9946E-05
9.9955E-05 9.9955E-05 0.0341134 0.839487 9.9955E-05 9.9955E-05 9.9955E-05 0.118591 0.00730813
9.993E-05 9.993E-05 9.993E-05 0.999201 9.993E-05 9.993E-05 9.993E-05 9.993E-05 9.993E-05
0.0289303 9.9955E-05 9.9955E-05 0.921414 0.0166148 0.0325408 9.9955E-05 9.9955E-05 9.9955E-05
9.9937E-05 9.9937E-05 9.9937E-05 0.853552 9.9937E-05 9.9937E-05 9.9937E-05 0.145748 9.9937E-05
0.0306146 9.9946E-05 0.032906 0.93588 9.9946E-05 9.9946E-05 9.9946E-05 9.9946E-05 9.9946E-05
9.9937E-05 9.9937E-05 9.9937E-05 0.9965 9.9937E-05 9.9937E-05 9.9937E-05 9.9937E-05 0.00280054
9.9937E-05 9.9937E-05 9.9937E-05 0.965386 0.0339142 9.9937E-05 9.9937E-05 9.9937E-05 9.9937E-05
9.9955E-05 9.9955E-05 0.0224735 0.71406 0.0777345 9.9955E-05 9.9955E-05 0.185232 9.9955E-05
0.0313742 9.9982E-05 0.0692153 0.857306 0.00998862 0.00305442 0.00388097 0.0249803 9.9982E-05
0.00459794 9.9946E-05 9.9946E-05 0.978129 9.9946E-05 9.9946E-05 9.9946E-05 9.9946E-05 0.0166729
0.0881896 0.0201357 0.0460357 0.446699 9.9982E-05 0.0511564 9.9982E-05 0.303168 0.0444162
0.00940085 0.0266233 0.0200528 0.624474 9.9973E-05 9.9973E-05 9.9973E-05 0.261749 0.057401
0.0239966 9.9964E-05 9.9964E-05 0.687277 0.00021523 9.9964E-05 0.0215409 0.266571 9.9964E-05
0.0236904 0.0326976 9.9964E-05 0.879104 9.9964E-05 9.9964E-05 9.9964E-05 0.0598076 0.00430071
9.9946E-05 0.0280485 9.9946E-05 0.921511 9.9946E-05 9.9946E-05 9.9946E-05 0.0498404 9.9946E-05
0.00676862 0.0806841 9.9955E-05 0.844404 9.9955E-05 9.9955E-05 9.9955E-05 0.0676435 9.9955E-05
9.9937E-05 9.9937E-05 9.9937E-05 0.998341 0.000959622 9.9937E-05 9.9937E-05 9.9937E-05 9.9937E-05
0.0576754 0.0594374 9.9973E-05 0.589497 0.0372071 0.033048 9.9973E-05 0.222835 9.9973E-05
9.9982E-05 0.00529437 0.0124302 0.918682 0.0228417 0.01551 0.00856063 9.9982E-05 0.0164808
9.9973E-05 0.28796 0.0351753 0.0278937 9.9973E-05 0.0490252 0.593554 9.9973E-05 0.00609124
0.06019 0.0438627 0.0945103 0.0706027 0.0629311 0.0329032 0.261977 0.372923 9.9991E-05
0.057582 0.163897 9.9982E-05 0.0407726 0.0048699 9.9982E-05 0.28686 0.425962 0.019857
0.0427996 0.132059 9.9973E-05 0.0893816 0.0512291 9.9973E-05 0.49038 0.193851 9.9973E-05
0.00373631 0.058366 9.9991E-05 0.120903 0.052214 0.0746254 0.169083 0.457763 0.0632094
9.9973E-05 0.198045 9.9973E-05 0.07192 0.0557907 0.00861276 0.424877 0.240454 9.9973E-05
0.0494605 0.190794 0.0377075 0.0694546 9.9982E-05 0.0623172 0.142564 0.447502 9.9982E-05
9.9964E-05 0.0882228 9.9964E-05 0.144586 0.00188884 9.9964E-05 0.427516 0.337386 9.9964E-05
0.00661181 0.045423 0.000337849 0.173759 0.108142 0.018507 0.197007 0.388438 0.0617736
9.9964E-05 0.0366906 9.9964E-05 0.236536 0.0410998 9.9964E-05 0.395781 0.289493 9.9964E-05
0.0315647 0.13583 0.0714376 0.180199 0.00839567 0.037901 0.133015 0.311252 0.0904051
0.0699481 0.82288 9.9964E-05 9.9964E-05 9.9964E-05 9.9964E-05 0.0246679 0.034799 0.047305
9.9964E-05 0.803891 0.00288063 0.0460279 0.117661 0.0291394 9.9964E-05 9.9964E-05 9.9964E-05
0.0297773 0.910908 9.9964E-05 9.9964E-05 0.0447954 9.9964E-05 0.00177857 0.0123412 9.9964E-05
0.0721381 0.893711 9.9946E-05 9.9946E-05 0.0335514 9.9946E-05 9.9946E-05 9.9946E-05 9.9946E-05
0.00157787 0.802539 0.0450868 0.00540487 0.125187 9.9973E-05 0.0199044 9.9973E-05 9.9973E-05
9.9973E-05 0.789069 0.029658 0.0829695 0.0703215 0.0206339 9.9973E-05 9.9973E-05 0.00704824
9.9955E-05 0.828796 9.9955E-05 0.0863014 0.0823842 9.9955E-05 9.9955E-05 0.0020189 9.9955E-05
9.9955E-05 0.865258 9.9955E-05 9.9955E-05 0.0447871 9.9955E-05 0.0498211 0.0396344 9.9955E-05
9.9964E-05 0.899581 0.00898625 0.0225228 0.0139953 9.9964E-05 9.9964E-05 9.9964E-05 0.0545144
9.9964E-05 0.798947 9.9964E-05 0.12736 0.0406045 9.9964E-05 0.0126986 0.0199902 9.9964E-05
0.103303 0.587991 0.188679 9.9973E-05 0.0223729 0.0523903 9.9973E-05 9.9973E-05 0.0449638
0.19097 0.582235 0.176578 9.9955E-05 9.9955E-05 9.9955E-05 9.9955E-05 9.9955E-05 0.0497177
0.131142 0.511964 0.229369 9.9982E-05 0.00353428 0.0153823 0.0931544 9.9982E-05 0.0152535
0.133493 0.498121 0.271245 9.9964E-05 9.9964E-05 0.00255037 9.9964E-05 9.9964E-05 0.0941911
9.9982E-05 0.036436 0.19772 0.0286006 0.0231907 0.0480724 9.9982E-05 0.400626 0.265155
0.138261 9.9964E-05 9.9964E-05 0.0194893 9.9964E-05 0.0739802 9.9964E-05 0.451379 0.31649
0.0924891 9.9982E-05 0.0853164 0.134546 9.9982E-05 0.00449019 0.049163 0.466072 0.167723
0.033851 0.0589689 0.276601 9.9982E-05 0.0674401 0.0491191 9.9982E-05 0.360097 0.153723
0.202812 9.9955E-05 0.564418 9.9955E-05 9.9955E-05 9.9955E-05 9.9955E-05 0.0980076 0.134263
0.0798678 0.0338237 0.0781883 0.0192144 0.00441634 0.0865416 9.9991E-05 0.55471 0.143138
9.9964E-05 9.9964E-05 0.16065 0.000675053 9.9964E-05 0.0206828 9.9964E-05 0.605679 0.211913
0.033802 9.9982E-05 0.150942 9.9982E-05 0.00878971 0.0551203 0.0483726 0.480243 0.222531
9.9964E-05 9.9964E-05 9.9964E-05 0.0220243 9.9964E-05 0.0386191 0.0603365 0.386791 0.491829
0.154004 9.9973E-05 9.9973E-05 0.00148788 9.9973E-05 0.0196819 0.0368255 0.655808 0.131893
0.120996 0.00185533 0.0323069 9.9982E-05 0.00415917 9.9982E-05 0.0308839 0.414722 0.394876
0.0526429 9.9955E-05 9.9955E-05 9.9955E-05 9.9955E-05 0.175743 0.0649605 9.9955E-05 0.706154
0.0888131 0.0910716 0.177871 9.9982E-05 9.9982E-05 0.0504457 0.00227588 0.474975 0.114348
9.9973E-05 9.9973E-05 0.0726474 9.9973E-05 0.00443937 0.0609194 0.160684 0.270203 0.430807
9.9964E-05 9.9964E-05 0.0259072 9.9964E-05 9.9964E-05 0.0593692 0.0442442 0.540934 0.329146
0.0634263 0.0426195 0.156855 9.9964E-05 9.9964E-05 9.9964E-05 9.9964E-05 0.0887243 0.647975
0.874111 0.00615424 9.9973E-05 0.0503849 0.0156079 9.9973E-05 0.045841 0.00760105 9.9973E-05
0.888503 9.9946E-05 9.9946E-05 9.9946E-05 9.9946E-05 9.9946E-05 0.0217853 0.0891121 9.9946E-05
0.98263 9.9937E-05 9.9937E-05 9.9937E-05 9.9937E-05 0.0166705 9.9937E-05 9.9937E-05 9.9937E-05
0.929097 0.0382332 9.9946E-05 9.9946E-05 9.9946E-05 9.9946E-05 0.0320698 9.9946E-05 9.9946E-05
0.863007 9.9982E-05 0.00699776 0.00982934 0.00916285 9.9982E-05 0.043019 0.0327858 0.034998
0.86739 9.9946E-05 9.9946E-05 0.082564 9.9946E-05 9.9946E-05 9.9946E-05 0.0494459 9.9946E-05
0.0175515 0.843415 9.9964E-05 0.0197329 0.0192393 9.9964E-05 9.9964E-05 0.0996613 9.9964E-05
0.038422 0.787704 0.0500951 0.0598999 9.9964E-05 9.9964E-05 9.9964E-05 0.0634788 9.9964E-05
9.9964E-05 0.731674 9.9964E-05 0.116348 0.0251142 9.9964E-05 0.0375268 0.0889371 9.9964E-05
0.0129499 0.752453 0.0644326 0.0898872 0.0210478 9.9973E-05 9.9973E-05 0.0589296 9.9973E-05
9.9964E-05 0.782565 0.0802847 0.0725381 0.00771793 9.9964E-05 9.9964E-05 0.0564944 9.9964E-05
0.356991 0.33987 0.256076 9.9964E-05 0.0166323 9.9964E-05 0.030031 9.9964E-05 9.9964E-05
0.388414 0.429874 0.013055 9.9973E-05 9.9973E-05 0.130497 0.0185288 9.9973E-05 0.0193314
0.407003 0.389414 0.0755807 9.9973E-05 0.0158599 0.0724374 9.9973E-05 9.9973E-05 0.039405
9.99369E-05 9.99369E-05 0.0032496 9.99369E-05 0.996051 9.99369E-05 9.99369E-05 9.99369E-05 9.99369E-05
0.457771 0.33444 9.9964E-05 9.9964E-05 0.0299872 0.0373685 9.9964E-05 9.9964E-05 0.140034
9.9964E-05 0.218004 9.9964E-05 0.405502 9.9964E-05 0.0746434 0.0984424 0.203008 9.9964E-05
0.083609 0.0494422 0.000509508 0.130447 0.0602245 9.9982E-05 0.0725528 0.603015 9.9982E-05
9.9964E-05 0.176605 9.9964E-05 0.253537 0.0238357 0.0250953 9.9964E-05 0.520527 9.9964E-05
0.027634 0.268447 9.9973E-05 0.187183 9.9973E-05 9.9973E-05 0.113807 0.347439 0.0551905
0.028053 0.165773 0.017247 0.149029 9.9991E-05 0.0358371 0.0388293 0.548246 0.0168855
9.9946E-05 0.405849 9.9946E-05 0.323305 9.9946E-05 9.9946E-05 0.270246 9.9946E-05 9.9946E-05
0.0642335 0.025596 0.348273 9.9982E-05 9.9982E-05 0.0824058 0.0683294 0.376147 0.0348158
0.00280461 9.9973E-05 0.245444 9.9973E-05 9.9973E-05 0.220348 0.151038 0.335917 0.0441483
0.0419243 0.0780196 0.572617 9.9973E-05 0.0570345 0.0263899 9.9973E-05 0.223715 9.9973E-05
0.0421731 0.0275998 0.175374 9.9982E-05 9.9982E-05 0.25662 0.0280588 0.430235 0.0397399
0.0225711 9.9964E-05 0.201629 9.9964E-05 9.9964E-05 0.319329 0.317566 9.9964E-05 0.138505
9.9991E-05 0.0193108 0.151969 0.0802121 0.037827 0.101301 0.0686006 0.505205 0.0354752
0.0622973 9.9982E-05 0.258978 0.0519694 0.03424 0.186643 0.0159445 0.389727 9.9982E-05
0.0644079 9.9973E-05 0.491297 9.9973E-05 0.04248 0.0500105 9.9973E-05 0.237503 0.114002
0.0812306 0.117354 0.0977899 0.0731887 9.9991E-05 0.00453463 0.0947433 0.485774 0.0452847
9.9964E-05 9.9964E-05 0.589223 9.9964E-05 9.9964E-05 0.0698746 0.195926 0.0369623 0.107615
0.0621735 9.9982E-05 0.13771 0.0454079 9.9982E-05 0.212142 0.139342 0.378245 0.0247797
0.109734 9.9973E-05 0.288705 9.9973E-05 0.0162367 9.9973E-05 0.0273635 0.502283 0.0553783
0.0961516 0.142761 0.0619483 0.226322 9.9991E-05 0.0112002 0.00539351 0.300495 0.155628
0.0359889 9.9964E-05 0.367922 9.9964E-05 9.9964E-05 0.202418 0.104152 0.289118 9.9964E-05
0.0679328 0.0442967 0.312076 0.0173551 9.9991E-05 0.133117 0.00249421 0.387776 0.0348517
9.9982E-05 9.9982E-05 0.221152 0.0420685 0.00267544 0.133845 0.10796 0.476405 0.0156947
0.0943873 9.9973E-05 0.18021 9.9973E-05 9.9973E-05 0.142623 0.0567204 0.476492 0.0492674
0.0345048 9.9982E-05 0.234095 0.0310157 0.00168779 0.103485 0.00726224 0.58775 9.9982E-05
0.0871789 0.0563416 0.137651 0.0827121 0.0217771 0.096047 9.9991E-05 0.476877 0.0413151
0.0786206 0.0992537 0.196855 0.171244 9.9973E-05 9.9973E-05 9.9973E-05 0.380443 0.0732833
9.9955E-05 0.736655 9.9955E-05 0.0858265 0.0243944 9.9955E-05 9.9955E-05 0.152624 9.9955E-05
9.9973E-05 0.782134 9.9973E-05 0.0455233 0.0290089 0.0429111 9.9973E-05 0.0482932 0.0518294
0.015535 0.793276 0.00263188 0.0255091 9.9982E-05 9.9982E-05 0.110539 0.0469523 0.0053567
0.0500012 0.768985 9.9973E-05 0.0052854 0.0566242 0.0865387 9.9973E-05 9.9973E-05 0.0322658
0.0243848 0.708887 9.9973E-05 0.0678392 0.0628221 0.0443736 9.9973E-05 0.0913933 9.9973E-05
0.0532002 0.021205 0.760149 0.0351347 0.01242 9.9982E-05 0.019034 0.0986576 9.9982E-05
9.9973E-05 0.0520609 0.331646 0.0925681 9.9973E-05 0.0906142 9.9973E-05 0.396215 0.0365953
0.102251 0.141612 9.9982E-05 0.13131 0.0197642 9.9982E-05 0.0102794 0.500679 0.0939045
9.9982E-05 0.0231895 0.225762 0.0747871 0.00412816 0.0696268 0.0268357 0.575471 9.9982E-05
0.102026 0.0186564 0.26448 0.0377822 9.9982E-05 0.0285402 9.9982E-05 0.429338 0.118978
0.0812632 9.9982E-05 0.355315 0.0308383 0.103372 0.133839 0.163266 0.131906 9.9982E-05
0.112704 0.116366 0.640042 9.9973E-05 0.0331334 9.9973E-05 0.0826568 9.9973E-05 0.014798
0.132335 9.9973E-05 0.245011 0.0377059 0.0315481 0.044458 9.9973E-05 0.508642 9.9973E-05
0.169605 0.0706544 0.46673 0.023045 0.0143447 0.109691 9.9991E-05 0.11269 0.0331397
0.0708175 0.0128393 0.16309 0.0409406 0.0291704 0.15736 0.0714798 0.361764 0.0925376
0.118091 0.159896 0.545862 9.9973E-05 9.9973E-05 0.113177 9.9973E-05 0.0596349 0.00303882
0.179524 0.0269175 0.141064 0.0572297 0.0249883 0.0343677 9.9991E-05 0.525223 0.0105858
0.082216 0.0747148 0.712482 0.0171091 9.9982E-05 0.0559863 9.9982E-05 0.0172829 0.0400092
9.9973E-05 9.9973E-05 0.372507 0.0206166 0.0732521 0.144336 0.128595 0.260394 9.9973E-05
9.9982E-05 0.0699212 0.137615 0.0910964 9.9982E-05 0.111779 0.158311 0.360532 0.070545
0.0911351 9.9964E-05 0.0178585 9.9964E-05 9.9964E-05 0.138501 0.422465 0.329641 9.9964E-05
0.0420614 0.0643444 0.0280621 9.9973E-05 0.00892727 9.9973E-05 0.265165 0.59114 9.9973E-05
0.105763 0.115539 9.9982E-05 0.0171459 0.0419644 9.9982E-05 0.111747 0.422767 0.184873
0.0671543 9.9973E-05 0.077247 9.9973E-05 9.9973E-05 0.114289 0.366059 0.337775 0.0371758
9.9982E-05 0.00482046 0.0605441 0.0614489 0.106842 0.114702 0.235693 0.415749 9.9982E-05
0.0803049 9.9964E-05 9.9964E-05 9.9964E-05 0.073936 0.0886008 0.246398 0.51036 9.9964E-05
0.0668561 9.9973E-05 0.0578877 9.9973E-05 9.9973E-05 0.114182 0.60882 0.059023 0.0929313
0.0303374 9.9964E-05 9.9964E-05 9.9964E-05 9.9964E-05 0.058409 0.563805 0.311562 0.0354869
0.134767 9.9955E-05 9.9955E-05 9.9955E-05 9.9955E-05 0.10674 0.222316 0.535677 9.9955E-05
0.0801303 9.9964E-05 9.9964E-05 9.9964E-05 9.9964E-05 0.0772971 0.50995 0.154134 0.178089
9.9946E-05 9.9946E-05 0.266866 9.9946E-05 9.9946E-05 9.9946E-05 0.305191 0.427344 9.9946E-05
0.111003 9.9982E-05 0.633657 0.0343479 0.0288485 0.04503 0.00767142 9.9982E-05 0.139243
0.0657992 9.9982E-05 0.437685 0.0174057 9.9982E-05 0.291859 0.0470772 0.139017 0.000957946
0.0955451 9.9964E-05 0.472854 0.0922844 9.9964E-05 9.9964E-05 9.9964E-05 0.291752 0.0471649
0.00747097 0.0161142 0.257328 0.0448572 0.057438 9.9991E-05 0.0165645 0.584448 0.0156791
0.121913 9.99742E-05 0.526919 9.99742E-05 9.99742E-05 0.00243225 0.0126322 0.197657 0.138146
0.108302 0.0530348 0.094056 0.11241 0.0178112 0.162596 0.0919246 0.359765 9.9991E-05
0.080728 0.0315543 0.161764 0.0600393 0.030593 0.0657921 0.0200487 0.549381 9.9991E-05
0.0444288 9.9973E-05 0.316232 0.0775046 9.9973E-05 9.9973E-05 0.0315503 0.471924 0.0580602
0.00394498 0.0439945 0.329674 0.062619 0.0152708 0.105239 9.9991E-05 0.412562 0.0265948
0.119593 0.0362744 0.348744 0.0301049 9.9973E-05 9.9973E-05 9.9973E-05 0.359675 0.105309
0.0868773 9.9982E-05 0.616609 0.116532 0.00513424 0.000192291 9.9982E-05 0.090189 0.0842664
0.173065 9.9982E-05 0.33591 0.0915082 9.9982E-05 0.0890226 0.013522 0.210568 0.0862042
0.0582055 9.9964E-05 0.26408 0.0124847 9.9964E-05 0.12787 9.9964E-05 0.53696 9.9964E-05
0.0336514 0.127541 0.204347 0.010247 9.9982E-05 0.0335321 0.0117744 0.578708 9.9982E-05
0.156375 9.9973E-05 0.198062 9.9973E-05 0.0156434 0.0773876 0.13533 0.416902 9.9973E-05
0.0438918 9.9973E-05 0.337404 0.116874 9.9973E-05 0.0919614 9.9973E-05 0.377345 0.0322238
0.12181 0.00867516 0.371811 0.0900885 0.0622198 0.0243708 0.0405665 0.280359 9.9991E-05
0.0559062 0.0154141 0.213288 0.0522848 9.9982E-05 0.0466035 0.0626874 0.553616 9.9982E-05
0.0505027 9.9982E-05 0.301145 0.0694821 0.0071045 0.0992655 9.9982E-05 0.465609 0.00669147
0.00374966 0.152568 0.192309 0.126459 0.0105959 0.11008 9.9982E-05 0.404039 9.9982E-05
9.9973E-05 0.307318 9.9973E-05 0.117639 0.0872088 9.9973E-05 0.0496178 0.33638 0.101536
9.9982E-05 0.112532 0.0548422 0.249078 0.0438454 0.0724431 9.9982E-05 0.449334 0.0177257
0.0398825 0.220862 0.121391 0.133194 0.00512636 0.00559376 0.0413526 0.310923 0.121675
0.0239553 9.9991E-05 0.0480013 0.125362 0.0153169 0.112164 0.0216355 0.571116 0.082348
9.9982E-05 0.0919646 0.0617286 0.261282 0.123211 0.00695473 9.9982E-05 0.387783 0.0668757
0.00945244 9.9964E-05 0.292604 9.9964E-05 9.9964E-05 0.178568 0.131232 0.387744 9.9964E-05
0.00682878 0.147143 0.0870425 0.109775 0.0515669 0.0077182 0.0863926 0.42715 0.076383
9.9964E-05 0.189831 0.157194 0.131243 9.9964E-05 9.9964E-05 0.462092 9.9964E-05 0.0592397
0.0364043 0.0939939 0.119255 0.124295 0.00383109 9.9982E-05 0.0743125 0.547709 9.9982E-05
0.00462283 0.102779 0.0229177 0.112145 0.0424587 0.0883284 0.027979 0.569951 0.028818
9.9973E-05 0.0927631 0.0517901 0.271544 0.0261008 0.149234 9.9973E-05 0.408268 9.9973E-05
9.9982E-05 0.112278 0.18827 0.126835 0.0722152 9.9982E-05 0.201279 0.249746 0.049177
0.0010224 0.173683 9.9973E-05 0.215097 9.9973E-05 0.034312 0.0479253 0.52766 9.9973E-05
9.9982E-05 0.13935 0.0116885 0.208464 0.0273282 0.0532294 0.0450083 0.514731 9.9982E-05
9.9964E-05 0.427133 9.9964E-05 0.170408 0.0303745 0.00834346 0.363341 9.9964E-05 9.9964E-05
0.0415553 0.115345 0.0244682 0.220495 0.0937551 9.9982E-05 0.0576795 0.446502 9.9982E-05
9.9973E-05 0.127054 0.0677947 0.126597 0.0491068 0.0914895 9.9973E-05 0.537658 9.9973E-05
0.0244668 0.0585578 0.133132 0.126551 9.9982E-05 0.0399933 0.0806962 0.536403 9.9982E-05
9.9964E-05 0.183775 0.022157 0.146488 9.9964E-05 9.9964E-05 0.131142 0.516039 9.9964E-05
0.00988404 0.169373 0.0477869 0.153354 0.0153682 0.129901 9.9991E-05 0.448165 0.0260676
0.031085 9.9991E-05 0.0387952 0.0268423 0.0918718 0.384773 0.0112193 0.37863 0.0366832
9.9991E-05 0.126202 0.0858846 0.0956373 0.028324 0.169897 0.0229344 0.447226 0.0237949
9.9946E-05 9.9946E-05 0.142094 9.9946E-05 9.9946E-05 0.763803 9.9946E-05 9.9946E-05 0.0935035
0.0251665 9.9964E-05 0.0356922 9.9964E-05 9.9964E-05 0.858787 0.00958886 9.9964E-05 0.0703655
9.9982E-05 0.00876159 0.154323 0.0803796 0.041397 0.227876 9.9982E-05 0.427809 0.0592536
9.9973E-05 0.0725535 0.00706048 0.339021 9.9973E-05 0.0952639 0.155855 0.329946 9.9973E-05
9.9973E-05 0.0812749 9.9973E-05 0.394593 0.00404014 0.20448 9.9973E-05 0.255169 0.0601436
9.9973E-05 0.220488 9.9973E-05 0.285253 0.0279733 0.176024 0.171314 0.118648 9.9973E-05
9.9973E-05 0.104359 0.0628515 0.280421 0.0662538 0.235433 9.9973E-05 0.250382 9.9973E-05
9.9973E-05 0.0456003 9.9973E-05 0.136922 0.00801237 0.696929 0.107608 0.00462792 9.9973E-05
9.9964E-05 0.0633934 9.9964E-05 0.103869 0.0615803 0.729017 9.9964E-05 0.0417406 9.9964E-05
9.9955E-05 9.9955E-05 9.9955E-05 0.0592442 0.0200349 0.392949 9.9955E-05 0.527272 9.9955E-05
9.9955E-05 0.0394021 9.9955E-05 0.05734 9.9955E-05 0.500903 9.9955E-05 0.401855 9.9955E-05
9.9955E-05 9.9955E-05 9.9955E-05 0.120105 0.0624337 0.759504 9.9955E-05 0.0574574 9.9955E-05
9.9964E-05 0.0502722 0.0811903 0.0762498 9.9964E-05 0.313263 9.9964E-05 0.478625 9.9964E-05
9.9982E-05 0.018548 0.000243182 0.122867 0.00825071 0.406009 0.00891423 0.434967 9.9982E-05
0.0572876 0.0645793 9.9982E-05 0.135717 0.0171208 0.197338 0.0577709 0.469987 9.9982E-05
0.0013768 0.000233682 0.0573297 9.9982E-05 0.00745087 0.608159 0.0177985 0.307451 9.9982E-05
9.9973E-05 9.9973E-05 0.191914 9.9973E-05 0.0188218 0.406864 0.0850351 0.263414 0.0336514
0.0621844 0.0417236 9.9991E-05 0.00534359 0.0511718 0.177682 0.0388268 0.53277 0.0901972
0.125748 0.09657 9.9991E-05 0.0622868 0.00524934 0.348461 0.0267826 0.290753 0.0440491
0.0837304 0.0847443 9.9991E-05 0.129145 0.0124585 0.18641 0.0263735 0.335388 0.14165
9.9955E-05 9.9955E-05 0.105306 9.9955E-05 9.9955E-05 0.416934 0.0638931 0.413368 9.9955E-05
0.102842 9.9946E-05 9.9946E-05 9.9946E-05 9.9946E-05 0.750316 9.9946E-05 0.146243 9.9946E-05
9.9964E-05 9.9964E-05 9.9964E-05 0.0299348 9.9964E-05 0.355484 0.0473864 0.56007 0.00672519
0.091887 0.0203162 0.0755516 0.115696 0.0233142 0.24815 9.9982E-05 0.424885 9.9982E-05
9.99459E-05 9.99459E-05 9.99459E-05 9.99459E-05 9.99459E-05 0.72759 9.99459E-05 0.181587 0.0902233
0.0761262 9.9964E-05 9.9964E-05 9.9964E-05 0.0442761 0.507927 0.00990912 0.361362 9.9964E-05
0.0268278 9.9991E-05 0.0764632 0.0233396 0.0623038 0.259622 0.0121459 0.502705 0.0364927
9.9964E-05 9.9964E-05 0.170824 9.9964E-05 0.0149655 0.342153 9.9964E-05 0.415262 0.0563965
0.0625234 0.0907221 9.9982E-05 0.117329 0.00420807 9.9982E-05 0.144423 0.532515 0.048079
9.9973E-05 0.0539782 0.102301 0.181311 0.00254802 0.247521 9.9973E-05 0.412041 9.9973E-05
0.0739705 0.10302 0.0630411 0.245714 0.00844856 0.0804628 0.120034 0.30521 9.9991E-05
0.00656136 0.182341 0.0162235 0.232754 0.064849 0.175266 0.111776 0.210129 9.9991E-05
0.0621182 0.204005 0.0244043 0.198029 9.9991E-05 0.0377568 0.00968699 0.36669 0.0972104
0.0816788 0.0565574 9.9982E-05 0.119469 0.0589546 0.16394 0.0228369 0.496363 9.9982E-05
0.0284953 0.160112 9.9973E-05 0.130029 0.00344542 0.588924 0.0886944 9.9973E-05 9.9973E-05
0.0891345 0.0617955 9.9973E-05 0.234043 0.0105986 0.171022 9.9973E-05 0.433107 9.9973E-05
9.9955E-05 0.318004 9.9955E-05 0.101839 9.9955E-05 0.39993 0.179727 9.9955E-05 9.9955E-05
9.9955E-05 0.0393089 9.9955E-05 0.209748 9.9955E-05 0.318742 9.9955E-05 0.431701 9.9955E-05
0.0144238 9.9955E-05 9.9955E-05 9.9955E-05 9.9955E-05 0.780159 9.9955E-05 0.0162429 0.188674
9.9946E-05 9.9946E-05 0.0265575 9.9946E-05 9.9946E-05 0.926689 9.9946E-05 9.9946E-05 0.0461533
9.9964E-05 9.9964E-05 0.0858848 9.9964E-05 0.00803964 0.444649 9.9964E-05 0.434352 0.0266745
0.00412925 9.9964E-05 9.9964E-05 9.9964E-05 0.0492962 0.338637 9.9964E-05 0.562245 0.0452928
0.0204111 9.9964E-05 0.0367685 9.9964E-05 9.9964E-05 0.554617 0.0174691 0.370334 9.9964E-05
9.9964E-05 0.0128308 9.9964E-05 9.9964E-05 0.0283813 0.481425 9.9964E-05 0.374925 0.102038
9.9946E-05 9.9946E-05 9.9946E-05 9.9946E-05 0.0157911 0.524784 9.9946E-05 0.458825 9.9946E-05
0.0390395 0.710847 9.9973E-05 0.0199645 0.0495504 0.100363 9.9973E-05 0.0799363 9.9973E-05
0.0984141 0.660495 0.0110262 0.112173 0.025382 0.0558213 9.9991E-05 0.00266665 0.033922
9.9955E-05 0.897845 9.9955E-05 0.0576438 0.0243865 9.9955E-05 9.9955E-05 0.0196254 9.9955E-05
9.9964E-05 0.800845 9.9964E-05 9.9964E-05 0.134279 0.0280399 0.0125999 0.023836 9.9964E-05
0.0322533 0.0423613 9.9973E-05 9.9973E-05 0.0299152 0.000525737 9.9973E-05 0.57249 0.322155
9.9964E-05 0.0642035 0.129088 9.9964E-05 9.9964E-05 0.0162672 9.9964E-05 0.488348 0.301694
0.0225255 9.9964E-05 0.0202724 9.9964E-05 0.02896 9.9964E-05 9.9964E-05 0.473417 0.454425
9.9964E-05 0.07829 0.0682335 9.9964E-05 9.9964E-05 9.9964E-05 0.111262 0.531544 0.210271
0.0808212 0.0155041 9.9982E-05 0.03501 0.0132167 9.9982E-05 0.151182 0.541597 0.162469
0.15217 0.0193564 0.0193017 0.0176828 9.9982E-05 9.9982E-05 0.0272288 0.199145 0.564915
9.9955E-05 9.9955E-05 0.0726839 9.9955E-05 0.0364643 9.9955E-05 9.9955E-05 0.552828 0.337524
9.9964E-05 9.9964E-05 9.9964E-05 9.9964E-05 0.0303726 0.0658425 0.133625 0.383912 0.385848
0.0267565 0.286539 0.136811 0.168788 9.9973E-05 0.00521566 9.9973E-05 0.37559 9.9973E-05
0.0423581 9.9982E-05 0.00883232 0.033283 9.9982E-05 0.2106 0.0632307 0.410638 0.230858
0.0603373 9.9964E-05 0.0623905 9.9964E-05 0.0462829 9.9964E-05 9.9964E-05 0.294986 0.535603
9.9955E-05 9.9955E-05 0.0134926 9.9955E-05 9.9955E-05 0.0677671 9.9955E-05 0.526719 0.391522
0.00250378 9.9973E-05 0.100434 9.9973E-05 0.0653009 0.0738853 9.9973E-05 0.306958 0.450618
9.9955E-05 9.9955E-05 9.9955E-05 9.9955E-05 9.9955E-05 0.0381324 0.0358868 0.599864 0.325617
9.9973E-05 0.0206426 9.9973E-05 0.00883904 0.0798904 0.0658612 9.9973E-05 0.538074 0.286393
9.9946E-05 9.9946E-05 9.9946E-05 9.9946E-05 9.9946E-05 0.0216534 9.9946E-05 0.089047 0.8887
9.9982E-05 9.9982E-05 0.118506 0.0180406 0.0400343 0.0716035 0.0869495 0.217498 0.447168
0.00847606 9.9964E-05 9.9964E-05 0.0191076 0.052773 9.9964E-05 9.9964E-05 0.281585 0.637658
9.9937E-05 9.9937E-05 9.9937E-05 9.9937E-05 9.9937E-05 9.9937E-05 0.177247 9.9937E-05 0.822053
0.0174906 0.0407567 0.0521878 0.037345 0.0147775 0.0608546 9.9991E-05 0.353427 0.423061
0.0362959 9.9964E-05 9.9964E-05 9.9964E-05 9.9964E-05 0.00819148 0.292246 0.0991172 0.563749
9.9946E-05 9.9946E-05 9.9946E-05 9.9946E-05 9.9946E-05 0.0156006 0.274176 9.9946E-05 0.709624
0.0341067 9.9964E-05 9.9964E-05 0.00471691 9.9964E-05 0.0594098 9.9964E-05 0.54449 0.356877
9.9973E-05 9.9973E-05 0.12822 9.9973E-05 0.078809 0.0346472 0.0337317 0.133497 0.590795
0.0411017 9.9973E-05 0.0998801 0.0928149 9.9973E-05 9.9973E-05 0.0332569 0.32991 0.402737
9.9973E-05 0.101079 9.9973E-05 9.9973E-05 0.0065615 0.0211551 0.0588338 0.692524 0.119547
0.0236581 9.9964E-05 0.0919522 0.0219209 9.9964E-05 9.9964E-05 9.9964E-05 0.505193 0.356876
0.0408605 9.9982E-05 0.33121 0.011869 9.9982E-05 0.0761627 0.158811 0.294732 0.0861543
0.0313651 0.00497427 9.9973E-05 9.9973E-05 0.0119617 0.0627679 9.9973E-05 0.490104 0.398527
0.00183715 0.0515613 0.162127 0.0543047 9.9982E-05 9.9982E-05 0.0335635 0.448291 0.248116
9.99583E-05 9.99583E-05 9.99583E-05 9.99583E-05 9.99583E-05 0.0182431 0.0491219 0.313993 0.618142
0.0715485 0.086132 9.9973E-05 9.9973E-05 0.0157657 9.9973E-05 0.000870595 0.499462 0.325921
0.158174 0.554028 0.126694 9.9982E-05 0.0611523 0.0273377 0.0647075 9.9982E-05 0.00770679
0.0635301 0.675227 0.081148 9.9973E-05 0.108798 9.9973E-05 9.9973E-05 0.0259953 0.0450017
0.0381369 0.708144 0.0756649 9.9964E-05 0.117807 9.9964E-05 0.0598479 9.9964E-05 9.9964E-05
0.141064 0.737641 0.00219444 9.9964E-05 0.0628689 0.0558313 9.9964E-05 9.9964E-05 9.9964E-05
0.168513 0.64276 0.0176266 9.9982E-05 0.0604871 9.9982E-05 0.0503689 0.0401434 0.0199008
9.9964E-05 0.0382677 0.17172 0.0234046 9.9964E-05 9.9964E-05 9.9964E-05 0.0794702 0.686737
