0.0829737 9.9982E-05 0.0119562 0.824598 0.0302394 0.00311148 0.0124845 0.0344364 9.9982E-05
0.0328269 9.9955E-05 9.9955E-05 0.906189 0.00590591 9.9955E-05 9.9955E-05 9.9955E-05 0.0545786
0.0560211 9.9973E-05 9.9973E-05 0.784825 0.00613264 0.110407 0.0293803 0.0129333 9.9973E-05
0.0652829 9.9973E-05 9.9973E-05 0.719049 0.0755304 0.0394562 0.0832985 9.9973E-05 0.0170833
9.9955E-05 9.9955E-05 9.9955E-05 0.868532 9.9955E-05 0.0588925 0.0193327 9.9955E-05 0.0527433
0.0297898 0.0103773 0.13339 0.601624 0.0999221 0.0199907 0.0311055 9.9991E-05 0.0736997
0.0618808 9.9955E-05 0.1364 0.773052 9.9955E-05 9.9955E-05 9.9955E-05 0.0281676 9.9955E-05
0.0420014 0.0061177 0.100074 0.645316 0.127144 9.9982E-05 0.0114339 9.9982E-05 0.0677125
0.0381621 0.0625195 0.0431338 0.792202 0.0635825 9.99639E-05 9.99639E-05 9.99639E-05 9.99639E-05
0.0813217 9.9982E-05 0.0415504 0.645961 0.0601604 0.0918234 0.0481956 9.9982E-05 0.0307872
0.0122003 9.9964E-05 0.115507 0.723178 0.0937522 0.0549625 9.9964E-05 9.9964E-05 9.9964E-05
9.9964E-05 0.0445287 9.9964E-05 9.9964E-05 0.00379252 0.123108 0.0140339 0.814137 9.9964E-05
0.0638999 9.9973E-05 0.0728281 9.9973E-05 0.0159035 0.391132 0.0398159 0.416121 9.9973E-05
0.0351645 9.9982E-05 0.0201539 0.0426331 9.9982E-05 0.098461 0.019296 0.762027 0.0220646
0.00813447 9.9964E-05 9.9964E-05 9.9964E-05 9.9964E-05 0.0382552 0.179131 0.760153 0.0139268
0.00554476 9.9982E-05 0.0528485 0.0875232 9.9982E-05 0.30418 0.0769491 0.430605 0.0421498
0.0155543 0.0135474 0.0351747 9.9982E-05 9.9982E-05 0.468344 0.0788616 0.3874 0.000918436
0.0443146 0.152886 9.9973E-05 0.0120499 9.9973E-05 0.322803 0.0538858 0.41376 9.9973E-05
0.0207078 9.9964E-05 9.9964E-05 0.147013 9.9964E-05 0.160509 0.0577503 0.61362 9.9964E-05
0.00394325 9.9955E-05 0.101183 0.0611081 9.9955E-05 9.9955E-05 9.9955E-05 0.833266 9.9955E-05
0.0241432 0.0775471 9.9982E-05 9.9982E-05 0.0458916 0.325152 0.0752358 0.418412 0.0334185
0.06172 0.117814 0.127321 9.9991E-05 0.00983288 0.337501 0.0429317 0.261063 0.0417154
9.9973E-05 0.0279232 0.0350332 9.9973E-05 9.9973E-05 0.482695 0.00128598 0.428477 0.024286
0.0171614 9.9973E-05 0.0316183 9.9973E-05 9.9973E-05 0.12385 0.120523 0.641992 0.0645549
9.9982E-05 0.0197428 0.0725296 0.0480134 9.9982E-05 0.471321 0.115671 0.230405 0.0421171
9.9964E-05 9.9964E-05 0.0163635 0.0102653 9.9964E-05 0.362612 0.150369 0.45999 9.9964E-05
0.036436 9.9946E-05 9.9946E-05 9.9946E-05 9.9946E-05 9.9946E-05 0.0976118 0.865352 9.9946E-05
9.9946E-05 9.9946E-05 0.027322 9.9946E-05 9.9946E-05 9.9946E-05 0.212025 0.760053 9.9946E-05
9.9964E-05 9.9964E-05 0.0554593 0.0104196 9.9964E-05 0.087379 9.9964E-05 0.814168 0.0321744
0.999201 9.993E-05 9.993E-05 9.993E-05 9.993E-05 9.993E-05 9.993E-05 9.993E-05 9.993E-05
0.999201 9.993E-05 9.993E-05 9.993E-05 9.993E-05 9.993E-05 9.993E-05 9.993E-05 9.993E-05
0.389185 0.0392781 9.9955E-05 0.502709 9.9955E-05 0.0683288 9.9955E-05 9.9955E-05 9.9955E-05
0.268131 0.0708527 9.9964E-05 0.533958 9.9964E-05 0.0247311 0.101927 9.9964E-05 9.9964E-05
0.0427451 0.19246 0.0157338 9.9982E-05 0.112824 0.517769 9.9982E-05 0.0593931 0.0588759
9.9964E-05 0.289399 9.9964E-05 0.0785959 0.0254025 0.481397 9.9964E-05 0.124806 9.9964E-05
9.9964E-05 0.329358 9.9964E-05 0.00566997 9.9964E-05 0.575834 9.9964E-05 0.0176334 0.0711041
0.0324984 0.0513486 9.9982E-05 0.066167 0.101156 0.00730505 9.9982E-05 0.735298 0.00602649
0.0324591 0.46923 0.080682 9.9973E-05 9.9973E-05 0.325391 0.0337527 9.9973E-05 0.0581855
0.0111315 0.205628 9.9991E-05 0.0772954 0.0129318 0.458328 0.00592911 0.172765 0.0558912
0.0319874 0.216634 0.055886 9.9964E-05 9.9964E-05 0.641 9.9964E-05 9.9964E-05 0.0540933
0.00190556 0.142177 0.0900667 0.051775 0.116579 0.576851 0.0204465 9.9982E-05 9.9982E-05
0.0336122 0.182004 0.102085 0.0571551 0.0483065 0.576538 9.9973E-05 9.9973E-05 9.9973E-05
0.0322058 0.53899 9.9973E-05 0.0338212 0.0689199 0.0847253 9.9973E-05 0.241038 9.9973E-05
9.9955E-05 0.107367 0.205688 9.9955E-05 9.9955E-05 0.584028 9.9955E-05 0.102417 9.9955E-05
0.0108942 0.162195 0.0775733 0.0072811 0.0114296 0.580345 0.0661766 0.0707577 0.0133469
0.0669175 0.139181 9.9982E-05 0.124065 0.0020853 0.587075 0.0111381 9.9982E-05 0.0693389
0.00390746 0.573297 9.9955E-05 9.9955E-05 9.9955E-05 0.353882 9.9955E-05 9.9955E-05 0.0684141
0.0316433 0.259385 0.0398718 9.9964E-05 9.9964E-05 0.584159 9.9964E-05 0.0845414 9.9964E-05
0.0228254 0.151953 0.0799988 0.0507503 0.0547021 0.591001 0.0485696 9.9982E-05 9.9982E-05
9.9946E-05 0.659594 0.325085 0.0147212 9.9946E-05 9.9946E-05 9.9946E-05 9.9946E-05 9.9946E-05
9.9973E-05 0.189342 0.0212066 9.9973E-05 0.146047 0.108753 9.9973E-05 0.489396 0.0449557
9.9964E-05 0.162461 0.347839 9.9964E-05 9.9964E-05 0.0392038 9.9964E-05 0.350062 0.100035
0.0322403 0.0804872 9.9991E-05 0.0310321 0.0298852 0.562141 0.0548816 0.135539 0.0736934
9.9973E-05 9.9973E-05 0.0373946 0.0883638 9.9973E-05 0.601662 0.0768806 0.131063 0.0643359
9.999E-05 0.0954652 0.0748316 0.0454684 0.018166 0.526643 0.0359041 0.0532804 0.150141
0.0141703 0.224211 0.0965878 0.0495863 0.186819 0.102805 9.9991E-05 0.310894 0.0148277
0.0819039 0.0342501 9.9973E-05 9.9973E-05 0.154321 0.515494 9.9973E-05 0.158105 0.0556255
9.9982E-05 0.0323261 0.0474412 0.0543627 9.9982E-05 0.391 0.128535 0.286705 0.0594303
0.0246147 0.134869 0.0477639 0.0838941 9.9991E-05 0.250798 0.0741706 0.288099 0.0956899
0.037094 0.0780884 0.15606 0.124736 0.0765215 0.0309826 0.00676088 0.489657 9.9991E-05
0.0935835 0.0832898 0.0602834 0.0200252 0.107189 0.464694 0.0340271 0.0678383 0.0690694
0.0146414 0.0315647 9.9991E-05 0.0126938 0.0929424 0.324826 0.0422305 0.329206 0.151796
0.0638858 0.127696 0.129674 9.9964E-05 0.0812252 9.9964E-05 9.9964E-05 0.597119 9.9964E-05
0.0018158 9.9973E-05 0.00218231 9.9973E-05 0.0104756 0.439676 9.9973E-05 0.426948 0.118603
0.0546325 0.10559 0.0404086 9.9991E-05 0.0644144 0.651301 0.034 0.0454765 0.00407626
0.0688789 0.0307398 0.020991 0.0397688 9.9991E-05 0.407839 0.0764426 0.286679 0.0685599
0.0387047 0.186889 9.9991E-05 0.0323698 0.0183361 0.187996 0.030321 0.414117 0.0911661
0.106039 0.0454818 0.148846 9.9973E-05 9.9973E-05 0.317242 0.0795357 0.302556 9.9973E-05
9.9982E-05 0.0206649 0.0314886 0.0688982 0.116938 0.599632 9.9982E-05 0.0769982 0.0851799
0.0467963 0.0687916 0.0728906 9.9982E-05 0.0716627 0.083981 9.9982E-05 0.571444 0.0842343
9.9946E-05 0.439694 9.9946E-05 9.9946E-05 9.9946E-05 0.476691 9.9946E-05 0.0830152 9.9946E-05
0.0279105 0.661044 9.9964E-05 9.9964E-05 9.9964E-05 0.0890689 0.0015044 0.220072 9.9964E-05
9.9973E-05 0.194057 9.9973E-05 0.0939433 0.0841517 0.554593 9.9973E-05 0.000777211 0.072178
9.9937E-05 0.878023 0.121277 9.9937E-05 9.9937E-05 9.9937E-05 9.9937E-05 9.9937E-05 9.9937E-05
9.9955E-05 0.78124 0.0648081 9.9955E-05 9.9955E-05 9.9955E-05 9.9955E-05 0.0800786 0.0733739
9.9955E-05 0.627114 9.9955E-05 9.9955E-05 9.9955E-05 0.344464 9.9955E-05 0.0247646 0.00315773
0.0108099 0.344015 9.9973E-05 0.0337945 0.00994455 0.455653 9.9973E-05 0.145484 9.9973E-05
0.0454512 0.0567109 9.9982E-05 0.0921519 9.9982E-05 0.562466 0.0353411 0.082233 0.125446
0.0385571 0.42908 9.9955E-05 9.9955E-05 9.9955E-05 0.417422 9.9955E-05 0.114441 9.9955E-05
0.0297435 0.590291 9.9982E-05 0.015617 0.140315 0.0777928 0.0455703 0.100471 9.9982E-05
0.0124037 0.458789 9.9973E-05 0.00370651 0.209428 0.254657 9.9973E-05 0.0607157 9.9973E-05
0.0684721 0.289017 0.0352409 0.0214387 0.0737188 0.511813 9.9973E-05 9.9973E-05 9.9973E-05
9.9955E-05 0.554171 9.9955E-05 9.9955E-05 9.9955E-05 0.175259 0.0705206 0.19955 9.9955E-05
0.0282119 0.442781 9.9973E-05 0.0589351 9.9973E-05 0.336819 0.0246767 0.108277 9.9973E-05
9.9955E-05 0.594877 0.0442415 9.9955E-05 9.9955E-05 0.325674 9.9955E-05 9.9955E-05 0.0347082
9.9964E-05 0.689802 0.136793 9.9964E-05 0.00778612 9.9964E-05 0.0379376 9.9964E-05 0.127282
9.9973E-05 0.230472 0.0133307 9.9973E-05 0.0933437 0.549069 0.0891684 0.0243162 9.9973E-05
0.0614138 9.9973E-05 9.9973E-05 0.782066 0.0424293 0.103957 0.00742232 0.00241114 9.9973E-05
0.103195 9.9946E-05 9.9946E-05 0.819458 9.9946E-05 0.0767477 9.9946E-05 9.9946E-05 9.9946E-05
0.116008 9.9964E-05 9.9964E-05 0.785961 0.0023106 0.0556272 0.0396937 9.9964E-05 9.9964E-05
0.128593 0.00230379 0.0258724 0.809224 9.9973E-05 0.0271012 0.00660508 9.9973E-05 9.9973E-05
0.0875184 0.017028 9.9964E-05 0.799622 9.9964E-05 0.0874557 9.9964E-05 9.9964E-05 0.00797583
0.053128 0.0231945 9.9973E-05 0.798694 0.0615158 9.9973E-05 0.0475034 9.9973E-05 0.015664
0.0758752 9.9955E-05 9.9955E-05 0.851718 0.0160143 0.0558932 9.9955E-05 9.9955E-05 9.9955E-05
0.0727823 0.177747 9.9982E-05 0.0698929 9.9982E-05 0.49894 0.0268447 0.0907852 0.0628089
0.00660843 0.1569 9.9991E-05 0.0261396 0.0652291 0.49672 0.0603101 0.135432 0.0525611
9.9964E-05 0.712408 0.0256528 0.0555141 9.9964E-05 9.9964E-05 9.9964E-05 0.165212 0.0408133
0.0495774 0.152878 0.0902088 0.00158304 0.0399131 0.299439 0.209108 0.157193 9.9991E-05
0.0482518 0.386149 9.9964E-05 0.0329857 9.9964E-05 0.40569 9.9964E-05 0.126523 9.9964E-05
0.00856902 0.280036 9.9982E-05 0.0582249 0.00850682 0.577887 0.0441591 9.9982E-05 0.0224173
9.9973E-05 0.304627 9.9973E-05 0.018883 9.9973E-05 0.384677 0.109558 0.0756519 0.106303
0.0108823 0.491043 9.9955E-05 9.9955E-05 9.9955E-05 0.387563 0.110011 9.9955E-05 9.9955E-05
9.9955E-05 0.705145 9.9955E-05 0.0567148 0.0897556 9.9955E-05 9.9955E-05 0.147884 9.9955E-05
0.019323 0.210808 0.0318034 0.0481582 9.9982E-05 0.403842 0.0805529 0.205312 9.9982E-05
0.0131007 0.12394 0.0549561 0.0506426 9.9991E-05 0.546699 0.0369626 0.065974 0.107625
0.0309642 0.13802 9.9982E-05 0.0710267 0.0314343 0.532268 0.0798462 0.116241 9.9982E-05
9.9964E-05 0.50581 0.123474 9.9964E-05 9.9964E-05 0.276042 0.0444536 9.9964E-05 0.0498214
0.0320243 0.421311 9.9955E-05 9.9955E-05 9.9955E-05 0.452161 9.9955E-05 9.9955E-05 0.0940041
0.0253902 0.363089 9.9973E-05 0.0336753 0.039467 0.383076 9.9973E-05 0.155003 9.9973E-05
9.9946E-05 0.650472 9.9946E-05 9.9946E-05 9.9946E-05 0.216611 0.132317 9.9946E-05 9.9946E-05
9.9964E-05 0.313507 9.9964E-05 0.108223 0.0256094 0.413469 9.9964E-05 0.138792 9.9964E-05
0.0490179 0.196432 0.00160806 0.138379 0.0309199 0.545339 9.9991E-05 0.01187 0.0263343
0.0301784 0.0782091 0.0439729 0.0842789 0.0695065 0.133153 0.000450851 0.365934 0.194316
0.00109529 0.0167812 0.0925136 0.0738795 0.184801 0.351423 0.075798 0.203608 9.9991E-05
0.00527164 0.0865063 9.9982E-05 0.162953 0.0303261 0.515415 9.9982E-05 0.166002 0.0333258
0.03773 0.175779 0.0334274 0.0767182 0.107474 0.54218 9.9991E-05 0.0244199 0.00217064
0.0596066 9.9964E-05 9.9964E-05 0.0113022 0.0557182 0.400156 9.9964E-05 0.472817 9.9964E-05
9.9982E-05 9.9982E-05 0.015118 0.0152688 0.0937673 0.549209 0.0349604 0.254652 0.0368245
9.9973E-05 0.0193095 9.9973E-05 0.00980819 0.149813 0.490689 0.00230522 0.327775 9.9973E-05
9.9982E-05 0.15932 0.0252162 0.116009 0.114977 0.452114 9.9982E-05 0.0587258 0.0734376
9.9964E-05 0.0293969 9.9964E-05 0.132102 0.0833966 0.576792 9.9964E-05 0.177913 9.9964E-05
0.0181252 0.0298302 0.0539181 0.0119545 0.076834 0.55512 9.9982E-05 0.254018 9.9982E-05
9.9973E-05 0.0214292 0.0148761 9.9973E-05 0.0954229 0.410117 9.9973E-05 0.320273 0.137581
9.9973E-05 0.0151812 9.9973E-05 0.0601926 0.145677 0.700893 0.0213338 9.9973E-05 0.0564218
9.9997E-05 0.0197369 0.0276871 0.122623 0.110885 0.585301 0.0226187 0.00602339 0.105024
0.022505 0.0178742 9.9973E-05 9.9973E-05 9.9973E-05 0.464893 0.0741616 0.374524 0.0457418
9.9982E-05 9.9982E-05 0.0928197 0.0371032 0.114642 0.576942 0.0478867 0.0943015 0.0361046
0.00658289 0.0180652 0.0333443 9.9991E-05 0.0446243 0.555826 0.0681476 0.216325 0.0569848
0.0785827 9.9991E-05 0.095757 0.069656 0.022001 0.290554 0.000387715 0.259337 0.183625
9.9973E-05 0.0377594 9.9973E-05 0.0313527 0.142446 0.54374 0.107326 0.137076 9.9973E-05
0.0254427 9.9982E-05 0.0561422 9.9982E-05 0.0270408 0.613706 0.0291427 0.14217 0.106156
9.9973E-05 0.108053 9.9973E-05 9.9973E-05 0.14455 0.109003 0.0961716 0.458167 0.083756
9.9982E-05 0.0791124 0.173121 0.0376908 9.9982E-05 0.0310147 0.0537349 0.42742 0.197706
0.0395033 0.02341 0.117587 0.0280229 0.100517 0.511606 0.0573449 0.121909 9.9991E-05
9.9982E-05 0.145583 0.0901207 9.9982E-05 0.181594 0.0528999 0.0442131 0.156925 0.328464
9.9973E-05 0.0443693 9.9973E-05 0.0632118 0.0734218 0.130326 9.9973E-05 0.588889 0.099482
9.9973E-05 0.120351 9.9973E-05 0.00968985 0.0557875 0.334298 9.9973E-05 0.431241 0.0483329
0.0208677 0.0763288 9.9982E-05 0.0321847 0.10521 0.249024 9.9982E-05 0.505154 0.0110312
9.9973E-05 0.000188857 9.9973E-05 0.0507346 0.109047 0.16384 9.9973E-05 0.533717 0.142173
0.00527337 0.0418652 0.0759689 9.9991E-05 0.0176174 0.615115 0.0841598 0.157705 0.00219467
9.9991E-05 0.0889687 0.0394499 0.158882 0.0746441 0.512125 0.0578775 0.0630137 0.00493955
0.0582929 0.0616931 0.0147205 0.0435432 0.0268679 0.283661 0.0661587 0.399106 0.0459564
9.9982E-05 0.0436161 0.258141 9.9982E-05 0.115715 0.115407 0.0535661 0.332429 0.0809252
9.9973E-05 0.109439 0.0910316 0.137065 0.0809277 0.580746 9.9973E-05 0.000491236 9.9973E-05
9.9973E-05 9.9973E-05 0.256541 0.0483047 9.9973E-05 0.47927 0.0347451 0.0842056 0.0966342
0.0297777 0.149169 0.399808 0.0738221 0.0945604 9.9982E-05 9.9982E-05 0.0884278 0.164235
0.00232534 0.0862616 0.0750135 0.129141 9.9982E-05 0.605701 0.042653 9.9982E-05 0.0587049
0.00142234 0.172235 0.174327 0.136811 0.0612401 0.344478 9.9982E-05 9.9982E-05 0.109286
0.0150737 9.9982E-05 0.147477 0.09383 0.0138004 0.481641 0.0464007 0.201578 9.9982E-05
0.0113878 0.0784296 0.427609 0.0512052 0.0387831 0.254952 9.9991E-05 0.12866 0.00887315
9.9982E-05 0.0933753 0.412001 0.0140153 0.0858522 0.196599 9.9982E-05 0.098449 0.0995073
0.00388164 0.133841 0.100371 0.0140265 0.0947675 0.40984 9.9991E-05 0.0674858 0.175686
0.0666601 9.9982E-05 0.0833022 0.0591021 0.000788384 0.599497 9.9982E-05 0.174546 0.0159049
0.0113361 0.166037 0.0976509 0.147078 0.0234582 0.414507 0.0352701 0.0706654 0.0339984
0.0128163 0.125966 0.34004 9.9973E-05 9.9973E-05 9.9973E-05 0.134644 0.238738 0.147496
0.00153383 0.131078 0.025736 0.0875172 0.038171 0.449378 0.06038 0.0342223 0.171983
9.9973E-05 0.0962011 0.289889 9.9973E-05 0.0203917 0.356496 9.9973E-05 0.154357 0.0823656
9.9973E-05 0.13674 0.0681421 9.9973E-05 0.0434851 0.480871 9.9973E-05 0.066976 0.203486
0.0320172 0.162459 0.0381159 0.0847847 0.0688693 0.536815 0.0767385 9.9982E-05 9.9982E-05
0.0631108 9.9982E-05 0.279544 0.192024 0.00319056 0.121242 0.265356 0.0753321 9.9982E-05
0.0298544 9.9955E-05 0.407456 0.447687 9.9955E-05 9.9955E-05 0.114503 9.9955E-05 9.9955E-05
0.0404535 9.9955E-05 0.455815 0.328093 9.9955E-05 9.9955E-05 0.175138 9.9955E-05 9.9955E-05
0.0358593 9.9973E-05 0.237772 0.300873 0.0397178 0.0202278 0.365251 9.9973E-05 9.9973E-05
0.0268888 0.128997 0.204442 9.9973E-05 0.0403295 0.588705 9.9973E-05 0.0103372 9.9973E-05
0.00169982 0.103825 0.0674036 0.0526264 0.0595161 0.62755 0.0308667 0.0121389 0.0443734
9.9946E-05 9.9946E-05 9.9946E-05 9.9946E-05 9.9946E-05 0.222318 0.711893 0.0651897 9.9946E-05
9.9973E-05 0.103645 9.9973E-05 0.0075873 9.9973E-05 0.128543 0.494671 0.231712 0.0335416
0.0226535 0.0455172 0.00577667 0.165513 9.9982E-05 0.301411 0.410042 9.9982E-05 0.0488865
0.0287744 0.0918679 0.272561 9.9982E-05 0.021301 0.306018 9.9982E-05 0.0339504 0.245328
0.0622901 0.0623897 0.0818605 0.00782466 0.0574991 0.46302 0.071615 9.9991E-05 0.193401
9.9973E-05 0.154194 0.431793 9.9973E-05 0.0263603 0.185391 9.9973E-05 0.0641165 0.137847
9.9982E-05 0.0878841 0.19046 0.0234739 0.015456 0.600438 9.9982E-05 0.0627728 0.0193153
0.0306618 9.9982E-05 0.191907 0.0329722 9.9982E-05 0.455313 0.0252878 0.111237 0.152422
9.9973E-05 9.9973E-05 0.232866 9.9973E-05 0.0259183 0.641054 0.0140202 0.0475735 0.0382678
9.9964E-05 0.113535 0.417163 9.9964E-05 9.9964E-05 0.163895 9.9964E-05 0.10522 0.199788
0.015157 0.0968399 0.16001 9.9964E-05 9.9964E-05 0.705023 9.9964E-05 0.0225703 9.9964E-05
0.0583967 0.0136414 0.0979982 0.0129996 9.9991E-05 0.532105 0.0657885 0.0586846 0.160286
9.9937E-05 9.9937E-05 9.9937E-05 9.9937E-05 9.9937E-05 0.0574006 0.9419 9.9937E-05 9.9937E-05
9.9946E-05 9.9946E-05 9.9946E-05 9.9946E-05 9.9946E-05 0.063756 0.904505 0.0311398 9.9946E-05
0.0291084 9.9982E-05 9.9982E-05 0.0199944 0.0175118 0.206864 0.588176 0.13764 0.000505813
0.0398344 9.9964E-05 9.9964E-05 9.9964E-05 0.033399 0.246122 0.625845 9.9964E-05 0.0543995
9.9964E-05 0.0168004 9.9964E-05 0.00771511 0.0241738 0.18215 0.768761 9.9964E-05 9.9964E-05
9.993E-05 9.993E-05 9.993E-05 9.993E-05 9.993E-05 9.993E-05 0.999201 9.993E-05 9.993E-05
9.9946E-05 9.9946E-05 9.9946E-05 9.9946E-05 0.0314218 9.9946E-05 0.94788 9.9946E-05 0.0200982
9.9946E-05 9.9946E-05 9.9946E-05 9.9946E-05 9.9946E-05 0.123926 0.865098 9.9946E-05 0.0103766
0.00791174 9.9955E-05 9.9955E-05 9.9955E-05 0.0027449 9.9955E-05 0.967716 0.0211272 9.9955E-05
9.99464E-05 9.99464E-05 0.00886195 0.00560981 9.99464E-05 9.99464E-05 0.984929 9.99464E-05 9.99464E-05
0.0279275 9.9937E-05 9.9937E-05 9.9937E-05 9.9937E-05 9.9937E-05 0.971373 9.9937E-05 9.9937E-05
0.0444691 9.9973E-05 9.9973E-05 0.0557527 0.0118862 0.176774 0.69771 9.9973E-05 0.0131081
9.9973E-05 0.0125742 0.00101127 0.0749793 9.9973E-05 0.0916164 0.781903 0.0376155 9.9973E-05
0.0275718 0.00508685 9.9946E-05 9.9946E-05 9.9946E-05 9.9946E-05 0.966742 9.9946E-05 9.9946E-05
0.0157439 0.039413 0.0695803 9.9991E-05 0.0141671 0.342032 0.351595 0.147423 0.0199465
0.040855 9.9964E-05 9.9964E-05 0.0612753 0.0851838 0.212256 0.600029 9.9964E-05 9.9964E-05
0.00316731 9.9973E-05 9.9973E-05 0.029467 0.0441648 0.160269 0.762098 0.00053352 9.9973E-05
0.0195651 9.9964E-05 9.9964E-05 0.00971546 0.014203 0.0907043 0.865412 9.9964E-05 9.9964E-05
9.9937E-05 9.9937E-05 9.9937E-05 9.9937E-05 9.9937E-05 0.0229353 0.976365 9.9937E-05 9.9937E-05
0.0406842 9.9964E-05 9.9964E-05 0.0211519 0.00111322 0.113106 0.823545 9.9964E-05 9.9964E-05
9.993E-05 9.993E-05 9.993E-05 9.993E-05 9.993E-05 9.993E-05 0.999201 9.993E-05 9.993E-05
9.9973E-05 9.9973E-05 0.00333721 0.108456 0.0140017 0.256119 0.559234 0.0585519 9.9973E-05
0.00137454 0.00349492 9.9973E-05 0.0175039 9.9973E-05 0.0585813 0.873592 0.0451535 9.9973E-05
9.9955E-05 9.9955E-05 0.567886 0.302877 9.9955E-05 9.9955E-05 0.0493652 0.0793713 9.9955E-05
0.014654 0.00334403 0.246568 0.139209 0.0334195 0.464755 0.00278664 0.0951644 9.9991E-05
0.0414639 9.9964E-05 0.241412 0.133269 0.0993384 0.484116 9.9964E-05 9.9964E-05 9.9964E-05
0.100931 0.00349546 0.433029 0.058737 0.0589232 0.192846 0.0950549 9.9991E-05 0.0568845
0.0269516 0.0730104 0.238378 0.0456538 0.0190941 0.334964 0.187642 0.0742067 9.9991E-05
0.066396 9.9982E-05 0.405914 0.170598 9.9982E-05 0.265533 0.0402311 0.00788452 0.0432434
0.0339779 0.0301485 0.105812 0.138144 0.00604078 0.415648 0.144803 0.0278766 0.0975501
9.9982E-05 0.0537644 0.278092 0.145435 0.00584375 0.354396 0.16115 9.9982E-05 0.00111902
0.102297 9.9982E-05 0.20047 0.0489776 9.9982E-05 0.383969 0.138066 0.078277 0.0477431
0.0825714 9.9955E-05 0.402438 9.9955E-05 9.9955E-05 0.350908 0.163584 9.9955E-05 9.9955E-05
0.0796417 0.0710444 0.236105 0.126152 0.0189317 0.344408 0.114927 9.9991E-05 0.00869102
9.9964E-05 9.9964E-05 0.0402727 0.792307 0.101675 0.0385738 9.9964E-05 9.9964E-05 0.0267723
0.0586775 9.9955E-05 9.9955E-05 0.868398 9.9955E-05 9.9955E-05 0.0436901 9.9955E-05 0.0287349
0.0756791 0.0134649 9.9964E-05 0.876181 0.0203172 9.9964E-05 9.9964E-05 0.0139584 9.9964E-05
0.0612212 9.9955E-05 9.9955E-05 0.87509 0.0241713 0.0390174 9.9955E-05 9.9955E-05 9.9955E-05
0.133566 9.9973E-05 0.0242798 0.784159 0.00195687 0.00543174 9.9973E-05 0.0503072 9.9973E-05
0.0737745 9.9955E-05 9.9955E-05 0.829828 9.9955E-05 9.9955E-05 0.0779351 0.0179627 9.9955E-05
0.0813534 0.0210996 9.9973E-05 0.82131 0.00874146 9.9973E-05 0.0525406 0.0146548 9.9973E-05
0.0465896 9.9964E-05 0.101502 0.841347 9.9964E-05 9.9964E-05 0.00349822 0.00666331 9.9964E-05
0.0542731 0.00757416 9.9964E-05 0.887558 9.9964E-05 0.0320121 9.9964E-05 9.9964E-05 0.0181825
0.030645 9.9964E-05 9.9964E-05 0.847785 0.00287211 9.9964E-05 0.0728849 0.0454132 9.9964E-05
0.0723486 0.0692519 9.9973E-05 0.561524 0.132841 9.9973E-05 9.9973E-05 0.110298 0.0534374
0.0459377 9.9964E-05 0.000122513 0.550358 0.218323 9.9964E-05 9.9964E-05 0.184859 9.9964E-05
0.0516858 9.9973E-05 0.138768 0.483138 0.0920625 9.9973E-05 9.9973E-05 0.218812 0.015234
9.9955E-05 9.9955E-05 9.9955E-05 0.512092 0.112119 9.9955E-05 9.9955E-05 0.252332 0.122958
0.0264245 0.229759 0.0078281 9.9982E-05 0.0621618 0.471925 9.9982E-05 0.171404 0.0302976
9.9973E-05 0.279872 9.9973E-05 0.0909294 0.0512514 0.495197 9.9973E-05 0.0241908 0.0582589
9.9991E-05 0.12589 0.0144274 0.00745567 0.0809936 0.522814 0.00871887 0.195067 0.0445334
9.9973E-05 0.147122 9.9973E-05 0.0361593 0.0991265 0.380331 9.9973E-05 0.264866 0.0720954
9.9964E-05 0.106014 9.9964E-05 9.9964E-05 0.291193 0.126046 9.9964E-05 0.472918 0.00342918
9.9982E-05 0.141243 9.9982E-05 0.0850565 0.0394226 0.597294 0.0370939 0.0133836 0.0863064
9.9964E-05 0.291798 9.9964E-05 9.9964E-05 9.9964E-05 0.530564 0.0149957 0.109839 0.0524024
9.9973E-05 0.286458 0.0968398 9.9973E-05 0.00031268 0.468342 9.9973E-05 0.0927898 0.0549575
9.9955E-05 0.516997 9.9955E-05 9.9955E-05 9.9955E-05 0.35197 0.0782899 9.9955E-05 0.0522435
9.9982E-05 0.155429 0.0247136 0.020852 0.129271 0.591247 0.0621165 9.9982E-05 0.0161704
9.9964E-05 0.339338 9.9964E-05 9.9964E-05 0.100747 0.398162 9.9964E-05 0.105709 0.0556445
9.9955E-05 0.756422 0.016231 9.9955E-05 0.0647955 9.9955E-05 9.9955E-05 9.9955E-05 0.162051
0.0181873 0.0817473 9.9991E-05 0.021583 0.0454714 0.478545 0.0714228 0.239393 0.0435503
9.9982E-05 0.505748 0.107861 9.9982E-05 0.0192947 0.285748 0.0128229 0.000976663 0.0673487
0.0208152 0.373077 0.0394846 0.00218527 9.9982E-05 0.540371 0.003025 9.9982E-05 0.0208424
9.9964E-05 0.698556 9.9964E-05 0.03602 0.0680213 0.0864855 9.9964E-05 0.110518 9.9964E-05
9.9955E-05 0.0185048 0.0716979 0.054747 0.854551 9.9955E-05 9.9955E-05 9.9955E-05 9.9955E-05
9.9955E-05 9.9955E-05 0.04217 0.00633539 0.852859 0.0981356 9.9955E-05 9.9955E-05 9.9955E-05
9.9946E-05 9.9946E-05 9.9946E-05 9.9946E-05 0.928308 0.0303805 9.9946E-05 9.9946E-05 0.0407122
9.9955E-05 0.0462511 9.9955E-05 0.0948665 0.831299 9.9955E-05 9.9955E-05 9.9955E-05 0.0270834
9.9955E-05 9.9955E-05 0.0494526 9.9955E-05 0.831316 0.048983 9.9955E-05 9.9955E-05 0.069749
9.9955E-05 9.9955E-05 9.9955E-05 9.9955E-05 0.83679 0.0435661 0.0705964 9.9955E-05 0.0485476
0.112005 9.9955E-05 9.9955E-05 0.790875 9.9955E-05 0.0805398 0.0160808 9.9955E-05 9.9955E-05
0.0334569 9.9964E-05 9.9964E-05 0.78876 0.0382343 0.10774 0.0314088 9.9964E-05 9.9964E-05
0.0571111 9.9955E-05 9.9955E-05 0.708197 9.9955E-05 0.155011 0.0791807 9.9955E-05 9.9955E-05
0.0463064 9.9973E-05 0.00048271 0.717586 9.9973E-05 0.00296076 0.12546 0.106903 9.9973E-05
0.012943 9.9973E-05 0.023176 0.7987 9.9973E-05 0.0733414 0.0422916 0.0492484 9.9973E-05
0.0435539 9.9964E-05 0.0932288 0.307208 0.493461 9.9964E-05 9.9964E-05 0.0621477 9.9964E-05
0.0405207 0.0538879 0.0882289 0.386352 0.406078 9.9973E-05 9.9973E-05 9.9973E-05 0.0246325
0.0709058 0.0564423 9.9973E-05 0.344786 0.467772 9.9973E-05 9.9973E-05 0.00580537 0.0539887
0.999201 9.993E-05 9.993E-05 9.993E-05 9.993E-05 9.993E-05 9.993E-05 9.993E-05 9.993E-05
0.0574317 0.109164 0.0400725 0.300901 0.49203 9.9964E-05 9.9964E-05 9.9964E-05 9.9964E-05
9.9973E-05 0.00418543 0.159467 0.203829 9.9973E-05 0.208412 0.39063 9.9973E-05 0.0331768
0.109344 9.9991E-05 0.00135792 0.0172541 0.113752 0.490106 0.233702 0.0263835 0.00800118
0.0188956 9.9955E-05 9.9955E-05 0.231563 9.9955E-05 0.512566 0.236475 9.9955E-05 9.9955E-05
9.9973E-05 0.0224039 0.0789768 0.305569 0.0334377 0.349177 0.210136 9.9973E-05 9.9973E-05
0.0255126 0.0294905 0.0154955 0.139046 9.9991E-05 0.533277 0.183497 0.0582223 0.0153594
9.9964E-05 9.9964E-05 0.255961 0.426869 9.9964E-05 0.0319469 0.27717 9.9964E-05 0.00765349
9.9973E-05 0.00650295 0.0233827 9.9973E-05 0.200915 0.379169 9.9973E-05 0.285451 0.104279
9.9982E-05 0.101368 0.119317 0.0345468 0.0202135 0.327865 9.9982E-05 0.178628 0.217862
0.0220421 9.9964E-05 9.9964E-05 0.0694057 0.0484443 0.19337 9.9964E-05 0.666338 9.9964E-05
0.0138747 0.0925718 0.00700943 0.0122673 0.0983344 0.386655 9.9991E-05 0.102718 0.28647
9.9964E-05 0.265466 0.284488 9.9964E-05 0.0834531 9.9964E-05 9.9964E-05 0.0566175 0.309575
0.0426159 0.0581658 0.0628698 0.0149444 0.076067 0.414125 0.0769377 0.153344 0.100931
0.0443607 0.00730579 0.0411222 9.9982E-05 0.0656389 0.454949 9.9982E-05 0.208981 0.177443
0.0353413 0.0914562 9.9982E-05 0.0202745 0.120825 0.219462 9.9982E-05 0.490723 0.0217186
9.9991E-05 0.0135581 0.103116 0.039668 0.0330955 0.421475 0.148404 0.114868 0.125716
9.9964E-05 0.0647459 0.247601 9.9964E-05 9.9964E-05 0.02339 9.9964E-05 0.474771 0.189093
9.9964E-05 9.9964E-05 0.177225 9.9964E-05 0.157682 0.461573 0.019419 9.9964E-05 0.183702
9.9964E-05 0.0902841 9.9964E-05 9.9964E-05 0.111923 0.456707 0.0753337 0.265353 9.9964E-05
9.9982E-05 0.105086 0.085896 0.105065 0.0527267 0.361805 0.183879 0.105342 9.9982E-05
9.9973E-05 0.0402531 0.0699917 9.9973E-05 0.0441603 0.287219 9.9973E-05 0.355387 0.202689
0.0139988 0.0813559 0.00659162 9.9991E-05 0.168795 0.362705 0.0114318 0.225085 0.129936
9.9982E-05 0.0177927 0.0221395 9.9982E-05 0.0933449 0.365575 0.113581 0.144396 0.24297
9.9973E-05 0.125381 9.9973E-05 0.0671323 0.0946319 0.469393 9.9973E-05 0.117085 0.126077
0.028534 9.9973E-05 9.9973E-05 0.045635 0.0398633 0.667239 9.9973E-05 0.0303382 0.18809
0.0667202 0.078065 0.0288363 0.0383623 0.0605765 0.468713 0.0886137 0.108825 0.0612875
0.0839911 0.107637 0.00788812 9.9973E-05 0.156334 0.532745 9.9973E-05 0.111105 9.9973E-05
9.9946E-05 9.9946E-05 9.9946E-05 0.788328 9.9946E-05 0.106239 0.104834 9.9946E-05 9.9946E-05
0.0239229 0.0133763 9.9973E-05 0.837407 9.9973E-05 0.0780776 0.0372707 9.9973E-05 0.00964528
9.9982E-05 0.0205408 0.0848164 0.801416 0.016477 0.0595648 0.000163657 9.9982E-05 0.0168211
0.00783645 0.0947413 9.9973E-05 0.785052 0.0370955 0.00572749 0.0692475 9.9973E-05 9.9973E-05
0.0916298 9.9946E-05 9.9946E-05 0.765326 9.9946E-05 0.142445 9.9946E-05 9.9946E-05 9.9946E-05
9.9973E-05 9.9973E-05 0.00924358 0.00873006 0.151233 0.0268909 0.0167682 0.786834 9.9973E-05
0.0327669 9.9991E-05 0.0445198 0.0140759 0.0939288 0.490232 0.046396 0.194688 0.0832928
0.0728276 9.9982E-05 0.126498 0.122702 0.0360311 0.466012 0.0906185 9.9982E-05 0.0851106
0.0367994 9.9973E-05 0.0239792 9.9973E-05 0.0366517 0.609531 0.0874393 0.205299 9.9973E-05
9.9991E-05 0.0947492 0.033843 0.0312051 0.0730656 0.472411 0.0198443 0.241568 0.0332136
9.9973E-05 9.9973E-05 0.133891 9.9973E-05 0.169258 0.181539 0.0458458 0.386871 0.0822962
0.0589745 0.107219 0.120427 0.0677857 0.184508 9.9973E-05 9.9973E-05 0.460787 9.9973E-05
0.044145 0.0711044 9.9964E-05 9.9964E-05 0.210848 0.50529 9.9964E-05 0.168214 9.9964E-05
9.9973E-05 0.00527392 9.9973E-05 0.0414634 0.226288 9.9973E-05 0.0790754 0.430089 0.21751
0.00187897 0.0844988 0.0916881 0.0417484 0.0735671 0.374958 0.0582184 0.0764685 0.196974
9.9964E-05 9.9964E-05 9.9964E-05 0.159502 0.0970018 0.0141489 9.9964E-05 0.624587 0.10436
0.00330531 9.9982E-05 0.0222965 0.105773 0.0472668 0.491609 0.0219322 0.307617 9.9982E-05
0.0496727 0.0187849 9.9982E-05 0.0592104 0.0983093 0.0972677 9.9982E-05 0.561075 0.11548
0.0530401 0.0377595 0.113519 9.9991E-05 0.0751994 0.274984 0.00728528 0.326802 0.111311
9.9991E-05 0.00873102 0.096805 0.0500802 0.116843 0.425365 0.0122569 0.130216 0.159603
9.9964E-05 9.9964E-05 0.313555 9.9964E-05 0.126588 0.283244 9.9964E-05 0.141198 0.135015
9.9973E-05 0.0404197 0.192202 0.0466698 0.012024 0.52286 9.9973E-05 0.185525 9.9973E-05
9.9973E-05 0.161767 0.147679 0.127437 0.0260267 0.53028 9.9973E-05 0.00651071 9.9973E-05
9.9973E-05 0.040158 0.38344 9.9973E-05 0.0771727 0.363265 9.9973E-05 0.0613799 0.0742838
9.9991E-05 0.0536947 0.173114 0.0815122 0.0719265 0.463812 0.0853174 0.0199866 0.0505358
9.9973E-05 0.0129213 0.274895 0.0213291 0.0361423 0.548273 9.9973E-05 9.9973E-05 0.10614
9.9964E-05 0.250286 0.432826 9.9964E-05 0.0999878 0.108144 9.9964E-05 9.9964E-05 0.108356
9.9964E-05 0.1172 0.519305 9.9964E-05 0.0129153 0.298127 9.9964E-05 9.9964E-05 0.0520535
9.9955E-05 9.9955E-05 0.199264 9.9955E-05 0.163501 0.503751 9.9955E-05 9.9955E-05 0.132984
9.9973E-05 0.220344 0.414178 9.9973E-05 0.0666373 0.142036 9.9973E-05 0.104304 0.0522014
9.9964E-05 0.0681151 0.226599 9.9964E-05 0.0968871 0.411778 9.9964E-05 0.19622 9.9964E-05
0.031404 0.113192 9.9973E-05 0.0640764 0.138749 9.9973E-05 0.0261701 0.626108 9.9973E-05
9.9973E-05 0.0369565 9.9973E-05 9.9973E-05 0.119391 0.149486 0.0291228 0.349362 0.315381
9.9982E-05 0.00662708 9.9982E-05 0.0360185 0.139943 0.16405 0.14313 0.501209 0.00882186
0.0249342 0.050458 0.0148692 0.0447205 0.0724193 0.604133 9.9982E-05 0.188266 9.9982E-05
9.9973E-05 0.110716 0.0102184 9.9973E-05 0.160158 0.0991338 0.016908 0.602565 9.9973E-05
0.0427733 9.9991E-05 0.140754 0.0354859 0.0472693 0.457964 0.0543 0.111299 0.110055
0.0662868 0.0230704 9.9973E-05 9.9973E-05 0.105919 0.618215 0.00581344 0.180395 9.9973E-05
0.0117323 0.0482121 9.9982E-05 0.0605387 9.9982E-05 0.477259 0.0199725 0.359968 0.0221178
0.0327304 9.9973E-05 9.9973E-05 9.9973E-05 0.125289 0.454738 0.0677789 0.237891 0.0812722
9.9973E-05 0.0651981 9.9973E-05 0.000364157 0.18488 0.432592 0.0261437 0.290523 9.9973E-05
9.9964E-05 0.0788809 9.9964E-05 9.9964E-05 0.145869 0.0655085 0.0923456 0.616996 9.9964E-05
9.9982E-05 0.0749152 0.0127006 9.9982E-05 0.239814 0.234853 0.0973373 0.320994 0.0191873
9.9982E-05 0.0652935 9.9982E-05 0.00640162 0.0388291 0.508868 0.0512956 0.262464 0.0666479
9.9973E-05 9.9973E-05 9.9973E-05 0.101877 0.0439291 0.527959 0.0396559 0.227811 0.0584676
0.0445427 0.108039 0.0989172 0.0203862 0.107034 0.369241 9.9991E-05 0.167585 0.0841549
9.9964E-05 9.9964E-05 9.9964E-05 9.9964E-05 0.0454435 0.439054 0.122408 0.228392 0.164302
0.032397 9.9991E-05 0.0991873 0.0176838 0.132811 0.26158 0.0281079 0.414006 0.0141265
0.00133229 0.00602799 9.9991E-05 0.0283395 0.0783361 0.590904 0.0241029 0.192519 0.078338
0.0438828 0.0113873 9.9991E-05 0.0508029 0.0588935 0.368121 0.0812815 0.293702 0.0918288
0.0434233 9.9982E-05 9.9982E-05 0.119475 0.0158946 0.358819 0.102552 0.164804 0.194832
0.0352194 0.0311511 0.0082838 0.35882 9.9982E-05 0.33264 0.0882099 0.145476 9.9982E-05
0.0466766 0.0826958 0.133716 0.0829807 9.9982E-05 0.391786 0.220384 0.0415603 9.9982E-05
0.145223 0.0588248 0.0249473 0.0673751 9.9991E-05 0.383635 0.126757 0.164149 0.0289877
0.00702574 9.9991E-05 0.0291378 0.0243046 0.0504871 0.60197 0.0888197 0.0965545 0.101601
0.0533259 0.0225562 9.9982E-05 0.143573 9.9982E-05 0.386818 0.193876 0.174668 0.024983
0.00525905 0.0212114 0.0509159 9.9991E-05 0.0997209 0.400851 0.027914 0.238732 0.155296
0.0691007 0.0324007 0.0659649 0.187739 0.0559333 0.550915 9.9982E-05 9.9982E-05 0.0377464
9.9982E-05 0.0808135 0.439669 0.21181 9.9982E-05 0.0520004 0.122725 0.0919043 0.00087757
0.0300963 9.9982E-05 0.0419165 0.0653605 9.9982E-05 0.411536 0.224231 0.137136 0.0895227
0.0489853 9.9991E-05 0.0262273 0.0316315 0.0643205 0.472741 0.218855 0.047578 0.0895614
0.00700811 9.9973E-05 9.9973E-05 0.0980333 9.9973E-05 0.452112 0.163431 0.168733 0.110383
0.0592466 0.0339559 0.229244 0.118119 0.0600992 0.217131 0.111636 0.151164 0.0194047
9.9973E-05 0.0400933 0.0662381 0.187344 9.9973E-05 0.529561 0.112922 9.9973E-05 0.0635422
0.0563472 9.9973E-05 0.0271317 0.157825 9.9973E-05 0.528529 0.186835 9.9973E-05 0.0430324
0.0660077 0.041595 0.312662 0.42007 9.9973E-05 9.9973E-05 0.156945 9.9973E-05 0.00241977
0.152122 0.0582886 0.000223675 0.0228736 9.9991E-05 0.486338 0.161947 0.116235 0.0018714
9.9973E-05 0.0313121 0.0456327 0.149067 0.043466 0.618849 0.111373 9.9973E-05 9.9973E-05
9.9982E-05 0.144324 9.9982E-05 0.140412 0.00909239 0.466044 0.189593 0.0312333 0.0191017
0.0182382 9.9973E-05 0.0933351 0.170435 9.9973E-05 0.528313 0.156142 0.033237 9.9973E-05
0.0677634 0.0229937 0.0400666 0.127469 0.0374891 0.448781 0.135582 0.0118559 0.107999
0.0383365 9.9973E-05 9.9973E-05 9.9973E-05 0.0193659 0.428235 0.0507645 0.0409714 0.422027
0.0267507 9.9991E-05 0.0707197 0.0914717 0.0527897 0.543046 0.00575065 0.00434379 0.205027
9.9946E-05 0.0306645 9.9946E-05 9.9946E-05 9.9946E-05 9.9946E-05 9.9946E-05 0.191561 0.777175
9.9946E-05 9.9946E-05 0.0119265 9.9946E-05 0.059082 9.9946E-05 9.9946E-05 9.9946E-05 0.928392
0.0508637 0.0455631 9.9973E-05 9.9973E-05 9.9973E-05 0.299111 0.0987556 0.0902448 0.415161
9.9973E-05 9.9973E-05 0.0932231 0.0631018 9.9973E-05 0.384758 0.299138 0.0103433 0.149136
9.9973E-05 0.0247392 0.105325 0.0788746 9.9973E-05 0.230641 0.38174 9.9973E-05 0.178381
0.0183656 9.9982E-05 0.136761 0.192679 9.9982E-05 0.124558 0.289473 0.080042 0.157922
0.030496 9.9982E-05 0.0399435 0.134253 9.9982E-05 0.279383 0.28971 0.0679029 0.158111
0.0086807 9.9964E-05 0.203969 0.063459 9.9964E-05 9.9964E-05 0.10725 9.9964E-05 0.616241
0.0546591 9.9973E-05 0.100814 0.0178699 9.9973E-05 0.0681177 0.155567 9.9973E-05 0.602672
0.0118899 0.0174296 9.9964E-05 9.9964E-05 9.9964E-05 0.425792 0.164109 9.9964E-05 0.38038
9.9955E-05 9.9955E-05 9.9955E-05 0.044624 9.9955E-05 0.354395 0.120603 9.9955E-05 0.479878
0.0456356 9.9964E-05 9.9964E-05 0.0364153 9.9964E-05 0.141035 0.0930259 9.9964E-05 0.683488
0.0371887 0.00974771 9.9991E-05 0.0310014 0.0494378 0.353281 0.154617 0.0535316 0.311095
9.9964E-05 9.9964E-05 0.00485317 9.9964E-05 0.03189 0.493634 0.10355 9.9964E-05 0.365673
0.0330431 9.9991E-05 0.0629365 0.0393121 0.0316417 0.502312 0.0706676 0.0454983 0.214488
0.0141624 9.9964E-05 9.9964E-05 9.9964E-05 0.026132 0.30808 9.9964E-05 0.100819 0.550407
0.0301122 0.0317449 9.9973E-05 9.9973E-05 9.9973E-05 0.257721 0.037916 0.146542 0.495664
0.0215987 0.166461 0.0244912 0.00390624 0.0679454 0.551747 9.9982E-05 9.9982E-05 0.16365
0.0374045 9.9973E-05 9.9973E-05 0.0284136 0.140269 0.317637 0.0441418 9.9973E-05 0.431834
0.0419941 0.0956886 0.0176724 0.104259 0.0115641 0.363206 0.0977689 0.0821489 0.185699
9.9964E-05 0.105211 0.0465974 9.9964E-05 9.9964E-05 0.390963 9.9964E-05 0.0418461 0.414983
9.9964E-05 9.9964E-05 0.0418522 0.000726241 0.0935635 0.128586 9.9964E-05 9.9964E-05 0.734873
9.9946E-05 9.9946E-05 9.9946E-05 0.0435646 9.9946E-05 0.556356 9.9946E-05 9.9946E-05 0.39948
0.0377569 0.0901578 0.0906708 0.116891 9.9982E-05 0.292439 0.133782 9.9982E-05 0.238103
9.9964E-05 0.00765419 9.9964E-05 9.9964E-05 0.0235456 0.197574 9.9964E-05 0.0680715 0.702755
0.0118034 9.9964E-05 0.00957787 9.9964E-05 9.9964E-05 0.346601 9.9964E-05 0.033915 0.597703
0.0808448 0.0951891 9.9973E-05 9.9973E-05 0.0222612 0.526 0.0127706 9.9973E-05 0.262635
0.00138329 0.0681795 9.9973E-05 0.045649 0.0662435 0.474515 9.9973E-05 9.9973E-05 0.343729
9.9955E-05 9.9955E-05 9.9955E-05 0.24137 9.9955E-05 0.499589 0.112941 9.9955E-05 0.1456
0.0463267 9.9991E-05 0.0175671 0.0992161 0.0208345 0.413301 0.137698 0.0825632 0.182393
9.9991E-05 0.0142307 0.10781 0.103922 0.079044 0.323816 0.250336 0.00706998 0.11367
0.0552665 0.00654548 0.120511 0.135754 0.119809 0.252216 0.22387 9.9991E-05 0.0859281
9.9973E-05 0.0637283 0.051455 0.20966 9.9973E-05 0.440015 0.121599 9.9973E-05 0.113243
0.066337 9.9973E-05 0.102411 0.0824294 9.9973E-05 0.372711 0.164051 9.9973E-05 0.211761
0.0326098 9.9973E-05 0.104884 0.144048 0.0328186 9.9973E-05 0.10131 9.9973E-05 0.584031
0.0279454 9.9973E-05 9.9973E-05 0.0551937 0.0744564 0.533417 0.198631 9.9973E-05 0.110057
9.9955E-05 9.9955E-05 0.127732 0.39253 9.9955E-05 9.9955E-05 0.0921469 9.9955E-05 0.387091
9.9964E-05 9.9964E-05 9.9964E-05 0.0334057 9.9964E-05 0.476016 0.199902 0.0201367 0.27014
9.9955E-05 0.0925293 0.0172406 9.9955E-05 9.9955E-05 0.0655899 9.9955E-05 9.9955E-05 0.82414
0.0213445 0.0973093 0.0273915 9.9964E-05 9.9964E-05 9.9964E-05 9.9964E-05 0.0222772 0.831278
0.0203535 0.0141411 0.000644556 9.9973E-05 9.9973E-05 0.412336 9.9973E-05 0.0649446 0.48728
0.0319924 9.9955E-05 9.9955E-05 0.0425826 9.9955E-05 0.563486 9.9955E-05 9.9955E-05 0.361439
9.9946E-05 9.9946E-05 9.9946E-05 9.9946E-05 9.9946E-05 0.336895 9.9946E-05 0.0252881 0.637217
0.0213813 9.9964E-05 9.9964E-05 0.000244911 9.9964E-05 0.451423 0.00237884 9.9964E-05 0.524172
9.9955E-05 0.0516462 9.9955E-05 9.9955E-05 9.9955E-05 0.429625 9.9955E-05 0.0377046 0.480525
0.0673745 0.0136367 9.9982E-05 0.740447 0.00950928 0.0508518 0.0597676 9.9982E-05 0.0582132
0.0579197 9.9973E-05 9.9973E-05 0.640129 0.124682 0.00344741 0.110434 9.9973E-05 0.0630875
0.0367379 9.9964E-05 9.9964E-05 0.856372 0.0224387 9.9964E-05 0.0343945 0.049657 9.9964E-05
0.177735 9.9955E-05 9.9955E-05 0.787868 9.9955E-05 0.0210159 9.9955E-05 9.9955E-05 0.0128808
0.0587872 0.322737 9.9973E-05 9.9973E-05 0.0438374 0.457279 0.0428155 0.074244 9.9973E-05
0.0155893 0.369514 9.9964E-05 9.9964E-05 9.9964E-05 0.426534 0.0457871 0.142175 9.9964E-05
0.0357783 0.419384 9.9964E-05 9.9964E-05 0.0141481 0.459875 9.9964E-05 0.0704142 9.9964E-05
0.027441 0.17202 9.9973E-05 0.0860733 0.0372966 0.520339 9.9973E-05 0.156531 9.9973E-05
9.9973E-05 0.35538 0.039936 0.046103 0.0896288 0.398175 0.0704772 9.9973E-05 9.9973E-05
9.9973E-05 0.516445 0.0137138 0.0428802 0.0331928 0.165623 9.9973E-05 0.227845 9.9973E-05
9.9955E-05 0.315634 9.9955E-05 9.9955E-05 9.9955E-05 0.602327 9.9955E-05 0.0799082 0.00163079
0.0493273 0.550053 0.0605783 9.9955E-05 9.9955E-05 0.339542 9.9955E-05 9.9955E-05 9.9955E-05
0.0318177 9.9982E-05 0.0308026 0.210927 9.9982E-05 0.383561 0.195266 0.103829 0.0435967
9.9973E-05 0.371542 0.079462 9.9973E-05 0.039518 0.39335 0.0294491 9.9973E-05 0.086379
0.0528436 0.498924 9.9964E-05 9.9964E-05 0.0896452 0.309789 9.9964E-05 0.0483991 9.9964E-05
9.9964E-05 0.319437 9.9964E-05 9.9964E-05 0.0241676 0.554705 9.9964E-05 0.0454981 0.0557925
0.0262397 0.454976 9.9964E-05 9.9964E-05 9.9964E-05 0.365302 9.9964E-05 0.120681 0.0324022
9.9964E-05 0.400312 0.00617175 9.9964E-05 9.9964E-05 0.580884 0.0108312 9.9964E-05 0.0014016
0.0273578 0.245649 9.9982E-05 0.028793 0.0075826 0.431718 0.0844941 9.9982E-05 0.174205
0.0153732 0.85665 9.9955E-05 9.9955E-05 9.9955E-05 0.0233317 9.9955E-05 9.9955E-05 0.104145
9.9973E-05 0.652859 0.0283017 0.0153312 9.9973E-05 0.206534 0.0100663 9.9973E-05 0.086608
0.035662 0.573788 0.0630784 9.9982E-05 0.0323189 0.26507 0.00335875 9.9982E-05 0.0265241
9.9946E-05 0.834805 0.136037 9.9946E-05 9.9946E-05 9.9946E-05 9.9946E-05 9.9946E-05 0.028558
9.9973E-05 0.330404 9.9973E-05 0.028813 0.0466015 0.472395 9.9973E-05 0.058794 0.062692
9.9964E-05 0.593366 0.198021 9.9964E-05 0.01182 0.154079 9.9964E-05 9.9964E-05 0.0423149
9.9946E-05 0.73936 0.254805 9.9946E-05 9.9946E-05 9.9946E-05 9.9946E-05 9.9946E-05 0.00523567
0.0339862 0.336215 0.0155181 0.0158518 9.9982E-05 0.529961 0.041541 9.9982E-05 0.0267269
0.015681 0.65439 0.00454418 0.030319 0.0251065 0.139704 9.9982E-05 0.130055 9.9982E-05
9.9973E-05 0.368939 0.0513724 9.9973E-05 0.0622443 0.354338 0.100936 0.0618702 9.9973E-05
0.0377599 0.163027 9.9982E-05 0.0678927 0.050379 0.487798 0.0953409 9.9982E-05 0.0976021
9.9964E-05 0.34893 0.0149818 0.0176129 9.9964E-05 0.491498 9.9964E-05 0.126578 9.9964E-05
9.9964E-05 9.9964E-05 0.152885 9.9964E-05 0.0982816 0.361904 9.9964E-05 0.192664 0.193866
0.0333931 0.273592 9.9982E-05 0.0189435 0.0746426 0.512529 9.9982E-05 0.0527491 0.0339514
0.0350259 0.318647 9.9973E-05 0.0505076 0.0200674 0.44861 9.9973E-05 0.126842 9.9973E-05
0.00975476 0.635475 0.0220952 9.9973E-05 0.0114436 0.315909 9.9973E-05 9.9973E-05 0.00502335
0.0396104 0.322175 0.0169464 0.0475795 0.077074 0.459417 0.0163408 9.9991E-05 0.0207564
0.0533325 9.9964E-05 0.114128 0.545577 0.19776 9.9964E-05 9.9964E-05 0.0888027 9.9964E-05
0.0798459 0.0322762 0.0651344 0.656175 0.0647146 0.0826146 9.9982E-05 0.0190394 9.9982E-05
0.143681 9.9955E-05 0.0504224 0.677354 0.128043 9.9955E-05 9.9955E-05 9.9955E-05 9.9955E-05
0.0831031 9.9964E-05 0.013329 0.731942 0.142559 9.9964E-05 9.9964E-05 9.9964E-05 0.0286672
0.0462609 9.9964E-05 9.9964E-05 0.693738 0.166324 0.00277054 9.9964E-05 0.090507 9.9964E-05
9.9955E-05 0.610054 9.9955E-05 0.0687922 9.9955E-05 0.0207893 9.9955E-05 0.299865 9.9955E-05
