0.0921188 0.00176291 0.79928 0.0585278 9.9973E-05 0.0155803 9.9973E-05 0.0299656 0.00246471 9.9973E-05
9.9955E-05 0.0264856 0.902807 0.0324233 9.9955E-05 9.9955E-05 0.0315315 9.9955E-05 0.00625234 9.9955E-05
0.0569346 9.9964E-05 0.703955 0.0332339 9.9964E-05 0.0303988 9.9964E-05 0.0375254 9.9964E-05 0.137553
0.0210556 9.9973E-05 0.708953 0.0346544 9.9973E-05 0.0816338 0.00659256 0.0866395 9.9973E-05 0.0601711
9.9955E-05 9.9955E-05 0.817885 9.9955E-05 9.9955E-05 0.084277 0.0289294 0.0487548 9.9955E-05 0.0196542
9.9964E-05 0.0111604 0.594754 0.00904037 0.31651 0.0509038 0.0172311 9.9964E-05 9.9964E-05 9.9964E-05
9.9937E-05 9.9937E-05 0.732583 0.0481335 0.218584 9.9937E-05 9.9937E-05 9.9937E-05 9.9937E-05 9.9937E-05
9.9964E-05 9.9964E-05 0.639527 0.0511471 0.240221 0.00150836 9.9964E-05 0.0441612 0.0230361 9.9964E-05
0.0934161 0.0429711 0.761585 0.0112208 9.99639E-05 9.99639E-05 9.99639E-05 0.0792321 0.011175 9.99639E-05
9.9955E-05 9.9955E-05 0.611008 0.0475141 0.221012 0.0995349 9.9955E-05 0.0204313 9.9955E-05 9.9955E-05
9.9946E-05 9.9946E-05 0.714115 0.00903667 0.229787 9.9946E-05 9.9946E-05 0.0464615 9.9946E-05 9.9946E-05
9.9946E-05 9.9946E-05 9.9946E-05 9.9946E-05 0.0531187 0.0415723 9.9946E-05 9.9946E-05 0.829811 0.0748979
9.9964E-05 9.9964E-05 9.9964E-05 0.033472 0.0348201 0.0197675 9.9964E-05 0.0493624 0.391888 0.47029
0.0970579 9.9973E-05 9.9973E-05 0.0299197 0.0202464 0.040492 0.0640834 9.9973E-05 0.709338 0.0385622
0.00353546 9.9955E-05 9.9955E-05 0.00420897 9.9955E-05 0.148129 9.9955E-05 9.9955E-05 0.719645 0.123982
0.0309744 0.0242115 0.0419186 9.9973E-05 0.0933548 0.195387 9.9973E-05 9.9973E-05 0.446027 0.167827
0.0176678 9.9973E-05 9.9973E-05 0.0392616 0.0208504 0.128459 0.0466888 9.9973E-05 0.341172 0.4056
9.9973E-05 0.0983928 9.9973E-05 0.0466476 0.0485549 0.0259862 0.0185764 9.9973E-05 0.368828 0.392714
0.114788 9.9964E-05 0.0626033 0.0285584 9.9964E-05 0.0566961 9.9964E-05 9.9964E-05 0.557064 0.17989
9.9946E-05 9.9946E-05 0.0925408 0.00847676 0.085904 9.9946E-05 9.9946E-05 9.9946E-05 0.812479 9.9946E-05
0.0498803 0.134237 9.9982E-05 0.0606794 9.9982E-05 0.0330622 0.0234815 0.04048 0.300007 0.357973
0.184418 9.9964E-05 9.9964E-05 0.00843526 0.0714829 0.00287102 9.9964E-05 9.9964E-05 0.341865 0.390528
9.9982E-05 0.0384175 0.0327978 0.00364125 0.0841971 0.0638199 0.026716 9.9982E-05 0.280462 0.469748
9.9964E-05 0.0425297 9.9964E-05 0.0210692 0.0775766 0.130846 9.9964E-05 9.9964E-05 0.645167 0.0824112
9.999E-05 0.145652 0.0925679 0.027606 0.0347573 0.0141793 0.0156201 0.0170166 0.0812992 0.571201
9.9955E-05 9.9955E-05 9.9955E-05 0.0789145 9.9955E-05 0.0993234 0.00646766 9.9955E-05 0.442375 0.372419
9.9946E-05 9.9946E-05 0.0322268 0.0248722 9.9946E-05 0.12405 9.9946E-05 9.9946E-05 0.818251 9.9946E-05
0.0194287 9.9946E-05 9.9946E-05 9.9946E-05 0.021931 0.169815 9.9946E-05 9.9946E-05 0.788226 9.9946E-05
9.9955E-05 9.9955E-05 9.9955E-05 9.9955E-05 0.103748 0.0196915 0.0420732 9.9955E-05 0.77655 0.0574377
9.99201E-05 9.99201E-05 9.99201E-05 0.999101 9.99201E-05 9.99201E-05 9.99201E-05 9.99201E-05 9.99201E-05 9.99201E-05
9.99201E-05 9.99201E-05 9.99201E-05 0.999101 9.99201E-05 9.99201E-05 9.99201E-05 9.99201E-05 9.99201E-05 9.99201E-05
9.9955E-05 9.9955E-05 0.493712 0.335828 0.0659089 0.0272723 9.9955E-05 9.9955E-05 9.9955E-05 0.0767791
0.0545788 9.9964E-05 0.508254 0.249155 9.9964E-05 0.0574219 9.9964E-05 0.00577721 9.9964E-05 0.124413
9.9982E-05 0.16662 0.00519338 0.0145766 0.115243 9.9982E-05 0.0299981 0.0653689 0.147348 0.455453
9.9964E-05 0.3907 0.0506762 0.0220627 9.9964E-05 0.0323351 9.9964E-05 9.9964E-05 0.107867 0.395959
9.9964E-05 0.405707 0.0274909 9.9964E-05 0.0280243 0.0163391 9.9964E-05 0.00734658 9.9964E-05 0.514692
9.9991E-05 0.0934029 0.110297 0.0186351 0.0411879 0.00459067 0.0072534 0.128897 0.49856 0.0970752
0.00142015 0.523939 0.0123667 0.017795 0.0817932 0.00565187 9.9982E-05 0.0241432 9.9982E-05 0.332691
9.9964E-05 0.254477 0.0816253 9.9964E-05 9.9964E-05 0.00205514 0.0315956 9.9964E-05 0.195158 0.434689
0.0977353 0.208965 9.9955E-05 9.9955E-05 9.9955E-05 0.00939359 9.9955E-05 0.0444383 9.9955E-05 0.638968
9.9964E-05 0.0706376 0.076148 9.9964E-05 0.252871 9.9964E-05 9.9964E-05 0.0706912 0.0694362 0.459816
9.9982E-05 0.0826682 0.0653024 0.0369653 0.0968875 9.9982E-05 0.012578 0.0700483 0.057015 0.578335
0.0772427 0.636065 9.9946E-05 9.9946E-05 9.9946E-05 9.9946E-05 9.9946E-05 9.9946E-05 0.183762 0.102331
0.00924367 9.9964E-05 0.0374341 9.9964E-05 0.325139 0.0404845 9.9964E-05 9.9964E-05 0.0965446 0.490754
0.0255235 0.223537 9.9973E-05 0.00521855 0.150559 0.10139 9.9973E-05 9.9973E-05 0.0502194 0.443252
0.0890205 0.0806089 0.0463262 0.0580966 0.017922 9.9982E-05 9.9982E-05 0.109398 0.0163116 0.582116
0.0230093 0.62941 9.9946E-05 9.9946E-05 9.9946E-05 9.9946E-05 0.00246012 9.9946E-05 9.9946E-05 0.344521
0.0259565 0.221625 0.0476908 9.9955E-05 9.9955E-05 9.9955E-05 9.9955E-05 0.0158925 9.9955E-05 0.688335
9.9982E-05 0.198101 0.0672469 0.0175698 0.0657882 0.0348141 0.0278777 9.9982E-05 0.0448354 0.543567
0.14364 0.719732 0.0454573 9.9946E-05 0.0905705 9.9946E-05 9.9946E-05 9.9946E-05 9.9946E-05 9.9946E-05
0.0521115 0.168121 9.9964E-05 9.9964E-05 0.0400836 9.9964E-05 9.9964E-05 0.189033 0.457061 0.0931895
0.198591 0.233649 9.9955E-05 9.9955E-05 0.174794 9.9955E-05 0.0745701 9.9955E-05 0.317896 9.9955E-05
0.0537554 9.9973E-05 0.0378077 0.014435 9.9973E-05 0.103994 9.9973E-05 0.0342132 0.167476 0.588019
9.9982E-05 9.9982E-05 0.103341 0.0073578 0.0772366 0.0185553 0.0233214 0.00828532 0.20652 0.555182
0.0943103 0.0472599 9.9991E-05 0.00173587 0.0810727 0.0300903 0.0530982 0.036105 0.113131 0.543097
0.0457671 0.184718 0.0515634 0.00439916 0.0808091 9.9991E-05 0.0138036 0.203694 0.296802 0.118343
0.105341 0.037724 9.9964E-05 9.9964E-05 0.0221117 9.9964E-05 9.9964E-05 0.161677 0.160679 0.512067
0.0261813 0.0956954 9.9982E-05 0.0210643 0.193282 0.0702235 9.9982E-05 0.0243244 0.119053 0.449976
0.0109108 0.135411 0.0785786 0.033966 0.154178 9.9982E-05 0.0318375 9.9982E-05 0.292752 0.262166
0.111142 0.0480745 0.10873 0.0293419 0.153928 0.0112086 9.9982E-05 0.068164 0.469212 9.9982E-05
0.084109 0.116236 9.9973E-05 0.0418266 9.9973E-05 0.0734008 9.9973E-05 0.0500158 0.148484 0.485628
0.0511821 9.9982E-05 0.0526872 0.0153231 9.9982E-05 0.0132862 0.0906259 0.0728964 0.30794 0.395859
0.0123578 0.194468 0.0045519 0.0651192 0.0347802 9.9982E-05 0.00637835 0.14743 0.534714 9.9982E-05
0.05919 9.9964E-05 9.9964E-05 0.0188367 9.9964E-05 9.9964E-05 0.0735142 0.0155048 0.412261 0.420294
0.139596 0.0904751 9.9982E-05 9.9982E-05 0.0348001 0.0275051 0.0795102 0.0341548 0.00882415 0.584935
0.0667228 0.0619335 0.0192714 0.0401192 9.9982E-05 0.00565633 9.9982E-05 0.106946 0.208956 0.490195
0.0649944 0.149397 0.00600571 0.0250346 0.0358633 0.0683719 0.0201973 0.0653826 0.37423 0.190523
0.0882341 0.066108 9.9973E-05 0.059956 0.0144401 9.9973E-05 0.0258017 9.9973E-05 0.338606 0.406555
0.0207335 0.12163 0.0509831 0.0214712 9.9982E-05 9.9982E-05 0.00273928 0.0933452 0.0708123 0.618085
0.0475088 0.0833241 9.9982E-05 0.0386615 0.0712955 9.9982E-05 0.0775482 0.046918 0.528472 0.106072
9.9955E-05 0.327964 9.9955E-05 0.0331822 0.0281164 9.9955E-05 9.9955E-05 9.9955E-05 0.113961 0.496277
9.9946E-05 0.588195 9.9946E-05 0.0717419 9.9946E-05 9.9946E-05 9.9946E-05 9.9946E-05 0.211215 0.128248
0.0654645 0.163095 0.010275 0.0469149 9.9973E-05 9.9973E-05 9.9973E-05 0.156546 0.0339977 0.523407
0.0597615 0.926021 0.000631176 9.9946E-05 9.9946E-05 0.0129864 9.9946E-05 9.9946E-05 9.9946E-05 9.9946E-05
0.0123864 0.777707 9.9955E-05 9.9955E-05 0.0394848 9.9955E-05 0.0295979 9.9955E-05 0.140324 9.9955E-05
9.9946E-05 0.671004 9.9946E-05 9.9946E-05 9.9946E-05 0.0272427 9.9946E-05 0.000111096 9.9946E-05 0.301043
9.9964E-05 0.467039 0.0349516 0.0183614 0.0831096 9.9964E-05 9.9964E-05 9.9964E-05 0.0186267 0.377512
0.00834875 0.175715 0.206553 9.9955E-05 9.9955E-05 9.9955E-05 9.9955E-05 9.9955E-05 0.0411984 0.567685
0.0628245 0.44136 9.9964E-05 0.0220083 9.9964E-05 0.00799355 9.9964E-05 9.9964E-05 0.0600081 0.405406
9.9964E-05 0.573118 0.0382748 9.9964E-05 9.9964E-05 0.0295634 9.9964E-05 0.0912998 0.10469 0.162654
9.9955E-05 0.440647 0.0604981 9.9955E-05 9.9955E-05 9.9955E-05 9.9955E-05 0.148313 0.0922941 0.257748
9.9982E-05 0.128568 0.0672789 0.0494509 0.0314467 0.0862553 9.9982E-05 0.0750835 0.101388 0.46033
9.9964E-05 0.491104 0.0092292 0.019724 9.9964E-05 0.0633705 9.9964E-05 9.9964E-05 0.217917 0.198256
9.9955E-05 0.4083 9.9955E-05 0.0383855 0.135962 9.9955E-05 9.9955E-05 9.9955E-05 0.0804147 0.336438
9.9955E-05 0.560519 9.9955E-05 0.00147007 0.0404564 9.9955E-05 0.0145503 9.9955E-05 9.9955E-05 0.382505
0.034779 0.716177 0.0435326 9.9973E-05 0.0562255 0.0261571 0.120164 0.00266517 9.9973E-05 9.9973E-05
0.0321458 0.179316 9.9982E-05 0.0275128 0.0114806 0.0187079 0.051231 0.111469 9.9982E-05 0.567937
9.9955E-05 9.9955E-05 0.778893 0.0184569 9.9955E-05 0.00567246 9.9955E-05 9.9955E-05 0.0394228 0.157055
9.99371E-05 9.99371E-05 0.832016 0.0718197 9.99371E-05 9.99371E-05 9.99371E-05 9.99371E-05 9.99371E-05 0.0954652
0.0332721 9.9955E-05 0.762542 0.0716262 9.9955E-05 0.0234511 9.9955E-05 9.9955E-05 9.9955E-05 0.108608
0.0991748 9.9946E-05 0.757563 0.0858852 9.9946E-05 9.9946E-05 9.9946E-05 9.9946E-05 9.9946E-05 0.0567775
0.0375824 9.9946E-05 0.760421 0.0755652 9.9946E-05 9.9946E-05 9.9946E-05 9.9946E-05 9.9946E-05 0.125831
0.00554104 0.0182552 0.790629 0.0258665 9.9982E-05 0.0409371 0.0777008 0.00151396 9.9982E-05 0.0393561
9.9955E-05 9.9955E-05 0.846911 0.0489699 0.0330477 0.0137977 9.9955E-05 9.9955E-05 9.9955E-05 0.0567736
9.9982E-05 0.0868594 0.061776 0.0188561 0.180309 0.0708026 0.0115293 9.9982E-05 0.138114 0.431554
9.999E-05 0.0555738 0.0539886 0.0476857 0.05725 0.0105981 0.0800522 0.00478001 0.213333 0.476639
9.9955E-05 0.78416 0.0463751 9.9955E-05 9.9955E-05 9.9955E-05 0.00652035 9.9955E-05 0.123888 0.0385565
0.063005 0.168788 0.0937984 9.9973E-05 0.0514319 0.0809558 9.9973E-05 9.9973E-05 0.0624099 0.479311
9.9964E-05 0.318405 9.9964E-05 0.0374657 0.0597833 9.9964E-05 9.9964E-05 0.0200765 0.175761 0.388108
0.0443432 0.284266 0.0539283 9.9955E-05 9.9955E-05 9.9955E-05 9.9955E-05 9.9955E-05 0.0172279 0.599735
0.000291024 0.213101 0.0271737 0.00317782 0.0782844 9.9982E-05 0.0749184 9.9982E-05 0.0139585 0.588895
9.9946E-05 0.443567 9.9946E-05 0.00473649 9.9946E-05 0.0418041 9.9946E-05 9.9946E-05 9.9946E-05 0.509293
9.9946E-05 0.700749 0.0799351 9.9946E-05 9.9946E-05 9.9946E-05 9.9946E-05 0.0771017 0.141614 9.9946E-05
0.000320401 9.9964E-05 0.14388 9.9964E-05 0.117544 9.9964E-05 9.9964E-05 0.042197 0.163564 0.532095
0.0178774 0.19631 9.9973E-05 0.0452207 0.000812802 9.9973E-05 0.0741493 0.034455 9.9973E-05 0.630875
9.9982E-05 0.118957 9.9982E-05 0.00473767 0.183293 0.152191 0.0093156 0.0326834 0.11037 0.388252
0.0503392 0.561118 0.00469027 9.9982E-05 0.113492 0.0435142 0.0477698 9.9982E-05 0.00441148 0.174464
0.032497 0.374415 0.0154371 0.00758561 9.9973E-05 9.9973E-05 0.0317979 0.0130882 9.9973E-05 0.52488
9.9973E-05 0.344081 0.00117315 0.0104373 0.0413993 9.9973E-05 9.9973E-05 0.0689592 0.127521 0.40613
9.9955E-05 0.617927 9.9955E-05 0.00363578 9.9955E-05 0.0772195 0.0152962 9.9955E-05 9.9955E-05 0.285421
9.9973E-05 0.323275 0.0926011 0.0100477 0.032061 9.9973E-05 9.9973E-05 0.039265 0.0478189 0.454632
0.0717187 0.0874542 0.0481346 9.9982E-05 0.0293102 0.0416854 0.132298 9.9982E-05 0.103951 0.485248
0.152284 0.0793351 9.9982E-05 9.9982E-05 0.00309594 0.0571631 0.111655 0.084491 0.447605 0.0641704
0.0707592 0.06346 0.034844 0.0115852 0.00699449 0.091616 9.9991E-05 0.168503 0.220208 0.33193
9.9982E-05 9.9982E-05 0.0550121 0.0322444 0.0984107 0.101374 0.0244691 0.0929979 0.195292 0.4
9.9982E-05 0.0496326 0.105122 9.9982E-05 0.0163287 0.0939409 0.0779729 0.0344184 0.123634 0.49875
9.9973E-05 9.9973E-05 0.0126162 0.0704963 0.00592242 9.9973E-05 0.107802 0.0605329 0.41187 0.33046
0.00668553 9.9955E-05 9.9955E-05 9.9955E-05 9.9955E-05 9.9955E-05 0.0120042 0.128047 0.259855 0.592908
0.0271132 9.9973E-05 0.0140619 9.9973E-05 9.9973E-05 0.0199649 0.0172062 0.0754688 0.438768 0.407118
0.0715554 0.0727123 0.0757261 0.039573 9.9982E-05 9.9982E-05 0.0842882 0.0251909 0.14308 0.487674
0.129455 0.0733015 9.9955E-05 9.9955E-05 0.124797 9.9955E-05 9.9955E-05 0.121954 9.9955E-05 0.549992
9.9973E-05 0.101742 0.0151185 0.00650492 9.9973E-05 9.9973E-05 0.0238307 0.0510399 0.282421 0.519043
9.99371E-05 9.99371E-05 9.99371E-05 9.99371E-05 9.99371E-05 9.99371E-05 9.99371E-05 0.192692 0.276306 0.530302
9.9991E-05 0.0763443 0.03286 0.00259367 0.0223128 0.0830717 0.0593111 0.211574 0.00766118 0.504171
0.0665403 0.0177452 0.0647962 9.9982E-05 0.0420357 0.120283 0.0588173 0.142394 9.9982E-05 0.487188
9.9955E-05 9.9955E-05 9.9955E-05 9.9955E-05 9.9955E-05 0.0269027 0.00539673 0.0637755 0.310226 0.593199
0.0696794 9.9982E-05 0.00971901 0.0122377 0.14255 9.9982E-05 0.0795068 0.0497112 0.0359743 0.600422
0.0393836 0.0329517 9.9973E-05 0.0580461 9.9973E-05 9.9973E-05 0.0292482 0.0787735 0.252904 0.508393
0.178864 9.9973E-05 0.0586398 0.0431719 9.9973E-05 9.9973E-05 0.0509797 0.0673649 0.281671 0.319009
9.9982E-05 0.0465328 9.9982E-05 0.0194336 0.0154505 0.0926831 0.037466 0.0431487 0.195754 0.549332
0.145792 9.9964E-05 0.0242955 9.9964E-05 9.9964E-05 9.9964E-05 0.0969661 0.0576482 0.0492517 0.625646
9.9982E-05 0.133881 0.000149616 0.00439152 9.9982E-05 0.104012 0.140372 0.142764 0.366733 0.107497
0.0994851 0.128688 9.9982E-05 9.9982E-05 0.115684 0.0290213 0.17294 0.0797298 0.315858 0.0583943
0.0996419 9.9973E-05 9.9973E-05 9.9973E-05 0.0731451 0.00421589 0.0521774 0.106589 0.153261 0.51067
0.0700215 0.13533 9.9982E-05 9.9982E-05 0.0498459 0.0122272 0.276668 0.181589 0.208075 0.0660436
9.9964E-05 0.0290919 0.0630283 9.9964E-05 9.9964E-05 9.9964E-05 0.0852631 0.198638 0.403187 0.220393
9.9973E-05 0.124157 0.0320548 9.9973E-05 0.00138364 9.9973E-05 0.0861522 0.114899 0.29327 0.347784
9.9964E-05 0.114081 9.9964E-05 0.00240101 9.9964E-05 9.9964E-05 0.0823574 0.206417 0.35178 0.242563
9.9955E-05 9.9955E-05 9.9955E-05 9.9955E-05 0.082138 9.9955E-05 0.0307089 0.157462 0.532397 0.196795
9.9991E-05 0.0413652 0.0233508 0.0445064 0.0902462 0.0362754 0.00436678 0.022512 0.166396 0.570881
9.9982E-05 0.0400628 0.0616787 9.9982E-05 0.0373427 0.0590039 0.0537593 0.103138 0.191023 0.453792
0.028596 0.0119616 0.0399907 0.0247948 9.9982E-05 9.9982E-05 0.0934966 0.0816446 0.20186 0.517456
0.171542 0.123387 9.9964E-05 9.9964E-05 9.9964E-05 9.9964E-05 0.128451 0.210048 0.22928 0.136893
9.9991E-05 0.0104017 0.134793 0.0380407 0.0643277 0.0299796 0.0541144 0.0906186 0.0553134 0.522311
0.0792348 0.0736236 0.0342798 9.9973E-05 0.271584 9.9973E-05 9.9973E-05 0.00782785 0.0555004 0.477649
0.120021 0.0872382 0.07454 0.0338896 0.308661 9.9982E-05 0.255234 0.0758848 0.0443317 9.9982E-05
0.0342921 0.0343745 0.103065 9.9973E-05 0.0591254 9.9973E-05 0.0679132 9.9973E-05 0.0448318 0.656098
0.0952803 0.191425 0.0850318 9.9982E-05 0.139004 0.0376608 0.0596455 0.133369 9.9982E-05 0.258383
0.144862 0.0375166 0.0788653 9.9991E-05 0.0699527 0.0661998 0.110536 0.0302756 0.0372011 0.424491
0.234511 0.119048 9.9982E-05 0.0124955 0.29712 9.9982E-05 0.0910279 0.0727644 0.0292673 0.143566
0.100912 0.0950827 0.0201796 0.0131851 0.381555 9.9991E-05 0.108647 0.0903858 0.0784507 0.111503
0.114161 0.14041 9.9982E-05 0.00347623 0.0901441 9.9982E-05 0.167567 0.0633556 0.0503476 0.370338
0.0300101 9.9991E-05 0.114885 0.0089974 0.13173 0.0241964 0.091526 0.0152251 0.122015 0.461314
0.10747 9.9991E-05 0.122833 0.0266852 0.116324 0.0191526 0.0651016 0.0743673 0.103939 0.364028
0.222262 0.212806 9.9964E-05 9.9964E-05 0.204634 0.138065 0.0763152 9.9964E-05 0.145518 9.9964E-05
0.0403668 0.0770801 0.0205348 0.00302018 0.137172 0.000552845 0.15199 0.0534524 9.9991E-05 0.515731
0.031472 0.134579 9.9955E-05 9.9955E-05 0.438735 9.9955E-05 9.9955E-05 9.9955E-05 0.121911 0.272804
0.0661957 0.265994 9.9964E-05 9.9964E-05 0.16401 9.9964E-05 0.0346771 9.9964E-05 0.10204 0.366684
9.9973E-05 0.0884611 0.0613702 9.9973E-05 0.161489 0.00307454 9.9973E-05 0.077913 0.0348707 0.572522
0.125158 9.9982E-05 0.205229 0.0543944 0.238408 0.254059 0.0316219 9.9982E-05 0.0248771 0.0660521
0.396835 9.9964E-05 0.380737 0.0434649 0.0904008 0.0690678 0.0190947 9.9964E-05 9.9964E-05 9.9964E-05
0.431591 9.9964E-05 0.248442 0.058699 0.124795 0.104735 0.0313386 9.9964E-05 9.9964E-05 9.9964E-05
0.187968 9.9964E-05 0.292664 0.0436196 0.0996723 0.331069 9.9964E-05 9.9964E-05 0.0446069 9.9964E-05
0.0367597 0.0139543 9.9946E-05 9.9946E-05 0.4247 9.9946E-05 9.9946E-05 9.9946E-05 9.9946E-05 0.523986
0.0311712 0.0296418 0.0172729 9.9973E-05 0.209727 0.0876974 9.9973E-05 9.9973E-05 0.132815 0.491375
0.0161426 0.0287472 9.9946E-05 9.9946E-05 9.9946E-05 0.644165 9.9946E-05 9.9946E-05 9.9946E-05 0.310345
9.9964E-05 0.0628053 0.0706686 9.9964E-05 9.9964E-05 0.487811 0.0831646 9.9964E-05 0.11585 0.179301
9.9964E-05 0.0148944 0.0666779 9.9964E-05 0.188381 0.472107 9.9964E-05 9.9964E-05 0.0552566 0.202283
9.9973E-05 0.0699026 9.9973E-05 0.00733915 0.485668 0.0290361 0.207546 9.9973E-05 0.0250459 0.175162
0.120517 0.0792213 9.9973E-05 0.0419118 0.114521 9.9973E-05 0.105025 0.0695255 9.9973E-05 0.468979
0.0395679 0.0701927 9.9973E-05 0.00550207 0.576982 9.9973E-05 0.151894 9.9973E-05 0.0599422 0.0956199
0.0703668 0.0218913 9.9973E-05 9.9973E-05 0.310276 9.9973E-05 0.0261867 0.0302143 0.000479597 0.540286
0.0312762 0.11149 0.00505978 0.00824432 0.183524 0.00612488 0.186414 0.0164818 0.0821127 0.369272
9.9973E-05 0.018104 9.9973E-05 0.0269513 0.347008 0.0405735 0.0618489 9.9973E-05 0.024006 0.481208
0.110336 0.0717109 9.9964E-05 9.9964E-05 0.386471 9.9964E-05 0.181223 9.9964E-05 0.164618 0.0852412
9.9982E-05 0.0464589 0.023802 9.9982E-05 0.0575421 0.0822047 0.106905 0.000468885 0.141043 0.541376
0.169582 0.0698993 9.9955E-05 9.9955E-05 0.234671 0.0284982 9.9955E-05 9.9955E-05 9.9955E-05 0.49685
9.99519E-05 0.00165008 9.99519E-05 9.99519E-05 9.99519E-05 0.947409 0.0240955 9.99519E-05 9.99519E-05 0.0262452
9.9946E-05 9.9946E-05 9.9946E-05 9.9946E-05 9.9946E-05 0.857628 0.0520015 9.9946E-05 0.00980229 0.0799686
9.9964E-05 9.9964E-05 9.9964E-05 0.0259168 0.0131969 0.618266 9.9964E-05 0.031112 0.134792 0.176316
9.9955E-05 9.9955E-05 9.9955E-05 0.0177354 9.9955E-05 0.644154 0.0396571 0.0157258 9.9955E-05 0.282228
9.9946E-05 0.0465669 9.9946E-05 9.9946E-05 0.0444703 0.777758 9.9946E-05 9.9946E-05 9.9946E-05 0.130605
9.99201E-05 9.99201E-05 9.99201E-05 9.99201E-05 9.99201E-05 0.999101 9.99201E-05 9.99201E-05 9.99201E-05 9.99201E-05
9.9937E-05 9.9937E-05 9.9937E-05 9.9937E-05 9.9937E-05 0.950985 0.0298548 0.0184606 9.9937E-05 9.9937E-05
0.0160438 9.9946E-05 9.9946E-05 9.9946E-05 9.9946E-05 0.814985 0.018948 9.9946E-05 9.9946E-05 0.149424
9.9937E-05 9.9937E-05 9.9937E-05 0.00240454 9.9937E-05 0.928337 9.9937E-05 9.9937E-05 0.068559 9.9937E-05
9.9928E-05 9.9928E-05 0.0103706 9.9928E-05 9.9928E-05 0.98883 9.9928E-05 9.9928E-05 9.9928E-05 9.9928E-05
9.9928E-05 9.9928E-05 9.9928E-05 0.0154733 9.9928E-05 0.983727 9.9928E-05 9.9928E-05 9.9928E-05 9.9928E-05
9.9955E-05 9.9955E-05 9.9955E-05 0.0721608 9.9955E-05 0.727814 0.0102256 9.9955E-05 0.0311921 0.158107
0.0899769 9.9964E-05 0.0143716 9.9964E-05 0.013278 0.831605 9.9964E-05 0.020938 9.9964E-05 0.0294303
9.9946E-05 0.0170072 9.9946E-05 0.0136592 9.9946E-05 0.961821 9.9946E-05 9.9946E-05 0.00691324 9.9946E-05
0.00912403 9.9982E-05 0.109055 9.9982E-05 0.00198653 0.397541 0.00428047 0.00328964 0.16654 0.307984
0.0705884 0.0400398 0.0341537 9.9973E-05 9.9973E-05 0.595104 9.9973E-05 0.0119379 0.0695222 0.178355
0.0129747 0.0166532 0.0174709 0.0251126 9.9973E-05 0.746906 9.9973E-05 0.0398177 9.9973E-05 0.140765
9.9964E-05 9.9964E-05 0.0228514 0.0396934 9.9964E-05 0.884708 9.9964E-05 0.000675321 0.0254629 0.0262095
0.00770364 9.9937E-05 9.9937E-05 9.9937E-05 9.9937E-05 0.965582 9.9937E-05 9.9937E-05 9.9937E-05 0.0260144
0.0049145 9.9964E-05 0.0346271 0.0204519 9.9964E-05 0.844314 9.9964E-05 0.0371203 9.9964E-05 0.0581721
9.9928E-05 9.9928E-05 9.9928E-05 0.0160138 9.9928E-05 0.983187 9.9928E-05 9.9928E-05 9.9928E-05 9.9928E-05
9.9955E-05 9.9955E-05 9.9955E-05 0.0245896 9.9955E-05 0.690689 0.0319698 0.0776754 9.9955E-05 0.174577
9.9946E-05 0.104012 0.00256951 9.9946E-05 9.9946E-05 0.872561 9.9946E-05 9.9946E-05 9.9946E-05 0.0202575
0.221092 9.9955E-05 0.293592 9.9955E-05 0.446765 0.00231972 0.0357314 9.9955E-05 9.9955E-05 9.9955E-05
0.126982 0.038411 0.101679 0.0303643 0.204113 0.0530558 9.9991E-05 0.0445749 0.0128843 0.387835
0.053743 0.0622414 0.17194 0.00317753 0.209693 0.0523242 0.0257764 0.0895123 0.00535369 0.326238
0.267963 0.00113261 9.9973E-05 0.115848 0.4063 0.0576191 9.9973E-05 0.0547492 9.9973E-05 0.0960879
0.0572094 0.0614811 0.0984596 0.0316827 0.1855 0.120346 0.0810283 9.9991E-05 0.073131 0.291062
0.214874 0.101126 0.112366 0.0616828 0.308622 0.0651326 0.0118178 9.9991E-05 0.0218935 0.102386
0.133748 0.097069 0.111099 0.0324283 0.0120976 0.0223053 0.0926928 0.098443 9.9991E-05 0.400017
0.0584743 9.9973E-05 0.125885 9.9973E-05 0.386437 0.165908 0.0416603 9.9973E-05 0.00116924 0.220167
0.0177483 0.0473393 9.9982E-05 0.135464 0.270384 0.189528 0.0297582 0.066665 9.9982E-05 0.242913
0.0480099 9.9973E-05 0.0320037 0.0771893 0.344166 0.229896 0.0346126 9.9973E-05 9.9973E-05 0.233823
0.0926096 9.9973E-05 0.168877 9.9973E-05 0.205498 0.0414225 9.9973E-05 0.0115285 0.137282 0.342482
0.0237619 9.9955E-05 0.787851 9.9955E-05 9.9955E-05 9.9955E-05 0.0600204 0.0785185 9.9955E-05 0.0493485
9.9946E-05 9.9946E-05 0.822969 0.060936 9.9946E-05 0.057131 0.0583642 9.9946E-05 9.9946E-05 9.9946E-05
0.074966 9.9937E-05 0.889607 0.0347278 9.9937E-05 9.9937E-05 9.9937E-05 9.9937E-05 9.9937E-05 9.9937E-05
0.03061 9.9955E-05 0.877527 0.0134151 9.9955E-05 9.9955E-05 9.9955E-05 0.00688809 9.9955E-05 0.0710601
0.0841427 9.9973E-05 0.72535 0.110425 9.9973E-05 0.0393429 9.9973E-05 0.0153291 0.0147486 0.0103618
0.0724326 0.0184961 0.768591 0.0773912 9.9955E-05 0.0625893 9.9955E-05 9.9955E-05 9.9955E-05 9.9955E-05
0.0373917 0.0204271 0.815654 0.0721129 9.9964E-05 0.0216665 9.9964E-05 9.9964E-05 9.9964E-05 0.0323482
0.151753 9.9973E-05 0.784228 0.014443 0.00929856 0.00197078 0.000335291 0.0376708 9.9973E-05 9.9973E-05
0.0797857 0.000703704 0.823128 0.0412699 9.9955E-05 9.9955E-05 9.9955E-05 9.9955E-05 9.9955E-05 0.0546129
0.100696 9.9946E-05 0.784719 9.9946E-05 9.9946E-05 0.0538596 9.9946E-05 9.9946E-05 9.9946E-05 0.0601256
9.9964E-05 0.0455434 0.610306 0.0334018 9.9964E-05 9.9964E-05 0.0417915 0.068634 0.199923 9.9964E-05
0.0628029 9.9955E-05 0.546735 0.00958027 9.9955E-05 9.9955E-05 9.9955E-05 0.17669 0.203692 9.9955E-05
0.105636 0.0233088 0.487797 0.0271755 9.9973E-05 9.9973E-05 0.0612508 0.138264 0.156268 9.9973E-05
9.9955E-05 9.9955E-05 0.494328 9.9955E-05 0.0581251 9.9955E-05 0.0553061 0.103589 0.288152 9.9955E-05
0.0162998 0.218435 9.9973E-05 0.0469781 9.9973E-05 9.9973E-05 0.0299616 0.0200013 0.217367 0.450658
9.9973E-05 0.179384 0.0509104 9.9973E-05 9.9973E-05 0.00501745 0.0851399 0.0194396 0.177071 0.482738
9.9964E-05 0.186747 0.0178186 9.9964E-05 9.9964E-05 0.0039019 9.9964E-05 0.149924 0.133823 0.507386
0.0231518 0.176305 0.0702161 0.000336259 9.9973E-05 9.9973E-05 0.00426616 9.9973E-05 0.350732 0.374693
9.9955E-05 0.124306 9.9955E-05 9.9955E-05 9.9955E-05 0.0189009 9.9955E-05 0.260132 0.509212 0.0869484
9.9973E-05 0.167874 0.056854 9.9973E-05 0.0305414 0.0412772 0.00295189 0.0277146 9.9973E-05 0.672487
9.9955E-05 0.374881 9.9955E-05 9.9955E-05 9.9955E-05 0.0365323 0.00651918 0.0853177 9.9955E-05 0.49625
0.0677663 0.314806 9.9982E-05 0.0194034 0.109004 9.9982E-05 0.025503 0.0175406 0.00731184 0.438465
9.9964E-05 0.489891 9.9964E-05 9.9964E-05 0.0149716 0.0762608 0.0692769 0.00260386 9.9964E-05 0.346596
0.0237226 0.0645817 9.9973E-05 9.9973E-05 0.0941997 0.0721485 0.041988 0.16562 9.9973E-05 0.53744
9.9973E-05 0.361366 9.9973E-05 0.00316517 0.0463821 9.9973E-05 0.0315 0.058368 0.0984844 0.400434
9.9946E-05 0.782377 9.9946E-05 0.0123984 9.9946E-05 9.9946E-05 0.162473 0.0421519 9.9946E-05 9.9946E-05
0.0369112 0.167767 0.0470145 9.9991E-05 0.0445972 0.0892054 0.00403658 0.0325368 0.162767 0.415064
0.105747 0.509214 9.9964E-05 0.00409349 9.9964E-05 9.9964E-05 0.123744 9.9964E-05 0.00259757 0.254203
9.9955E-05 0.380239 0.0182411 0.0169934 9.9955E-05 9.9955E-05 0.0617868 9.9955E-05 9.9955E-05 0.52224
9.9955E-05 0.638826 0.0576709 9.9955E-05 9.9955E-05 9.9955E-05 9.9955E-05 0.0653598 0.149136 0.0885073
0.0550505 9.9955E-05 0.0209859 0.013917 0.0636198 9.9955E-05 9.9955E-05 0.845927 9.9955E-05 9.9955E-05
9.9964E-05 9.9964E-05 0.0316369 9.9964E-05 0.0959839 0.0162521 0.0138123 0.822824 9.9964E-05 0.0190915
9.9946E-05 9.9946E-05 9.9946E-05 0.00553055 0.0716606 9.9946E-05 0.00849223 0.913717 9.9946E-05 9.9946E-05
9.9955E-05 0.0313696 0.0756766 9.9955E-05 0.0546614 9.9955E-05 0.0569058 0.780887 9.9955E-05 9.9955E-05
9.9955E-05 9.9955E-05 9.9955E-05 9.9955E-05 0.0601255 0.0188989 0.011616 0.873379 9.9955E-05 0.0354812
9.9955E-05 9.9955E-05 9.9955E-05 9.9955E-05 0.000894888 0.0843751 0.000570809 0.855771 9.9955E-05 0.0578886
0.021939 0.0191994 0.754049 0.102784 9.9964E-05 0.00274478 9.9964E-05 9.9964E-05 9.9964E-05 0.0988835
0.0790355 9.9964E-05 0.739021 9.9964E-05 9.9964E-05 0.0808453 9.9964E-05 0.00710369 0.0841384 0.00945637
9.9964E-05 9.9964E-05 0.65572 0.050251 0.0379129 0.105644 9.9964E-05 9.9964E-05 0.0134761 0.136596
9.9955E-05 9.9955E-05 0.717202 0.0199304 9.9955E-05 0.130889 9.9955E-05 0.0172591 0.11422 9.9955E-05
9.9955E-05 0.0179319 0.782272 9.9955E-05 9.9955E-05 0.0962196 9.9955E-05 0.0061599 0.0969168 9.9955E-05
0.0148534 0.0410091 0.324378 0.0160987 0.0481491 9.9973E-05 9.9973E-05 0.491294 0.0639177 9.9973E-05
0.0194619 0.02527 0.384653 0.0279309 0.0394675 9.9982E-05 0.0799481 0.410779 0.0122897 9.9982E-05
9.9964E-05 0.0899538 0.336866 0.075577 9.9964E-05 9.9964E-05 0.0614171 0.409674 0.0261127 9.9964E-05
9.99201E-05 9.99201E-05 9.99201E-05 0.999101 9.99201E-05 9.99201E-05 9.99201E-05 9.99201E-05 9.99201E-05 9.99201E-05
0.0259485 0.0848732 0.31248 0.0287804 9.9964E-05 9.9964E-05 0.0541429 0.493375 9.9964E-05 9.9964E-05
0.261108 9.9964E-05 0.0694638 9.9964E-05 0.0496794 0.339083 0.0078452 9.9964E-05 9.9964E-05 0.272421
0.139854 9.9964E-05 0.0979542 9.9964E-05 9.9964E-05 0.151748 9.9964E-05 0.0149211 0.0629341 0.532189
0.0439856 9.9955E-05 0.119885 0.0758265 9.9955E-05 0.23083 9.9955E-05 9.9955E-05 9.9955E-05 0.528972
0.143002 0.0801118 0.183264 9.9955E-05 9.9955E-05 0.22752 9.9955E-05 9.9955E-05 9.9955E-05 0.365603
9.9973E-05 0.0390568 0.0674505 9.9973E-05 0.0739116 0.205778 0.03668 9.9973E-05 0.117793 0.45903
0.31729 9.9973E-05 0.350445 9.9973E-05 0.0480867 0.242087 0.0116802 9.9973E-05 0.00652499 0.0235869
9.9964E-05 0.0610716 9.9964E-05 9.9964E-05 0.0252174 9.9964E-05 0.114948 0.124519 0.256447 0.417397
0.141732 0.143616 9.9964E-05 9.9964E-05 9.9964E-05 9.9964E-05 0.0756359 0.0729865 0.212667 0.352963
0.0357516 9.9973E-05 0.0641748 0.0121784 9.9973E-05 9.9973E-05 0.0398997 0.0690188 0.61055 0.168127
9.9955E-05 0.115512 9.9955E-05 9.9955E-05 9.9955E-05 9.9955E-05 0.195458 0.0500307 0.175459 0.46304
0.189823 0.311648 9.9955E-05 9.9955E-05 9.9955E-05 9.9955E-05 0.330843 0.0734659 0.0937205 9.9955E-05
0.0103319 9.9982E-05 0.0778212 9.9982E-05 0.0881332 0.000473322 0.098862 0.0617865 0.195129 0.467263
0.062171 0.101047 0.01524 9.9982E-05 0.0432493 9.9982E-05 0.162106 0.0543965 0.141904 0.419686
9.9982E-05 0.0129127 0.0429804 0.0241591 0.0223635 9.9982E-05 0.0360652 0.129806 0.487881 0.243632
0.0207021 0.0603661 9.9982E-05 9.9982E-05 0.0778364 0.0856705 0.0942227 0.107736 0.10348 0.449787
0.147596 0.247495 9.9964E-05 9.9964E-05 0.0564458 9.9964E-05 0.120696 0.0122186 0.415149 9.9964E-05
0.127569 0.0664078 9.9982E-05 9.9982E-05 0.0430271 0.00743433 0.152657 0.112762 0.0480889 0.441853
9.9973E-05 0.0890293 9.9973E-05 0.0170538 0.0703023 9.9973E-05 0.0816735 0.116128 0.144465 0.481048
0.0804405 0.160037 0.171345 9.9973E-05 0.00662661 0.0765772 9.9973E-05 9.9973E-05 0.0571985 0.447475
0.0965694 0.0722371 9.9964E-05 9.9964E-05 9.9964E-05 9.9964E-05 0.156919 0.0819412 0.303771 0.288162
0.10007 0.0126846 9.9964E-05 9.9964E-05 9.9964E-05 9.9964E-05 0.12017 0.13074 0.191911 0.444024
0.0203734 9.9973E-05 9.9973E-05 9.9973E-05 0.0699383 0.0698469 0.115528 0.0625987 0.279138 0.382276
0.0218691 0.101728 0.0341637 9.9982E-05 0.0173475 9.9982E-05 0.0909755 0.0929091 0.178099 0.462707
9.9991E-05 0.0584948 0.00544229 0.0147735 0.0415157 0.119608 0.0142966 0.0450435 0.156367 0.544358
0.0125516 0.0687778 0.0577842 9.9982E-05 0.10745 0.0415688 0.0715781 9.9982E-05 0.0967366 0.543353
0.120117 0.0955338 0.0154664 0.00787751 9.9991E-05 0.0748505 0.0246197 0.15854 0.0378264 0.465069
9.9946E-05 9.9946E-05 0.768375 9.9946E-05 9.9946E-05 0.0743093 0.00137006 9.9946E-05 9.9946E-05 0.155346
9.9973E-05 0.000121266 0.817586 0.0136443 0.00458237 0.0342724 0.0147421 9.9973E-05 9.9973E-05 0.114752
0.0414173 0.0120387 0.743901 9.9991E-05 0.0619277 0.00739571 0.00297073 0.0412564 0.0288073 0.0601848
9.9973E-05 0.0521055 0.763411 0.000995235 9.9973E-05 0.0654766 0.0482253 0.0448774 9.9973E-05 0.0246092
9.9946E-05 9.9946E-05 0.740101 0.0786348 9.9946E-05 0.0297513 9.9946E-05 9.9946E-05 9.9946E-05 0.150913
0.132676 9.9946E-05 9.9946E-05 9.9946E-05 9.9946E-05 9.9946E-05 9.9946E-05 0.165727 0.630183 0.0708147
0.119468 0.0239746 0.0167035 0.02761 0.0417579 9.9991E-05 0.129548 0.0498244 0.0623986 0.528615
0.0917697 0.0414548 0.166044 0.00135597 0.108058 0.120309 0.0351936 0.0196378 9.9991E-05 0.416078
0.0134468 0.00823113 0.0191852 0.0651334 0.0490699 9.9991E-05 0.0114512 0.0488354 0.144521 0.640026
0.0101278 9.9964E-05 0.0601917 9.9964E-05 9.9964E-05 9.9964E-05 0.0832225 0.131373 0.237611 0.477073
0.0646532 9.9973E-05 0.00272138 0.0644725 9.9973E-05 9.9973E-05 0.161564 0.135257 0.301543 0.269488
0.10541 0.0543578 0.104245 0.0235268 9.9964E-05 9.9964E-05 9.9964E-05 0.180207 0.531853 9.9964E-05
0.0391723 0.093025 9.9973E-05 9.9973E-05 9.9973E-05 0.0340506 0.0223109 0.190328 0.122589 0.498224
9.9991E-05 0.0621635 0.0723125 0.0273961 0.0142865 0.0411467 0.153049 0.169617 0.40154 0.0583888
0.0904972 0.145231 0.0313267 0.0260463 0.013849 0.0567753 0.105673 0.0359191 0.105343 0.389339
9.9973E-05 0.0158973 0.142584 9.9973E-05 9.9973E-05 0.000361519 0.106893 0.117771 0.598277 0.0179168
0.0347056 0.00800587 0.0807746 9.9973E-05 9.9973E-05 0.0619052 0.0662426 9.9973E-05 0.163452 0.584614
0.000897847 9.9973E-05 0.0944305 0.0288708 9.9973E-05 9.9973E-05 0.0585387 0.113236 0.656573 0.0471535
0.0922327 0.0153712 0.00177858 0.0278495 0.058259 0.0467367 0.0947198 0.102842 0.298006 0.262204
9.9982E-05 9.9982E-05 0.0139067 0.0409487 0.192656 0.0477237 0.165255 0.117324 0.0597187 0.362267
9.9955E-05 9.9955E-05 0.00150783 9.9955E-05 0.480514 9.9955E-05 0.218609 0.113194 9.9955E-05 0.185675
9.9982E-05 0.0863223 0.0518401 0.00479203 0.344024 0.022406 0.0072498 9.9982E-05 0.0357647 0.447401
0.0216162 0.0825898 0.0835701 0.0602949 0.171031 9.9991E-05 0.0225084 0.0101687 0.0309341 0.517187
0.0103556 0.0396411 9.9982E-05 0.0170772 0.517401 9.9982E-05 0.1379 0.0113789 0.00952737 0.256518
0.0432198 0.0818321 9.9982E-05 0.0306415 0.187056 0.0334685 0.104033 0.107006 9.9982E-05 0.412543
0.044977 0.0441689 0.0480611 9.9973E-05 0.237501 9.9973E-05 0.131752 0.00122125 9.9973E-05 0.492018
0.00914579 0.106197 9.9964E-05 9.9964E-05 0.674699 9.9964E-05 0.120162 0.00264017 0.086756 9.9964E-05
0.0745442 0.044811 9.9964E-05 9.9964E-05 0.582107 9.9964E-05 0.0824919 0.0343429 9.9964E-05 0.181303
0.0273263 9.9964E-05 9.9964E-05 9.9964E-05 0.424695 9.9964E-05 0.0456343 0.0565518 0.023445 0.421948
0.0301405 0.128062 9.9964E-05 9.9964E-05 0.58966 9.9964E-05 0.0722034 0.034798 0.144736 9.9964E-05
0.000176488 0.0656893 9.9964E-05 9.9964E-05 0.423375 9.9964E-05 9.9964E-05 0.0113482 0.199835 0.299177
0.0394975 0.123242 0.0416439 0.0055554 9.9982E-05 0.00265652 9.9982E-05 0.142422 0.640714 0.00406917
0.0422181 0.0353893 9.9973E-05 9.9973E-05 9.9973E-05 0.0163942 0.292588 0.101441 0.343724 0.167946
9.9964E-05 0.0459504 0.0516756 9.9964E-05 9.9964E-05 0.051173 9.9964E-05 0.139852 0.416303 0.294646
0.0785501 0.0129874 9.9982E-05 0.00675952 9.9982E-05 0.0146724 0.0356668 0.027982 0.210141 0.613041
9.9964E-05 0.135426 9.9964E-05 9.9964E-05 0.0682915 0.0233677 9.9964E-05 0.214568 0.455452 0.102495
0.0813592 9.9973E-05 0.0206598 0.0456585 9.9973E-05 9.9973E-05 0.0764004 0.0755234 0.228051 0.472048
0.0486757 0.0676772 9.9973E-05 0.0602883 9.9973E-05 0.0812154 9.9973E-05 0.170803 0.119754 0.451287
0.0341136 0.00317222 0.0253922 9.9991E-05 0.0984247 0.000461982 0.0315892 0.076694 0.241714 0.488338
0.00821469 9.9973E-05 9.9973E-05 0.00204613 9.9973E-05 0.165249 0.0888238 0.0969062 0.329395 0.309066
9.9964E-05 0.0585575 0.0313204 9.9964E-05 9.9964E-05 0.0657156 9.9964E-05 0.208072 0.299317 0.336617
9.9964E-05 0.132331 9.9964E-05 9.9964E-05 9.9964E-05 0.0615175 0.0177336 0.0941613 0.565391 0.128466
0.0131255 9.9973E-05 9.9973E-05 9.9973E-05 0.0729914 0.12265 0.0179642 0.27326 0.308842 0.190867
9.9964E-05 0.0135142 9.9964E-05 9.9964E-05 0.042584 0.119384 0.0874843 9.9964E-05 0.290053 0.446581
0.0178306 0.071149 0.0038929 9.9982E-05 0.083905 0.0487602 0.0811945 9.9982E-05 0.227621 0.465447
0.0510602 0.0817523 0.0133648 0.0348843 0.0618643 9.9991E-05 0.0913823 0.181635 0.163063 0.320894
0.0243808 0.00399457 9.9973E-05 9.9973E-05 9.9973E-05 0.0821641 0.128501 0.0935118 0.206322 0.460826
0.0140696 9.9982E-05 0.0542649 0.0305057 0.0448865 0.0156091 9.9982E-05 0.193759 0.354395 0.29231
0.034198 0.0528836 9.9955E-05 9.9955E-05 9.9955E-05 9.9955E-05 9.9955E-05 0.0695085 0.20593 0.636981
9.9973E-05 0.0224795 0.0118924 9.9973E-05 9.9973E-05 0.111997 0.0672735 0.12543 0.268026 0.392602
9.9982E-05 9.9982E-05 0.0334288 0.0568678 0.034711 0.159538 0.0618122 0.118386 0.194051 0.341005
0.0989663 0.0397309 0.283745 0.0469402 0.0012916 0.109754 9.9991E-05 0.0229959 0.0162824 0.380194
0.159511 0.0456128 0.0277319 0.0400889 9.9982E-05 0.162944 0.0138478 9.9982E-05 0.100871 0.449192
0.0603797 0.0215525 0.103914 0.0440297 0.1288 0.158918 9.9991E-05 0.0358222 0.0881084 0.358376
0.142971 0.0349872 9.9973E-05 0.00989863 9.9973E-05 0.128377 0.0794134 9.9973E-05 0.0260121 0.578041
9.9973E-05 0.116108 0.135822 0.0188565 9.9973E-05 0.221523 0.0475306 9.9973E-05 0.0171641 0.442697
0.0555886 9.9964E-05 9.9964E-05 9.9964E-05 0.0165716 0.0183365 0.19323 9.9964E-05 0.322146 0.393728
0.0476139 9.9991E-05 0.15308 0.0236757 0.0729241 0.0648047 0.0216487 0.0285153 0.100009 0.487629
0.345958 0.15955 0.127332 9.9964E-05 0.166897 0.108893 9.9964E-05 9.9964E-05 0.0909694 9.9964E-05
0.0572696 0.0602591 0.0555472 0.0092983 0.0205971 0.176298 0.0393087 0.0762517 0.09762 0.407551
0.120488 9.9982E-05 0.0360167 0.0563786 0.0313793 0.0875403 9.9982E-05 0.0246039 0.0484414 0.594952
0.0884146 0.0597892 0.067191 0.0222143 9.9991E-05 0.161852 0.050418 0.00707713 0.0814236 0.46152
0.146821 0.10738 0.0851709 0.0752218 0.125495 0.0702771 0.00707298 9.9991E-05 0.134206 0.248256
0.129411 0.0152038 0.116584 0.0193139 0.0463323 9.9973E-05 9.9973E-05 9.9973E-05 0.064054 0.6088
0.053339 0.0313237 0.0692549 0.0761211 0.0460513 0.127849 0.048595 0.0465097 0.0179389 0.483017
0.439725 0.0707123 0.302983 0.0411394 9.9964E-05 0.115634 0.0294069 9.9964E-05 9.9964E-05 9.9964E-05
0.15073 9.9973E-05 0.00439958 0.0789905 9.9973E-05 0.202963 9.9973E-05 0.0110178 0.0949875 0.456612
0.126823 9.9982E-05 0.0512272 0.0907754 9.9982E-05 0.122759 0.0132802 0.0325723 0.0811377 0.481225
0.0984435 0.0453513 0.0830494 0.0144539 0.0575869 0.0346483 0.0227221 0.0284964 9.9991E-05 0.615148
0.124404 9.9973E-05 0.110362 0.0389275 0.00551663 0.137828 9.9973E-05 0.0154202 9.9973E-05 0.567241
0.0544477 0.0104857 0.162125 0.00992366 0.0863212 0.1112 0.001622 0.0362851 9.9991E-05 0.527489
9.9964E-05 0.0799284 9.9964E-05 0.00625398 9.9964E-05 0.0299363 0.42802 0.0383808 9.9964E-05 0.41708
0.12407 0.00143363 9.9964E-05 9.9964E-05 0.0814528 9.9964E-05 0.171582 0.0697164 9.9964E-05 0.551345
9.9937E-05 0.0570784 9.9937E-05 9.9937E-05 9.9937E-05 9.9937E-05 0.760765 9.9937E-05 0.181457 9.9937E-05
9.99459E-05 9.99459E-05 9.99459E-05 9.99459E-05 0.0365855 9.99459E-05 0.851109 0.0365195 0.075186 9.99459E-05
0.0293288 0.0819602 0.0737882 9.9973E-05 9.9973E-05 0.02086 0.265864 9.9973E-05 0.100981 0.426919
0.202156 9.9964E-05 0.0132279 9.9964E-05 0.0730312 0.309498 0.00340893 9.9964E-05 9.9964E-05 0.398279
0.178601 9.9955E-05 9.9955E-05 0.00177634 9.9955E-05 0.270163 0.1928 9.9955E-05 9.9955E-05 0.356161
0.285028 9.9973E-05 0.0864819 0.00039594 9.9973E-05 0.196124 0.134983 9.9973E-05 0.0865534 0.210134
0.264265 9.9973E-05 0.0781083 0.0224161 9.9973E-05 0.160373 0.0998857 9.9973E-05 0.0150685 0.359584
0.148765 9.9964E-05 0.0919622 9.9964E-05 0.0590871 0.0302047 0.624638 9.9964E-05 9.9964E-05 0.044943
0.257349 9.9946E-05 9.9946E-05 0.0471363 9.9946E-05 9.9946E-05 0.567703 9.9946E-05 9.9946E-05 0.127212
9.9964E-05 0.0436267 9.9964E-05 0.0140039 9.9964E-05 0.0843125 0.402548 0.0248928 9.9964E-05 0.430217
9.9946E-05 9.9946E-05 0.0399057 9.9946E-05 9.9946E-05 0.110372 0.478521 9.9946E-05 9.9946E-05 0.370602
0.0728998 9.9955E-05 9.9955E-05 0.00619494 9.9955E-05 0.105376 0.675187 9.9955E-05 9.9955E-05 0.139843
9.9973E-05 0.0371333 0.0399099 9.9973E-05 9.9973E-05 0.0855805 0.317874 0.0390727 0.0704372 0.409693
0.0954435 9.9955E-05 9.9955E-05 9.9955E-05 9.9955E-05 0.071537 0.345852 0.0341736 9.9955E-05 0.452494
9.9955E-05 9.9955E-05 0.133628 9.9955E-05 9.9955E-05 0.00931301 0.272705 0.062877 9.9955E-05 0.520977
9.9955E-05 9.9955E-05 0.019011 0.0192732 9.9955E-05 9.9955E-05 0.563044 9.9955E-05 0.149902 0.248269
9.9973E-05 0.06012 9.9973E-05 0.0289842 0.00134778 0.0231687 0.406603 9.9973E-05 0.205671 0.273805
0.0226499 0.155727 0.0426015 0.075656 0.0384384 0.0544669 0.186328 0.00900628 0.0244212 0.390705
9.9973E-05 9.9973E-05 0.0250405 0.0631334 0.0572614 0.0357439 0.370113 0.125407 9.9973E-05 0.323001
0.0498509 0.0523717 0.0126578 0.00482566 0.171084 0.171303 0.2221 9.9991E-05 0.0480636 0.267643
9.9955E-05 9.9955E-05 9.9955E-05 0.0360328 0.0759148 9.9955E-05 0.448359 9.9955E-05 0.0479298 0.391263
9.9946E-05 9.9946E-05 9.9946E-05 9.9946E-05 0.0777829 9.9946E-05 0.71963 0.0437121 9.9946E-05 0.158275
9.9955E-05 0.0413992 0.0347099 9.9955E-05 9.9955E-05 9.9955E-05 0.325948 0.0377888 9.9955E-05 0.559654
0.0108628 9.9973E-05 0.0743396 0.0309946 0.0900209 9.9973E-05 0.109986 9.9973E-05 0.15914 0.524356
9.9946E-05 0.057848 9.9946E-05 9.9946E-05 9.9946E-05 9.9946E-05 0.720414 9.9946E-05 0.0124637 0.208674
9.9964E-05 0.00211571 9.9964E-05 0.0190413 0.043385 0.0168457 0.540278 9.9964E-05 9.9964E-05 0.377935
9.9982E-05 0.0534137 0.00077091 0.0880203 9.9982E-05 0.0826681 0.220919 0.0608505 0.00029786 0.49286
0.0104809 0.0889249 9.9973E-05 0.0208568 9.9973E-05 0.0293105 0.29189 0.0775066 9.9973E-05 0.48073
0.0740457 9.9982E-05 0.113913 0.0315511 0.106315 0.101323 0.011287 0.00570016 9.9982E-05 0.555665
0.0400473 0.0941604 9.9991E-05 0.00990873 0.145161 0.128523 0.0815752 0.107008 0.0249456 0.368571
0.161719 9.9982E-05 0.0450859 0.0464159 0.140534 0.237316 0.073848 0.0244259 9.9982E-05 0.270456
0.0469042 9.9991E-05 0.0882246 0.0654306 0.0472388 0.193655 0.0226351 0.0508035 0.181427 0.303581
0.0593841 9.9973E-05 0.184565 9.9973E-05 0.0898038 0.052933 9.9973E-05 0.0089667 0.0652431 0.538804
0.0597991 0.0231373 0.0651214 0.0291686 0.120222 0.152053 0.131992 9.9982E-05 9.9982E-05 0.418306
0.0939964 9.9964E-05 0.150156 0.023328 9.9964E-05 0.0969123 0.60384 0.031368 9.9964E-05 9.9964E-05
0.0906309 9.9982E-05 0.0485043 0.0213158 0.0124629 0.183565 0.142679 0.054778 9.9982E-05 0.445864
0.158042 9.9946E-05 0.364814 9.9946E-05 9.9946E-05 0.068373 0.408172 9.9946E-05 9.9946E-05 9.9946E-05
0.0397111 9.9955E-05 0.0259288 9.9955E-05 9.9955E-05 0.207873 0.250393 9.9955E-05 9.9955E-05 0.475595
9.9946E-05 0.150162 9.9946E-05 9.9946E-05 0.0726039 9.9946E-05 0.702182 9.9946E-05 9.9946E-05 0.0744532
9.9955E-05 0.071854 9.9955E-05 0.0213783 9.9955E-05 9.9955E-05 0.832401 0.00857816 0.0652885 9.9955E-05
