0.829212 0.049174 0.0390523 0.0569226 9.9955E-05 0.0251391 9.9955E-05 9.9955E-05 9.9955E-05 9.9955E-05
0.910967 0.0206265 0.00698984 0.0165226 9.9973E-05 0.0212848 0.00306208 9.9973E-05 9.9973E-05 0.0202468
0.744876 9.9964E-05 0.0158198 0.0697076 0.0857864 0.0452473 9.9964E-05 9.9964E-05 9.9964E-05 0.0381631
0.760705 9.9964E-05 0.0366574 0.0668328 0.0344688 0.0351315 9.9964E-05 9.9964E-05 9.9964E-05 0.0658046
0.847183 9.9955E-05 9.9955E-05 0.0706771 0.0207901 9.9955E-05 0.0448491 9.9955E-05 9.9955E-05 0.0160008
0.568027 9.9973E-05 0.017658 0.0365776 0.0028613 0.0145807 9.9973E-05 9.9973E-05 0.322285 0.03771
0.701621 9.9937E-05 9.9937E-05 9.9937E-05 9.9937E-05 0.0622922 9.9937E-05 9.9937E-05 0.235388 9.9937E-05
0.665539 9.9964E-05 0.0526928 0.0231125 9.9964E-05 0.0326146 9.9964E-05 9.9964E-05 0.220495 0.0051466
0.822521 0.0468384 0.0262551 9.99639E-05 9.99639E-05 0.00787497 9.99639E-05 0.0828358 9.99639E-05 0.013275
0.613618 9.9982E-05 0.00676864 0.0581458 0.0629623 0.0750431 9.9982E-05 0.0166814 0.159283 0.00729822
0.704498 9.9955E-05 0.0405268 9.9955E-05 9.9955E-05 0.0162344 9.9955E-05 9.9955E-05 0.224182 0.014059
9.9946E-05 9.9946E-05 0.778104 0.0881735 0.0719436 9.9946E-05 9.9946E-05 0.0611788 9.9946E-05 9.9946E-05
0.00797144 9.9973E-05 0.406969 0.0680209 0.440571 0.0148483 9.9973E-05 9.9973E-05 0.0281782 0.0331414
9.9982E-05 0.0702921 0.616442 0.0432303 0.136067 0.0261766 0.0708698 9.9982E-05 0.0114505 0.0252723
0.0141479 0.0147599 0.621822 0.200686 0.0951052 0.0223035 0.0308757 9.9973E-05 9.9973E-05 9.9973E-05
0.0956137 9.9982E-05 0.324136 0.116745 0.296963 0.0192939 0.0243564 0.0163925 0.1063 9.9982E-05
0.0265744 9.9964E-05 0.36919 0.0805817 0.451951 0.0491321 0.0221706 9.9964E-05 9.9964E-05 9.9964E-05
9.9973E-05 0.0806048 0.367752 0.10431 0.274855 0.0117334 0.0632471 9.9973E-05 0.0971973 9.9973E-05
0.111465 0.0165444 0.588483 0.113098 0.15996 9.9964E-05 9.9964E-05 0.0100495 9.9964E-05 9.9964E-05
0.0442712 9.9964E-05 0.800478 0.0020601 9.9964E-05 0.0198952 9.9964E-05 9.9964E-05 0.0883182 0.0445778
9.9982E-05 0.057397 0.386878 0.0436078 0.312069 0.0408248 9.9982E-05 0.0753517 0.0195351 0.0641368
9.9982E-05 0.0846395 0.256626 0.0260227 0.364995 0.0391934 0.0902076 9.9982E-05 0.105637 0.0324789
0.0306851 9.9964E-05 0.315026 0.0030922 0.533641 9.9964E-05 9.9964E-05 0.0662761 0.0508793 9.9964E-05
9.9964E-05 9.9964E-05 0.57874 0.0958858 0.145781 0.0248741 9.9964E-05 0.0440192 0.110301 9.9964E-05
0.0684549 0.0582676 0.188391 0.06449 0.605987 0.0140098 9.9964E-05 9.9964E-05 9.9964E-05 9.9964E-05
9.9973E-05 0.0224255 0.312801 0.0390661 0.480522 0.0391994 9.9973E-05 0.0731072 0.0325787 9.9973E-05
0.0331448 9.9946E-05 0.787435 0.138982 9.9946E-05 0.0398381 9.9946E-05 9.9946E-05 9.9946E-05 9.9946E-05
0.0148468 0.0026907 0.765764 0.16459 0.0516084 9.9955E-05 9.9955E-05 9.9955E-05 9.9955E-05 9.9955E-05
9.9955E-05 9.9955E-05 0.756237 0.0634964 0.00867271 9.9955E-05 0.0752855 9.9955E-05 0.0958082 9.9955E-05
9.99201E-05 9.99201E-05 9.99201E-05 9.99201E-05 9.99201E-05 0.999101 9.99201E-05 9.99201E-05 9.99201E-05 9.99201E-05
9.99201E-05 9.99201E-05 9.99201E-05 9.99201E-05 9.99201E-05 0.999101 9.99201E-05 9.99201E-05 9.99201E-05 9.99201E-05
0.46422 9.9964E-05 0.00985666 0.038484 0.106907 0.357977 9.9964E-05 0.022155 9.9964E-05 9.9964E-05
0.478432 0.0550168 9.9973E-05 0.0387436 0.0512479 0.257025 9.9973E-05 0.1063 9.9973E-05 0.0129349
0.001956 9.9973E-05 0.0630177 9.9973E-05 0.48603 0.0320178 9.9973E-05 0.19835 0.140257 0.0780718
0.0284661 9.9973E-05 0.0210143 0.111944 0.456993 0.0265195 9.9973E-05 0.236508 9.9973E-05 0.118255
0.00733917 0.03324 9.9955E-05 0.0268737 0.508534 9.9955E-05 9.9955E-05 0.423513 9.9955E-05 9.9955E-05
0.0860303 9.9964E-05 0.622344 9.9964E-05 0.078133 0.0400486 9.9964E-05 0.0920726 9.9964E-05 0.0809717
0.0116243 0.0134573 9.9973E-05 0.0729897 0.230722 0.0377755 9.9973E-05 0.6029 9.9973E-05 0.0302312
0.0216218 0.0321156 0.231001 9.9964E-05 0.515456 0.0525903 9.9964E-05 0.146815 9.9964E-05 9.9964E-05
9.9955E-05 0.0696584 9.9955E-05 0.0223863 0.656483 9.9955E-05 9.9955E-05 0.197774 0.0531986 9.9955E-05
0.0513596 9.9973E-05 9.9973E-05 9.9973E-05 0.49856 0.0530002 0.00539058 0.0787098 0.293034 0.0196464
0.0517852 9.9982E-05 0.0498356 0.00766863 0.583585 0.0393 9.9982E-05 0.130694 0.0683905 0.0685416
0.000288275 0.105902 0.17584 0.0537935 9.9955E-05 9.9955E-05 9.9955E-05 0.663676 9.9955E-05 9.9955E-05
0.0592174 0.0138623 0.071454 0.0360396 0.520859 9.9982E-05 9.9982E-05 0.0732161 0.222333 0.0028191
0.00942361 0.0149672 0.0161572 0.100639 0.491307 9.9991E-05 0.00946633 0.280233 0.0102769 0.0674292
0.0811499 0.00199576 0.11747 0.086509 0.475809 0.0133178 9.9982E-05 0.185803 0.037745 9.9982E-05
9.9964E-05 0.0297616 0.00143556 9.9964E-05 0.305986 0.00893732 0.00345201 0.650028 9.9964E-05 9.9964E-05
0.0168582 0.0646649 9.9964E-05 9.9964E-05 0.647429 0.0380471 9.9964E-05 0.202729 9.9964E-05 0.0298721
0.122771 0.0537277 0.0219678 0.00485754 0.541588 0.0418566 0.0650004 0.136416 0.0117145 9.9991E-05
0.0225247 0.0952155 0.00606921 9.9973E-05 9.9973E-05 9.9973E-05 0.0820074 0.721032 0.0631697 0.00968155
9.9964E-05 0.0561856 0.420866 9.9964E-05 0.109467 9.9964E-05 0.0852641 0.171298 9.9964E-05 0.156519
9.9973E-05 0.205668 0.375062 9.9973E-05 9.9973E-05 0.00266449 0.131414 0.117642 0.161458 0.00579214
9.999E-05 0.0753864 0.0220364 0.0852024 0.466639 0.0147973 0.0502497 0.0310588 0.103453 0.151077
0.0742864 9.9964E-05 0.253675 0.122423 0.475048 9.9964E-05 0.0408303 9.9964E-05 0.0333368 9.9964E-05
0.0309937 0.018115 0.12091 0.061815 0.519846 0.00463557 0.0649158 0.0300184 0.12785 0.0209015
0.102243 0.0239177 0.290983 9.9982E-05 0.117721 0.0168981 9.9982E-05 0.239736 0.0147989 0.193502
9.9973E-05 0.0398057 0.22795 9.9973E-05 0.562595 0.011114 0.0233701 9.9973E-05 0.0501051 0.0847601
0.0564562 0.0160857 0.208788 0.0608434 0.434962 0.0159334 9.9973E-05 9.9973E-05 0.206631 9.9973E-05
0.11251 9.9964E-05 0.335513 9.9964E-05 0.286987 0.0531224 9.9964E-05 0.128384 0.0830837 9.9964E-05
0.122365 0.0967516 0.462561 9.9982E-05 0.0784182 0.0330458 9.9982E-05 0.016667 0.123675 0.0663157
0.0519831 0.11128 0.0893154 9.9982E-05 0.498461 0.0159421 0.0724368 0.109926 9.9982E-05 0.0504547
0.0189207 0.161279 0.328319 9.9964E-05 0.385625 9.9964E-05 0.0870776 0.0183791 9.9964E-05 9.9964E-05
0.0152559 0.0482563 0.549492 9.9982E-05 9.9982E-05 0.0447016 0.0376896 0.157397 0.0277836 0.119224
9.9946E-05 0.109008 0.419255 9.9946E-05 0.427538 9.9946E-05 0.0435991 9.9946E-05 9.9946E-05 9.9946E-05
9.9973E-05 0.00771281 0.0497789 0.0431915 0.619724 0.0116731 0.169028 9.9973E-05 9.9973E-05 0.098591
9.9973E-05 0.0553164 0.225285 9.9973E-05 0.524213 0.0575263 9.9973E-05 0.0140943 0.0861887 0.0370761
0.0990565 0.00926502 0.448217 0.0245725 0.222405 0.00458154 0.0157402 0.114323 0.0617398 9.9991E-05
9.9964E-05 0.122594 0.341771 0.040813 0.422962 9.9964E-05 0.00750747 0.0639532 9.9964E-05 9.9964E-05
0.00272807 9.9964E-05 9.9964E-05 9.9964E-05 0.607426 0.0603858 0.110947 0.0912135 9.9964E-05 0.1269
0.0174523 0.0422161 0.551266 9.9991E-05 0.0920192 0.0530844 0.0464018 0.095342 0.0809869 0.021131
9.9937E-05 9.9937E-05 0.0697533 9.9937E-05 0.50211 9.9937E-05 9.9937E-05 0.427437 9.9937E-05 9.9937E-05
9.9955E-05 9.9955E-05 0.184341 0.0449908 0.100415 0.0407629 9.9955E-05 0.62899 9.9955E-05 9.9955E-05
0.0430924 0.0620935 0.12003 0.0594546 0.535451 9.9982E-05 9.9982E-05 0.0927063 0.00985362 0.077119
9.9937E-05 0.0769998 9.9937E-05 9.9937E-05 9.9937E-05 9.9937E-05 9.9937E-05 0.840982 0.0813184 9.9937E-05
9.9964E-05 0.0225564 0.0965079 9.9964E-05 9.9964E-05 9.9964E-05 0.0612349 0.772512 0.0313864 0.0154022
9.9964E-05 0.0495579 0.0171549 9.9964E-05 0.214163 9.9964E-05 9.9964E-05 0.692034 0.0123043 0.0143864
9.9955E-05 9.9955E-05 0.02806 9.9955E-05 0.480886 0.0230259 9.9955E-05 0.40813 9.9955E-05 0.0593989
0.0817723 0.0889898 9.9973E-05 9.9973E-05 0.515674 0.0277036 9.9973E-05 0.159205 0.0218053 0.10455
0.00557718 0.00277638 9.9973E-05 9.9973E-05 0.379152 0.0173541 0.0159225 0.504046 9.9973E-05 0.0748715
0.0300873 9.9964E-05 0.100871 0.0871671 0.0882805 9.9964E-05 9.9964E-05 0.619981 9.9964E-05 0.0732131
0.0458596 9.9964E-05 0.0625831 9.9964E-05 0.237996 0.0265284 9.9964E-05 0.501781 9.9964E-05 0.124852
0.00501045 9.9982E-05 0.0679538 0.0331869 0.476354 0.0691374 0.0668853 0.229778 9.9982E-05 0.0514941
0.0219199 9.9955E-05 0.176262 9.9955E-05 0.253144 0.028262 9.9955E-05 0.519912 9.9955E-05 9.9955E-05
0.0387759 9.9955E-05 0.151312 9.9955E-05 0.417423 0.00968894 9.9955E-05 0.3823 9.9955E-05 9.9955E-05
9.9946E-05 0.00798879 9.9946E-05 9.9946E-05 0.392607 9.9946E-05 0.0635341 0.535271 9.9946E-05 9.9946E-05
9.9946E-05 0.102279 9.9946E-05 9.9946E-05 9.9946E-05 9.9946E-05 0.162354 0.722495 0.0122729 9.9946E-05
9.9982E-05 0.0111204 0.00179564 0.00429859 0.644596 0.0380388 0.00453994 0.267451 9.9982E-05 0.0279592
0.745057 9.9973E-05 0.0391687 9.9973E-05 0.143354 0.0444098 0.00173312 0.0219214 9.9973E-05 0.00405637
0.794269 9.9937E-05 9.9937E-05 9.9937E-05 0.108716 0.0963151 9.9937E-05 9.9937E-05 9.9937E-05 9.9937E-05
0.777328 0.00152211 9.9964E-05 0.0613169 0.0551018 0.100594 9.9964E-05 9.9964E-05 9.9964E-05 0.00373713
0.762031 0.114442 9.9955E-05 0.00505001 0.0244577 0.0935191 9.9955E-05 9.9955E-05 9.9955E-05 9.9955E-05
0.720533 0.0799302 9.9946E-05 9.9946E-05 0.0727617 0.126175 9.9946E-05 9.9946E-05 9.9946E-05 9.9946E-05
0.788291 0.0465806 9.9973E-05 0.0591748 9.9973E-05 0.0568836 0.0208914 0.0058173 9.9973E-05 0.0220616
0.812177 0.0560745 9.9946E-05 9.9946E-05 0.04812 0.0830286 9.9946E-05 9.9946E-05 9.9946E-05 9.9946E-05
0.0678075 0.0991444 0.0512663 9.9973E-05 0.503782 0.0411002 9.9973E-05 0.152928 9.9973E-05 0.0836714
9.9973E-05 0.0151276 0.0646213 0.139279 0.447028 0.0494452 9.9973E-05 0.201488 9.9973E-05 0.0827112
0.0290456 0.0276895 0.155273 9.9955E-05 0.0175462 9.9955E-05 9.9955E-05 0.769946 9.9955E-05 9.9955E-05
0.0757768 9.9982E-05 0.0211653 0.098339 0.468731 0.0229327 9.9982E-05 0.140211 0.0893118 0.0833326
0.0488041 9.9964E-05 0.134955 9.9964E-05 0.465681 0.00947873 9.9964E-05 0.331639 0.00904198 9.9964E-05
0.0431803 9.9973E-05 9.9973E-05 0.0837031 0.482662 0.0103462 0.0960586 0.261621 0.022129 9.9973E-05
0.0661237 0.0584656 9.9973E-05 9.9973E-05 0.48651 0.0222783 0.0890223 0.216842 0.060458 9.9973E-05
0.0416424 9.9964E-05 9.9964E-05 0.0688692 0.438134 0.0123499 0.036641 0.401963 9.9964E-05 9.9964E-05
0.0922843 9.9946E-05 0.189607 9.9946E-05 9.9946E-05 9.9946E-05 9.9946E-05 0.654939 9.9946E-05 0.0625705
0.12519 0.074117 9.9964E-05 9.9964E-05 0.472931 9.9964E-05 0.0659691 0.222949 9.9964E-05 0.0384442
9.9973E-05 0.139833 0.0991703 0.00316158 0.613816 0.00141695 9.9973E-05 0.110089 0.0322131 9.9973E-05
9.9982E-05 0.0290229 0.0755459 0.0722356 0.49209 0.0448974 9.9982E-05 0.110872 0.0617957 0.11334
9.9973E-05 0.0410667 9.9973E-05 0.0677552 0.187654 0.0326786 0.0654211 0.544216 0.0609084 9.9973E-05
9.9955E-05 0.0315096 9.9955E-05 9.9955E-05 0.48768 0.0318378 9.9955E-05 0.441642 0.00683037 9.9955E-05
0.0413998 9.9973E-05 0.0990306 9.9973E-05 0.42519 0.0161797 9.9973E-05 0.387935 0.00978603 0.0201787
9.9937E-05 9.9937E-05 9.9937E-05 0.115666 0.208945 9.9937E-05 9.9937E-05 0.674689 9.9937E-05 9.9937E-05
0.0588163 9.9955E-05 9.9955E-05 9.9955E-05 0.453365 0.00122046 9.9955E-05 0.444354 9.9955E-05 0.0417439
0.0476298 0.0488475 0.030969 0.0350677 0.514026 0.0855533 0.0224058 0.103552 9.9991E-05 0.111849
9.9964E-05 0.154726 0.463964 0.0041198 0.206611 0.0129279 0.157251 9.9964E-05 9.9964E-05 9.9964E-05
0.14001 0.00670736 0.18895 0.0149709 0.433074 0.0218176 9.9982E-05 9.9982E-05 0.0833528 0.110916
0.130277 9.9955E-05 0.25089 9.9955E-05 0.568216 9.9955E-05 0.042305 9.9955E-05 9.9955E-05 0.00781151
0.101135 0.0546785 9.9982E-05 0.0087559 0.533415 9.9982E-05 0.0554933 0.134406 0.0331847 0.0787316
9.9973E-05 0.0463944 0.453401 0.0120248 0.423029 0.0206918 0.0122706 9.9973E-05 9.9973E-05 0.0318881
9.9964E-05 0.0860775 0.332585 0.0391454 0.450213 9.9964E-05 9.9964E-05 9.9964E-05 0.043368 0.0482117
0.061247 9.9973E-05 0.452981 9.9973E-05 0.410005 9.9973E-05 0.0112532 0.0193182 0.0203004 0.0245946
0.089538 9.9964E-05 0.0865197 9.9964E-05 0.524688 0.00770223 0.136305 9.9964E-05 9.9964E-05 0.154847
0.0667221 0.0155432 0.0107092 0.0280734 0.557938 9.9991E-05 0.040307 0.0408889 0.0631141 0.176604
0.018309 0.0583363 0.353155 9.9964E-05 0.509388 9.9964E-05 9.9964E-05 0.0251308 9.9964E-05 0.0352805
9.9955E-05 0.00240425 0.377145 9.9955E-05 0.46664 9.9955E-05 0.0455103 9.9955E-05 9.9955E-05 0.1078
9.9973E-05 0.118958 0.0629001 9.9973E-05 0.632311 9.9973E-05 0.0428491 0.00561297 0.0547709 0.0822974
0.13248 9.9973E-05 9.9973E-05 0.0584747 0.552043 0.0098911 0.112861 9.9973E-05 0.0653172 0.0686327
9.9964E-05 9.9964E-05 0.167236 0.112498 0.540026 9.9964E-05 0.0935157 0.000981901 9.9964E-05 0.0853423
0.0328658 0.075673 9.9982E-05 0.0793727 0.591596 0.0114744 0.0161742 9.9982E-05 0.0670278 0.125616
9.9973E-05 0.016614 0.0998085 0.0459496 0.572975 9.9973E-05 0.0897146 9.9973E-05 0.0436939 0.130945
0.0168565 0.123028 0.331002 9.9982E-05 0.335686 0.0441686 0.0658831 9.9982E-05 0.0441976 0.0389781
9.9982E-05 0.0584319 0.173955 0.0249576 0.572051 9.9982E-05 0.0219301 0.0287848 0.0342733 0.0854161
9.9964E-05 0.0835356 0.0919227 9.9964E-05 0.698199 0.00563403 0.0418421 9.9964E-05 9.9964E-05 0.0784671
0.058523 9.9982E-05 0.292226 0.0592002 0.192379 0.00563454 0.0953959 0.13281 9.9982E-05 0.163631
9.9982E-05 0.147099 0.350419 0.0406173 0.0685653 9.9982E-05 0.195915 0.0930897 0.0532381 0.0508561
9.9973E-05 0.0624607 0.130842 0.147972 0.387666 9.9973E-05 9.9973E-05 0.0263148 0.0973339 0.147111
9.9973E-05 0.0438163 0.229592 0.0535961 9.9973E-05 9.9973E-05 0.312666 0.123551 0.0172833 0.219196
0.0695516 9.9964E-05 0.532498 9.9964E-05 0.205321 9.9964E-05 0.0399793 0.0862746 9.9964E-05 0.0659761
9.9955E-05 9.9955E-05 0.284873 9.9955E-05 0.379081 9.9955E-05 0.0517882 0.198477 9.9955E-05 0.0852806
0.0695674 9.9964E-05 0.508704 9.9964E-05 0.211768 0.0152194 9.9964E-05 0.0879244 9.9964E-05 0.106417
0.0302804 9.9973E-05 0.510317 9.9973E-05 0.255213 9.9973E-05 0.0245229 0.0547499 0.0850495 0.0395671
0.0506924 9.9982E-05 0.081774 9.9982E-05 0.576826 0.0604534 0.0481107 0.11152 0.0618717 0.00855142
0.0462436 0.0565252 0.103564 0.110757 0.503332 0.000599055 0.0289424 0.080957 0.0354724 0.0336073
9.9982E-05 0.00304755 0.310282 9.9982E-05 0.479272 0.0533075 0.0374904 0.0274967 0.0627568 0.0261476
9.9964E-05 0.144014 0.438532 9.9964E-05 0.0855943 9.9964E-05 0.167642 0.0863422 9.9964E-05 0.0774764
0.124335 0.0232826 0.0241478 9.9982E-05 0.552018 0.0069655 0.119581 0.0459403 9.9982E-05 0.103529
0.0353208 0.0646005 0.023914 0.0679659 0.453364 9.9982E-05 0.0177293 0.188169 0.148736 9.9982E-05
0.0659702 0.160269 0.087961 9.9982E-05 9.9982E-05 0.0286458 0.166575 0.112011 0.303165 0.0752031
0.0963019 0.0324308 9.9982E-05 0.0357266 0.570254 0.0199394 0.0976589 0.0902422 0.0572465 9.9982E-05
0.124278 0.106476 0.0218772 9.9973E-05 0.362532 9.9973E-05 0.154703 0.193183 0.0366512 9.9973E-05
9.9982E-05 0.193225 0.0216876 0.0487385 0.504615 9.9982E-05 0.0208424 0.0456858 0.101669 0.0633361
9.9982E-05 0.197526 0.0672559 9.9982E-05 0.239411 0.0152038 0.0871846 0.0640349 0.263174 0.0660097
0.0178166 0.0978477 0.169981 9.9991E-05 0.116445 0.0229991 0.126272 0.0317944 0.35374 0.0630037
0.00277594 0.120591 0.109982 9.9991E-05 0.402051 0.00804176 0.0875082 0.0711006 0.127467 0.0703824
9.9991E-05 0.183675 0.188626 0.0118284 0.468189 0.000844959 0.0414738 0.0510644 0.00281951 0.0513787
0.0177215 0.154935 0.129293 9.9973E-05 0.424004 0.0889376 9.9973E-05 0.107524 0.0772838 9.9973E-05
9.9982E-05 0.189463 0.164957 0.122499 9.9982E-05 0.016318 0.0446488 0.23434 0.202067 0.025506
0.0460343 0.0328474 0.0406147 9.9982E-05 0.607521 9.9982E-05 0.0609511 0.0679517 0.0348079 0.109072
9.9964E-05 0.0972352 0.242216 9.9964E-05 0.256325 9.9964E-05 0.048366 0.144899 0.210559 9.9964E-05
9.9973E-05 0.0681371 0.0929534 0.015916 0.402297 9.9973E-05 0.137718 0.117765 0.164914 9.9973E-05
0.058353 0.0257961 9.9973E-05 0.0761172 0.607293 0.022825 9.9973E-05 9.9973E-05 0.0655267 0.143789
0.189544 0.199642 9.9964E-05 0.160716 0.186642 0.0702522 9.9964E-05 9.9964E-05 0.192805 9.9964E-05
0.331514 0.369483 9.9955E-05 0.0964042 9.9955E-05 0.048027 9.9955E-05 9.9955E-05 0.154073 9.9955E-05
0.267017 0.490004 9.9964E-05 0.0473841 9.9964E-05 0.0605954 0.0286461 9.9964E-05 0.105953 9.9964E-05
0.271229 0.228498 0.0446967 0.272038 0.0628416 0.00988197 9.9973E-05 9.9973E-05 0.110516 9.9973E-05
9.9964E-05 0.00952239 9.9964E-05 9.9964E-05 0.559886 0.0122468 0.0329071 0.130496 0.254542 9.9964E-05
0.0415855 9.9973E-05 9.9973E-05 0.0773299 0.507292 9.9973E-05 0.106376 0.056574 0.146764 0.0637788
9.9955E-05 9.9955E-05 0.0694225 0.646158 0.266653 0.0102515 0.00701481 9.9955E-05 9.9955E-05 9.9955E-05
0.0171242 0.00310635 0.237622 0.509593 0.165751 0.0253928 9.9973E-05 0.041111 9.9973E-05 9.9973E-05
0.101652 0.0167523 0.090995 0.37278 0.299271 9.9982E-05 0.0517694 9.9982E-05 0.0471144 0.0194649
9.9955E-05 9.9955E-05 0.0445908 9.9955E-05 0.282673 9.9955E-05 0.194526 0.0443511 0.433359 9.9955E-05
9.9991E-05 0.124814 0.0236601 0.0862009 0.430308 0.0435666 0.0809035 0.079353 0.0532787 0.0778152
9.9964E-05 0.0884277 0.069903 9.9964E-05 0.156267 9.9964E-05 0.161968 0.0207615 0.502273 9.9964E-05
0.023271 0.057353 0.00178329 0.00513554 0.50457 9.9991E-05 0.0151434 0.127401 0.261934 0.00330813
9.9973E-05 0.0858771 0.187173 9.9973E-05 0.418604 0.00161111 0.142881 0.0274041 0.136151 9.9973E-05
0.00416592 0.0788745 0.0189433 0.0030826 0.590888 9.9982E-05 0.0222948 9.9982E-05 0.240016 0.0415351
9.9964E-05 0.117244 0.108816 9.9964E-05 0.146858 9.9964E-05 0.17529 0.0672124 0.38418 9.9964E-05
9.9991E-05 0.108801 0.0275172 0.0286759 0.603017 0.0469332 0.0419156 0.0959588 0.0336204 0.0134613
0.0886809 0.103861 0.0106089 9.9964E-05 0.565433 9.9964E-05 0.0294162 9.9964E-05 0.201599 9.9964E-05
9.9937E-05 9.9937E-05 0.0275415 0.948561 9.9937E-05 9.9937E-05 0.0231978 9.9937E-05 9.9937E-05 9.9937E-05
9.9937E-05 9.9937E-05 9.9937E-05 0.886903 0.0494021 9.9937E-05 0.0629957 9.9937E-05 9.9937E-05 9.9937E-05
0.0342918 9.9964E-05 9.9964E-05 0.565871 0.293583 0.0316483 9.9964E-05 0.0332962 0.0409092 9.9964E-05
0.0150206 9.9937E-05 9.9937E-05 0.614308 0.369972 9.9937E-05 9.9937E-05 9.9937E-05 9.9937E-05 9.9937E-05
0.0299559 9.9955E-05 9.9955E-05 0.820183 0.0705559 9.9955E-05 9.9955E-05 0.0494706 9.9955E-05 0.0293346
9.99201E-05 9.99201E-05 9.99201E-05 0.999101 9.99201E-05 9.99201E-05 9.99201E-05 9.99201E-05 9.99201E-05 9.99201E-05
9.9946E-05 0.0032359 9.9946E-05 0.930657 9.9946E-05 9.9946E-05 9.9946E-05 0.00029755 9.9946E-05 0.0652097
9.9937E-05 9.9937E-05 9.9937E-05 0.819806 0.156868 9.9937E-05 0.0226257 9.9937E-05 9.9937E-05 9.9937E-05
9.9937E-05 9.9937E-05 0.0771429 0.918741 9.9937E-05 9.9937E-05 9.9937E-05 9.9937E-05 9.9937E-05 0.00341668
0.00594306 9.9928E-05 9.9928E-05 0.993258 9.9928E-05 9.9928E-05 9.9928E-05 9.9928E-05 9.9928E-05 9.9928E-05
9.9928E-05 9.9928E-05 9.9928E-05 0.964256 9.9928E-05 0.0349444 9.9928E-05 9.9928E-05 9.9928E-05 9.9928E-05
9.9946E-05 9.9946E-05 0.0624236 0.752159 0.127293 0.0575241 9.9946E-05 9.9946E-05 9.9946E-05 9.9946E-05
0.0237306 9.9964E-05 9.9964E-05 0.758218 0.162603 0.0352211 9.9964E-05 0.00848671 9.9964E-05 0.0113403
9.9937E-05 9.9937E-05 9.9937E-05 0.926253 9.9937E-05 0.0172078 9.9937E-05 0.0558394 9.9937E-05 9.9937E-05
0.0346795 0.0491686 0.0342496 0.44625 0.251348 9.9973E-05 9.9973E-05 0.118522 9.9973E-05 0.0654814
0.0813391 9.9964E-05 9.9964E-05 0.609354 0.211932 0.00805753 9.9964E-05 0.0793246 9.9964E-05 0.00959222
0.000510049 0.0392334 9.9973E-05 0.740281 0.14307 0.0174237 0.00933343 9.9973E-05 9.9973E-05 0.0498489
0.00312248 9.9964E-05 0.0347479 0.865482 0.0718894 0.0143358 9.9964E-05 9.9964E-05 9.9964E-05 0.010023
9.9937E-05 0.02286 9.9937E-05 0.974416 9.9937E-05 9.9937E-05 9.9937E-05 9.9937E-05 9.9937E-05 0.00202483
0.0701791 0.0290415 9.9946E-05 0.861606 0.0385739 9.9946E-05 9.9946E-05 9.9946E-05 9.9946E-05 9.9946E-05
9.9928E-05 9.9928E-05 9.9928E-05 0.992412 9.9928E-05 0.00678855 9.9928E-05 9.9928E-05 9.9928E-05 9.9928E-05
0.0910224 9.9973E-05 0.000793915 0.593656 0.177931 0.0112687 0.0315698 0.093458 9.9973E-05 9.9973E-05
0.0200336 9.9955E-05 0.00612749 0.862848 9.9955E-05 0.0307272 9.9955E-05 0.079764 9.9955E-05 9.9955E-05
0.315343 0.159569 0.0144525 9.9955E-05 9.9955E-05 9.9955E-05 0.0535366 9.9955E-05 0.456599 9.9955E-05
0.0522987 0.0648336 0.083487 0.0585545 0.368251 0.0701655 0.0608337 9.9991E-05 0.141973 0.0995033
0.26528 9.9973E-05 9.9973E-05 0.0518174 0.35779 0.0180433 9.9973E-05 0.0310522 0.258853 0.0168647
0.0171621 0.223755 9.9991E-05 0.154387 0.0718281 0.0751521 0.0265334 0.0134876 0.373414 0.04418
0.116677 0.0617758 0.0380116 0.0675608 0.441441 0.0405951 9.9991E-05 0.0179491 0.205374 0.0105151
0.13496 0.215229 0.0802543 0.0448247 0.125277 0.0865222 0.0384755 0.0318344 0.242523 9.9991E-05
0.109092 0.0112002 0.0238337 0.106701 0.368843 0.000742798 0.0830624 0.132736 0.107268 0.0565208
0.0969278 0.128961 9.9955E-05 0.150674 0.261838 9.9955E-05 9.9955E-05 9.9955E-05 0.361099 9.9955E-05
9.9982E-05 0.128227 0.00209189 0.160418 0.327405 0.0701513 9.9982E-05 0.0896546 0.148833 0.0730185
0.0878926 0.0481036 9.9964E-05 0.248408 0.234201 0.0463317 9.9964E-05 9.9964E-05 0.334663 9.9964E-05
0.135494 0.0501616 0.0450003 9.9973E-05 0.441715 0.0268269 0.0434599 9.9973E-05 0.257042 9.9973E-05
0.787842 0.0299534 9.9973E-05 9.9973E-05 0.049976 9.9973E-05 0.0351974 0.00728184 0.0357581 0.0536915
0.754365 0.05777 9.9955E-05 0.0556804 9.9955E-05 0.104737 0.0269482 9.9955E-05 9.9955E-05 9.9955E-05
0.860682 0.0640126 9.9946E-05 9.9946E-05 9.9946E-05 0.0240474 9.9946E-05 9.9946E-05 9.9946E-05 0.0506582
0.856029 0.0614875 9.9955E-05 9.9955E-05 0.012375 0.0106745 9.9955E-05 9.9955E-05 9.9955E-05 0.0589341
0.77511 0.0768489 0.0440047 9.9946E-05 9.9946E-05 0.103437 9.9946E-05 9.9946E-05 9.9946E-05 9.9946E-05
0.789318 0.0433176 9.9964E-05 0.042994 0.0531677 0.0689257 9.9964E-05 0.0018774 9.9964E-05 9.9964E-05
0.834384 9.9946E-05 9.9946E-05 0.0758313 0.0218597 0.0673252 9.9946E-05 9.9946E-05 9.9946E-05 9.9946E-05
0.802735 0.0626821 9.9964E-05 9.9964E-05 0.0360028 0.047271 0.0368167 9.9964E-05 9.9964E-05 0.0140926
0.853439 0.0712754 0.00764974 9.9964E-05 0.0458004 0.017432 9.9964E-05 0.00400385 9.9964E-05 9.9964E-05
0.772313 0.112816 9.9955E-05 0.0645923 0.0304002 0.0193793 9.9955E-05 9.9955E-05 9.9955E-05 9.9955E-05
0.594507 9.9964E-05 0.10991 9.9964E-05 9.9964E-05 0.0307027 0.077081 0.0664107 9.9964E-05 0.120988
0.569982 9.9964E-05 0.239635 0.0122332 9.9964E-05 9.9964E-05 0.00848291 0.0197943 9.9964E-05 0.149473
0.478683 0.0395403 0.218289 9.9982E-05 9.9982E-05 0.0388494 0.0690913 0.0256579 0.0271555 0.102533
0.503219 9.9964E-05 0.31106 9.9964E-05 9.9964E-05 9.9964E-05 0.00220224 0.0702015 0.0470576 0.0658604
0.0358407 9.9973E-05 0.138585 9.9973E-05 0.43276 0.0421516 9.9973E-05 0.232099 0.0536104 0.0646539
0.0524511 9.9982E-05 0.0295117 0.0410055 0.499151 9.9982E-05 0.0637459 0.276799 0.0189193 0.0182171
0.0216237 9.9982E-05 0.126155 0.0556947 0.528049 9.9982E-05 0.0725492 0.124578 0.0100978 0.0610517
0.0395536 0.0750204 0.222689 9.9973E-05 0.329743 0.0060191 9.9973E-05 0.266747 9.9973E-05 0.0599281
0.00225074 9.9955E-05 0.551415 9.9955E-05 0.0876063 9.9955E-05 9.9955E-05 0.133865 9.9955E-05 0.224363
0.0527846 9.9982E-05 0.0255865 0.0342584 0.578046 0.00790142 9.9982E-05 0.172084 0.0673863 0.0617527
9.9973E-05 0.00983789 0.0862688 0.0215967 0.557298 9.9973E-05 0.0101382 0.273861 9.9973E-05 0.0407
9.9973E-05 0.0536708 0.08708 9.9973E-05 0.448046 9.9973E-05 0.064771 0.318881 0.00904539 0.0182055
9.9955E-05 9.9955E-05 9.9955E-05 0.0753677 0.350602 9.9955E-05 0.032936 0.488303 0.0522912 9.9955E-05
9.9973E-05 0.0522218 9.9973E-05 9.9973E-05 0.636428 0.00370344 0.0300972 0.118431 0.0161245 0.142694
9.9964E-05 9.9964E-05 0.0575184 9.9964E-05 0.332748 0.00426278 0.0727721 0.424974 9.9964E-05 0.107325
9.9955E-05 9.9955E-05 0.0267614 9.9955E-05 9.9955E-05 0.00972941 0.205074 0.739269 9.9955E-05 0.0186668
0.0588584 0.0010513 0.225563 9.9982E-05 0.474201 0.00969409 0.0884268 0.140282 9.9982E-05 0.00172383
9.9955E-05 0.116677 9.9955E-05 9.9955E-05 0.228502 9.9955E-05 0.115703 0.481946 0.0566718 9.9955E-05
9.9946E-05 0.0551621 9.9946E-05 9.9946E-05 0.508784 9.9946E-05 0.0776493 0.357805 9.9946E-05 9.9946E-05
0.0269231 9.9955E-05 0.207659 9.9955E-05 0.0283773 9.9955E-05 9.9955E-05 0.692203 9.9955E-05 0.0443383
9.9964E-05 0.0897343 9.9964E-05 9.9964E-05 0.0111736 0.00596859 9.9964E-05 0.0106568 0.039106 0.842961
9.9946E-05 9.9946E-05 9.9946E-05 9.9946E-05 0.0429764 0.00301448 9.9946E-05 9.9946E-05 0.130689 0.82272
9.9937E-05 9.9937E-05 9.9937E-05 9.9937E-05 9.9937E-05 9.9937E-05 0.00959301 9.9937E-05 0.0052591 0.984448
0.046 9.9946E-05 9.9946E-05 9.9946E-05 9.9946E-05 9.9946E-05 0.0268022 0.0222233 9.9946E-05 0.904375
9.9955E-05 0.0110148 0.00488665 0.0197563 9.9955E-05 9.9955E-05 9.9955E-05 9.9955E-05 0.120615 0.843228
9.9955E-05 0.0487687 9.9955E-05 0.0416176 0.0654218 9.9955E-05 0.00053913 9.9955E-05 9.9955E-05 0.843153
0.792229 0.0127175 9.9964E-05 0.0773625 0.0830243 0.0289372 0.00533012 9.9964E-05 9.9964E-05 9.9964E-05
0.796085 0.0564742 9.9964E-05 0.0231947 0.0948402 0.00749455 9.9964E-05 9.9964E-05 9.9964E-05 0.0215118
0.749247 9.9955E-05 9.9955E-05 0.083303 0.145168 0.0180931 0.00368845 9.9955E-05 9.9955E-05 9.9955E-05
0.717647 0.00666018 0.093419 0.112674 0.0413168 0.0278828 9.9964E-05 9.9964E-05 9.9964E-05 9.9964E-05
0.754269 0.0381388 0.00744339 0.0303575 0.136524 0.00893038 9.9973E-05 9.9973E-05 0.0240362 9.9973E-05
0.380473 9.9955E-05 0.092454 9.9955E-05 9.9955E-05 0.021403 9.9955E-05 0.0754309 9.9955E-05 0.42974
0.431392 0.0310337 9.9973E-05 9.9973E-05 9.9973E-05 0.0132968 0.071761 0.0431809 0.0423558 0.36668
0.381617 9.9955E-05 9.9955E-05 9.9955E-05 9.9955E-05 0.0345277 0.0811983 0.0695916 9.9955E-05 0.432566
9.99201E-05 9.99201E-05 9.99201E-05 9.99201E-05 9.99201E-05 0.999101 9.99201E-05 9.99201E-05 9.99201E-05 9.99201E-05
0.325781 0.0289788 9.9955E-05 9.9955E-05 9.9955E-05 9.9955E-05 0.0444835 0.0891854 9.9955E-05 0.511072
0.163111 0.228208 9.9955E-05 0.276719 0.283286 9.9955E-05 0.0481762 9.9955E-05 9.9955E-05 9.9955E-05
0.019019 0.0272988 0.0060788 0.183518 0.604483 0.0545929 9.9982E-05 9.9982E-05 0.0126452 0.0921647
0.176737 9.9955E-05 0.0259838 0.210427 0.573761 0.0125912 9.9955E-05 9.9955E-05 9.9955E-05 9.9955E-05
0.164306 0.162655 9.9973E-05 0.138105 0.375193 0.0142176 9.9973E-05 0.114541 9.9973E-05 0.0306827
0.170136 0.0325109 0.0460248 0.136487 0.522423 9.9982E-05 9.9982E-05 0.0656772 0.0048979 0.0216431
0.293728 0.401089 9.9964E-05 0.245448 0.00258556 9.9964E-05 9.9964E-05 9.9964E-05 0.0191457 0.0376034
0.0115224 9.9973E-05 0.220128 9.9973E-05 0.369675 9.9973E-05 0.0973638 0.0959585 0.0295165 0.175536
9.9973E-05 0.100501 0.0961602 9.9973E-05 0.331289 9.9973E-05 0.301664 0.0189923 0.0567824 0.0943118
0.0893207 9.9964E-05 0.626995 9.9964E-05 0.169776 0.0276115 0.00113375 9.9964E-05 9.9964E-05 0.0847627
0.00763385 0.0138254 0.177855 9.9973E-05 0.439722 9.9973E-05 0.254994 0.0466211 9.9973E-05 0.0590479
9.9955E-05 0.14109 0.207121 9.9955E-05 9.9955E-05 9.9955E-05 0.423498 0.195712 9.9955E-05 0.0320787
0.0321796 0.13222 0.188525 0.0734344 0.448697 9.9982E-05 9.9982E-05 0.0181573 0.0887915 0.0177952
0.0347378 9.9973E-05 0.23459 9.9973E-05 0.39417 0.0280499 0.129259 0.143024 9.9973E-05 0.035869
0.0859934 9.9973E-05 0.498017 9.9973E-05 0.184917 0.00134597 9.9973E-05 0.14824 0.0177977 0.0633888
0.085551 0.0428278 0.256206 0.0357106 0.501679 0.0220597 9.9973E-05 9.9973E-05 9.9973E-05 0.0556663
9.9964E-05 0.19447 0.527926 9.9964E-05 0.0145237 9.9964E-05 0.0995686 0.150123 0.0129887 9.9964E-05
9.9964E-05 0.0595423 0.126321 9.9964E-05 0.489146 9.9964E-05 0.13763 9.9964E-05 0.074464 0.112497
9.9964E-05 9.9964E-05 0.210325 9.9964E-05 0.495007 0.0291722 0.0424103 0.100795 9.9964E-05 0.121891
0.104402 0.145401 0.0390822 0.174511 0.395612 9.9982E-05 9.9982E-05 0.0744774 0.0177928 0.0485211
9.9964E-05 0.109379 0.314805 9.9964E-05 0.300575 9.9964E-05 0.148997 0.0817046 9.9964E-05 0.0441392
0.0232462 0.0771606 0.165425 9.9973E-05 0.438635 9.9973E-05 0.129485 0.0451737 9.9973E-05 0.120575
9.9964E-05 9.9964E-05 0.274783 0.0922623 0.366712 9.9964E-05 0.121273 0.0225245 0.122046 9.9964E-05
0.0176097 9.9973E-05 0.244446 9.9973E-05 0.482228 9.9973E-05 0.110367 0.085681 0.0296003 0.0297677
0.0248169 9.9982E-05 0.0963537 0.0354206 0.593512 9.9982E-05 0.0538773 0.0742879 0.0327758 0.0887562
0.0448784 0.0298988 0.155718 0.129767 0.441039 0.0200109 0.00405733 0.0674661 0.0200564 0.0871083
0.123627 0.0718687 0.188804 9.9973E-05 0.543651 9.9973E-05 0.057262 0.0130842 9.9973E-05 0.00140372
0.752881 9.9946E-05 9.9946E-05 0.118384 0.124638 0.00349723 9.9946E-05 9.9946E-05 9.9946E-05 9.9946E-05
0.8059 9.9964E-05 9.9964E-05 0.0815194 0.0446184 0.0104035 0.036524 9.9964E-05 0.0206353 9.9964E-05
0.797244 0.0146075 9.9973E-05 0.0130502 0.0304639 9.9973E-05 0.0718049 9.9973E-05 0.070083 0.00244674
0.781196 9.9973E-05 9.9973E-05 0.0283187 0.0308883 0.0424611 0.0612183 0.011388 9.9973E-05 0.0442296
0.736219 9.9964E-05 9.9964E-05 0.068033 0.126883 0.0320543 0.0321624 9.9964E-05 0.00424914 9.9964E-05
0.0179486 0.04443 0.597656 9.9964E-05 0.157278 0.0243785 9.9964E-05 9.9964E-05 9.9964E-05 0.157909
0.0313223 0.080487 0.237915 0.0656179 0.412349 9.9982E-05 0.0792071 0.0174064 0.0754947 9.9982E-05
0.198737 0.0936081 0.0565675 0.185913 0.327087 9.9973E-05 0.0771952 9.9973E-05 0.0605922 9.9973E-05
9.9991E-05 0.0216641 0.178952 0.0414964 0.591929 0.0430263 0.0312566 0.0263939 0.0454867 0.0196955
0.0670212 9.9973E-05 0.169022 0.0251977 0.454859 9.9973E-05 0.0198323 0.140731 9.9973E-05 0.123037
9.9964E-05 0.170569 0.376556 9.9964E-05 0.210888 0.0224106 0.119013 9.9964E-05 9.9964E-05 0.100163
0.0797383 0.0886966 0.596018 9.9973E-05 9.9973E-05 0.0338055 9.9973E-05 0.0682937 0.0090918 0.124056
0.00160398 9.9973E-05 0.206968 0.0150224 0.49793 0.0108892 0.0858837 9.9973E-05 9.9973E-05 0.181402
0.0814529 9.9973E-05 0.429831 9.9973E-05 0.123371 0.0309656 0.130412 9.9973E-05 0.00638293 0.197284
0.0467783 0.116072 0.0860199 0.0276547 0.417925 9.9991E-05 0.0493963 0.148893 0.016231 0.09093
0.131701 0.0523281 0.46482 9.9973E-05 0.0792643 9.9973E-05 0.0663609 0.0677371 9.9973E-05 0.137488
0.0458096 9.9982E-05 0.155228 0.0968933 0.488263 0.063105 9.9982E-05 0.00154966 0.0303863 0.118566
0.106387 9.9955E-05 0.580414 9.9955E-05 0.116345 9.9955E-05 0.0853958 9.9955E-05 9.9955E-05 0.110959
0.029961 0.0233418 0.399913 0.0814366 0.236026 9.9982E-05 0.115047 9.9982E-05 0.0310758 0.0829976
9.9964E-05 9.9964E-05 9.9964E-05 0.109443 0.402927 9.9964E-05 0.070177 0.0651631 0.322172 0.029718
9.9964E-05 9.9964E-05 0.155546 0.0279817 0.183593 9.9964E-05 0.0726161 9.9964E-05 0.541149 0.0187146
0.0528106 9.9955E-05 0.0834428 9.9955E-05 0.503599 9.9955E-05 9.9955E-05 9.9955E-05 0.348141 0.0115067
0.0920159 0.0843315 0.0491921 9.9991E-05 0.560756 0.0202246 0.0179298 0.0333924 0.0802138 0.0618443
9.9964E-05 9.9964E-05 0.127821 9.9964E-05 0.287488 9.9964E-05 0.0616918 0.0131476 0.481967 0.0274838
0.128673 9.9982E-05 0.0505439 0.0825469 0.401051 9.9982E-05 0.0282149 0.146696 0.101114 0.0609612
9.9973E-05 0.0585245 9.9973E-05 9.9973E-05 0.454021 0.0360562 0.0617971 0.12947 0.209989 0.0498421
9.9955E-05 9.9955E-05 0.131602 9.9955E-05 9.9955E-05 9.9955E-05 0.10424 0.0946103 0.624162 0.0448862
9.9955E-05 0.156828 9.9955E-05 9.9955E-05 0.197503 9.9955E-05 0.103379 0.105772 0.436018 9.9955E-05
9.9964E-05 9.9964E-05 9.9964E-05 9.9964E-05 0.499994 0.000625653 0.0490775 0.0390345 0.31577 0.0950988
9.9982E-05 0.0259937 0.142304 9.9982E-05 0.0954604 0.00657209 0.0774672 0.104924 0.543154 0.00392384
9.9955E-05 0.0914791 0.177085 9.9955E-05 0.416243 9.9955E-05 9.9955E-05 0.049225 0.265468 9.9955E-05
9.9964E-05 0.0602574 0.63699 9.9964E-05 0.0625741 0.0202591 9.9964E-05 0.0992246 9.9964E-05 0.120295
9.9964E-05 0.0126401 0.379211 9.9964E-05 0.234356 9.9964E-05 0.274237 0.0175412 9.9964E-05 0.0816147
9.9982E-05 0.00608523 0.370984 0.0752642 0.309496 0.0119461 0.101997 0.0290547 9.9982E-05 0.0949731
9.9982E-05 0.0764585 0.149134 0.0571568 0.619468 0.00762866 0.0296589 9.9982E-05 0.0115117 0.0487832
9.99778E-05 9.99778E-05 0.582173 0.0357725 0.159587 0.00914579 9.99778E-05 0.109159 0.0181428 0.0857191
9.9973E-05 0.0955563 0.149024 0.108362 0.498296 0.014261 0.099072 9.9973E-05 9.9973E-05 0.0351289
0.0130318 0.11259 0.118506 0.0227134 0.622557 0.0433538 9.9973E-05 9.9973E-05 9.9973E-05 0.0669484
9.9964E-05 0.0499598 0.36796 0.0741219 0.339836 9.9964E-05 9.9964E-05 0.0638872 9.9964E-05 0.103836
0.0739059 9.9955E-05 0.167883 9.9955E-05 0.499534 9.9955E-05 0.12242 9.9955E-05 9.9955E-05 0.135758
9.9973E-05 9.9973E-05 0.160613 0.154355 0.287212 9.9973E-05 0.0216764 0.165019 0.0115316 0.199294
9.9955E-05 9.9955E-05 0.589058 0.0851899 0.136915 9.9955E-05 9.9955E-05 0.0657981 9.9955E-05 0.122539
9.9973E-05 0.044121 0.243907 0.0546987 0.285021 9.9973E-05 0.115334 0.0467738 9.9973E-05 0.209845
9.9973E-05 9.9973E-05 0.365004 0.0235304 0.541568 0.010596 0.0207326 9.9973E-05 0.0017179 0.0365518
0.0523251 0.0847262 0.143187 9.9982E-05 0.540219 0.0116977 0.0424162 0.0766877 0.0485413 9.9982E-05
9.9964E-05 0.14859 0.248402 9.9964E-05 0.370756 9.9964E-05 0.187081 0.00197028 9.9964E-05 0.0428017
9.9964E-05 0.0280696 0.287696 0.0352573 0.460326 9.9964E-05 0.132533 9.9964E-05 9.9964E-05 0.0557184
9.9964E-05 0.0706053 0.287739 9.9964E-05 0.36856 0.0194927 9.9964E-05 9.9964E-05 0.05426 0.198943
0.0189506 9.9964E-05 0.243915 9.9964E-05 0.582432 9.9964E-05 0.048548 0.0436376 9.9964E-05 0.0621172
0.0153425 9.9982E-05 0.264913 0.0702327 0.502865 0.0203548 0.0193363 0.0168992 9.9982E-05 0.0898563
0.0260724 0.0779918 0.140277 0.146563 0.332605 9.9991E-05 0.114374 0.0522434 0.0634606 0.0463134
0.28101 0.0689189 0.0643684 0.138306 0.345762 0.0213748 9.9982E-05 0.0308152 0.049244 9.9982E-05
0.166622 0.0683425 9.9973E-05 0.0921722 0.51804 0.0384025 0.0781233 0.0379979 9.9973E-05 9.9973E-05
0.00689698 0.132116 0.0646602 0.102764 0.45582 0.0340262 9.9991E-05 0.0471895 0.0346451 0.121782
0.0767595 0.0404317 0.0566622 0.0648822 0.575502 9.9991E-05 0.0752992 0.00301099 0.079211 0.0281417
0.0949418 0.0864806 0.083258 0.2002 0.386543 0.039652 0.0298063 0.0789179 9.9982E-05 9.9982E-05
9.9982E-05 0.0227247 0.333578 0.0253321 0.40681 0.0130572 0.148242 9.9982E-05 0.0408279 0.0092286
0.0750278 0.0880268 9.9982E-05 0.151514 0.491316 0.0324882 9.9982E-05 0.0851468 0.0141191 0.062162
0.137562 0.343133 0.0873432 0.0918368 9.9973E-05 9.9973E-05 0.0190465 0.112004 0.208774 9.9973E-05
0.0512701 0.102359 0.250455 0.172713 0.394176 9.9982E-05 9.9982E-05 0.0213057 0.00385442 0.00366734
0.115057 0.0284061 9.9982E-05 0.0978619 0.54038 0.044881 0.0696669 0.0693402 9.9982E-05 0.0342073
0.0828037 0.0151673 0.161757 0.172219 0.451862 0.0134672 0.102423 9.9973E-05 9.9973E-05 9.9973E-05
0.07677 0.286475 0.119337 0.0377846 0.325238 0.0409444 0.0439147 9.9982E-05 0.0693359 9.9982E-05
0.161891 0.168535 9.9937E-05 9.9937E-05 0.668875 9.9937E-05 9.9937E-05 9.9937E-05 9.9937E-05 9.9937E-05
0.092828 0.118488 0.0277605 0.0999037 0.498864 0.0234487 0.0607581 9.9991E-05 0.028363 0.0494858
0.322356 0.422847 9.9973E-05 0.112326 9.9973E-05 0.0208305 0.00205884 0.0828939 0.0363886 9.9973E-05
0.0806642 0.109705 0.0911542 0.13364 0.472306 0.0969405 0.0152907 9.9973E-05 9.9973E-05 9.9973E-05
0.125511 0.0981599 0.0253524 0.153861 0.579089 9.9964E-05 9.9964E-05 0.0176261 9.9964E-05 9.9964E-05
0.0353928 0.0831534 9.9982E-05 0.0727979 0.606276 0.0585603 0.00327067 0.0067208 0.133629 9.9982E-05
0.182844 0.115167 9.9964E-05 0.0678234 0.630055 0.00132042 9.9964E-05 9.9964E-05 0.0023902 9.9964E-05
0.138592 9.9973E-05 0.0484784 0.107788 0.52395 9.9973E-05 0.105808 0.0361905 9.9973E-05 0.0388935
9.9973E-05 9.9973E-05 9.9973E-05 0.0759815 0.3153 0.0542178 0.434565 0.0277639 0.0238895 0.0679826
0.0613973 0.0571331 0.0978866 9.9964E-05 0.594223 9.9964E-05 0.137917 9.9964E-05 9.9964E-05 0.0510431
9.9955E-05 9.9955E-05 0.0849273 0.0294383 9.9955E-05 9.9955E-05 0.725248 0.122773 9.9955E-05 0.0371142
0.0243222 9.9946E-05 9.9946E-05 9.9946E-05 9.9946E-05 9.9946E-05 0.945842 9.9946E-05 0.00341302 0.0258235
9.9964E-05 0.141732 0.065961 0.025226 0.470192 0.0448474 0.251641 9.9964E-05 9.9964E-05 9.9964E-05
0.0233836 0.205088 9.99634E-05 0.220872 0.477525 9.99634E-05 0.0726312 9.99634E-05 9.99634E-05 9.99634E-05
0.0862306 0.118146 9.9955E-05 0.272132 0.316309 9.9955E-05 0.206683 9.9955E-05 9.9955E-05 9.9955E-05
0.0901612 0.266757 0.0766051 0.279377 0.106483 9.9973E-05 0.125662 9.9973E-05 0.0546546 9.9973E-05
0.028317 0.183559 0.0640817 0.20242 0.337593 0.0440355 0.139694 9.9973E-05 9.9973E-05 9.9973E-05
0.0338754 0.203101 9.9964E-05 0.00660876 0.112054 9.9964E-05 0.614082 9.9964E-05 0.0298793 9.9964E-05
0.0378143 0.131156 9.9955E-05 9.9955E-05 0.1482 0.0267218 0.655608 9.9955E-05 9.9955E-05 9.9955E-05
9.9973E-05 0.00659476 9.9973E-05 0.0547555 0.548975 0.00840036 0.334019 0.037354 9.9973E-05 0.00960138
0.0417405 9.9973E-05 0.0405194 0.0737852 0.407572 0.0204029 0.413297 0.00238313 9.9973E-05 9.9973E-05
9.9955E-05 0.0345076 9.9955E-05 0.0713048 0.127027 0.0686742 0.697987 9.9955E-05 9.9955E-05 9.9955E-05
0.0412532 9.9964E-05 0.099146 0.0522176 0.488726 0.0213833 0.296874 9.9964E-05 9.9964E-05 9.9964E-05
0.0067144 0.0417714 9.9973E-05 0.104295 0.460556 9.9973E-05 0.310672 9.9973E-05 0.0526785 0.0230133
0.142187 0.0269801 0.159658 0.0831125 0.382542 0.0361543 0.106574 0.0398784 0.0228138 9.9991E-05
9.9946E-05 9.9946E-05 0.0510989 9.9946E-05 0.268398 9.9946E-05 0.634891 9.9946E-05 9.9946E-05 0.0450124
9.9973E-05 9.9973E-05 0.110804 0.0733221 0.200692 0.0136804 0.417052 0.0749019 0.109248 9.9973E-05
0.0710253 9.9991E-05 0.00956497 0.0283656 0.455606 0.0192987 0.330803 0.0354453 0.0199776 0.0298136
0.0366442 0.00910613 9.9982E-05 0.0152665 0.371202 0.0366806 0.332712 9.9982E-05 0.0861468 0.112042
0.0124033 0.162357 0.140067 0.0428975 0.461848 9.9973E-05 0.179789 0.000338374 9.9973E-05 9.9973E-05
9.9955E-05 0.0281279 0.049584 9.9955E-05 0.46773 9.9955E-05 0.372475 9.9955E-05 0.0815825 9.9955E-05
9.9946E-05 9.9946E-05 0.0295724 9.9946E-05 0.173675 9.9946E-05 0.775138 9.9946E-05 9.9946E-05 0.0210149
0.0274463 0.0172309 9.9964E-05 9.9964E-05 0.52554 0.00892778 0.298919 0.121536 9.9964E-05 9.9964E-05
0.0285532 0.0487979 0.0541674 0.143783 0.364934 0.0320247 0.0799717 0.171925 0.0437588 0.0320852
9.9946E-05 9.9946E-05 9.9946E-05 9.9946E-05 0.248573 9.9946E-05 0.727038 0.0111203 9.9946E-05 0.0126694
9.9946E-05 9.9946E-05 9.9946E-05 9.9946E-05 0.38267 0.046961 0.525815 9.9946E-05 0.0439547 9.9946E-05
9.9973E-05 0.042196 9.9973E-05 0.00313691 0.541587 0.0598643 0.308797 9.9973E-05 0.0186817 0.0254376
0.0125727 9.9973E-05 0.0127409 9.9973E-05 0.442724 0.0574232 0.318396 0.10306 9.9973E-05 0.0527829
0.201063 0.0517269 0.00681908 0.200814 0.3961 9.9991E-05 0.0360153 0.0185379 0.0252081 0.0636158
0.128547 9.9973E-05 0.0687875 0.12907 0.353881 9.9973E-05 0.167575 9.9973E-05 0.090058 0.0617809
0.113184 0.0430966 9.9982E-05 0.268088 0.226468 0.0458615 0.11232 9.9982E-05 0.155278 0.0355029
0.0476187 0.169146 0.0519441 0.0590081 0.425502 0.0412027 0.0534754 9.9991E-05 0.0697104 0.0822933
0.100791 9.9964E-05 0.060406 0.188643 0.454032 9.9964E-05 9.9964E-05 0.0953041 9.9964E-05 0.100424
0.193272 0.00510257 9.9991E-05 0.117006 0.392098 0.0321586 0.157012 0.0250989 0.0321838 0.0459683
0.150794 0.0855524 9.9973E-05 0.116278 9.9973E-05 0.0132391 0.549615 9.9973E-05 0.0530937 0.0311279
0.0533994 9.9964E-05 9.9964E-05 0.162928 0.591654 0.0290241 0.102372 9.9964E-05 9.9964E-05 0.0602231
0.337637 0.0940813 9.9955E-05 0.0984725 9.9955E-05 9.9955E-05 0.446743 9.9955E-05 0.0225669 9.9955E-05
9.9955E-05 0.0154064 9.9955E-05 0.164296 0.468606 0.0172021 0.33399 9.9955E-05 9.9955E-05 9.9955E-05
9.9964E-05 0.00243558 9.9964E-05 9.9964E-05 0.0353917 9.9964E-05 0.771349 0.163944 0.0166499 0.00983011
9.9946E-05 9.9946E-05 0.0180374 9.9946E-05 9.9946E-05 0.00993936 0.921338 0.0500853 9.9946E-05 9.9946E-05
