9.9991E-05 0.924205 0.0756948
9.999E-05 0.948141 0.0517592
9.999E-05 0.810099 0.189801
0.0198822 0.820953 0.159165
9.9991E-05 0.853548 0.146352
0.194896 0.640984 0.16412
0.0401149 0.893561 0.0663243
0.0954048 0.812716 0.0918796
0.0833121 0.916588 9.9991E-05
0.0863317 0.752908 0.16076
0.138379 0.820259 0.041362
0.780361 0.0697767 0.149863
0.50188 0.0840455 0.414075
0.730654 0.0828156 0.186531
0.581338 0.12134 0.297323
0.475877 0.180913 0.34321
0.493485 0.0342616 0.472253
0.586842 0.0424214 0.370737
0.579163 0.176712 0.244125
0.785875 0.214025 9.9991E-05
0.700712 0.0622972 0.23699
0.60808 0.0202338 0.371687
0.660812 0.00114598 0.338042
0.69382 0.0726145 0.233566
0.463686 0.0519936 0.48432
0.51941 9.9991E-05 0.48049
0.686643 0.179751 0.133606
0.625878 0.153753 0.220369
0.774906 0.138861 0.0862325
9.9991E-05 0.806469 0.193431
9.9991E-05 0.79154 0.20836
0.0148918 0.772477 0.212631
0.0602513 0.713047 0.226702
0.704289 9.9991E-05 0.295611
0.543734 0.0768162 0.37945
0.616443 9.9991E-05 0.383457
0.745926 0.253974 9.9991E-05
0.773496 9.9991E-05 0.226404
0.588108 0.0429298 0.368962
0.583078 9.9991E-05 0.416822
0.586704 0.0567913 0.356505
0.588514 0.037562 0.373924
0.881883 0.08946 0.0286566
0.574296 0.0580119 0.367692
0.571977 9.9991E-05 0.427923
0.528466 0.116971 0.354562
0.825686 9.9991E-05 0.174214
0.59012 0.00226869 0.407611
0.539321 0.0929501 0.367729
0.839529 0.160371 9.9991E-05
0.872416 0.0519505 0.0756335
0.828359 0.171541 9.9991E-05
0.417297 0.117141 0.465563
0.52362 0.068294 0.408086
0.5484 0.0450095 0.40659
0.74075 0.208755 0.0504949
0.654743 9.9991E-05 0.345157
0.453971 0.0883415 0.457688
0.658501 0.132486 0.209013
0.615844 0.329029 0.0551264
0.567979 0.0909931 0.341028
0.640856 0.0964313 0.262713
0.808755 0.191145 9.9991E-05
0.696086 9.9991E-05 0.303814
0.548457 9.9991E-05 0.451443
0.471651 0.0961512 0.432198
0.686605 0.123013 0.190382
0.603286 9.9991E-05 0.396614
0.56547 9.9991E-05 0.43443
0.818846 0.121629 0.0595251
0.694469 9.9991E-05 0.305431
0.872821 0.0337217 0.0934571
0.50252 0.115787 0.381693
0.948483 0.0514169 9.9991E-05
0.967734 0.032166 9.9991E-05
0.834207 9.9991E-05 0.165693
0.71873 0.0375864 0.243684
0.501706 0.0706292 0.427665
0.695605 9.9991E-05 0.304295
0.840837 0.066057 0.0931064
0.813595 0.0886268 0.0977778
0.45308 0.0901186 0.456801
0.743574 0.053021 0.203405
0.656985 9.9991E-05 0.342915
0.76622 9.9991E-05 0.23368
0.927654 0.0722459 9.9991E-05
0.577557 9.9991E-05 0.422343
0.00580743 0.849481 0.144712
9.9991E-05 0.902099 0.0978008
9.9991E-05 0.848379 0.151521
9.9991E-05 0.897028 0.102872
9.9991E-05 0.839882 0.160018
9.9991E-05 0.874454 0.125446
9.9991E-05 0.899092 0.100808
0.608214 0.123119 0.268667
0.525137 0.0655709 0.409293
0.92048 0.0794203 9.9991E-05
0.59031 0.0290361 0.380654
0.654697 0.0224528 0.322851
0.617274 0.0329172 0.349809
0.696679 0.00551983 0.297801
0.671893 9.9991E-05 0.328007
0.87529 0.12461 9.9991E-05
0.597334 0.049809 0.352857
0.551017 9.9991E-05 0.448883
0.574995 0.0161779 0.408827
0.772589 0.00357453 0.223836
0.666233 9.9991E-05 0.333667
0.734626 9.9991E-05 0.265274
0.71915 9.9991E-05 0.28075
0.705424 0.0798576 0.214718
0.564936 0.0643847 0.370679
0.748765 0.127454 0.123781
0.538102 0.157032 0.304866
0.50532 0.109547 0.385133
0.535886 0.0265902 0.437524
0.655113 0.104983 0.239904
0.550025 0.0642353 0.38574
0.66032 0.0502548 0.289425
0.572125 0.0550209 0.372854
0.476243 0.0760601 0.447697
0.638432 9.9991E-05 0.361468
0.689654 0.0419143 0.268432
0.505594 9.9991E-05 0.494306
0.516326 0.0591252 0.424548
0.642581 9.9991E-05 0.357319
0.55391 0.0791195 0.366971
0.546668 0.0286602 0.424671
0.598239 0.179017 0.222744
0.562858 9.9991E-05 0.437043
0.478946 9.9991E-05 0.520954
0.731074 0.100876 0.168049
0.709687 0.196866 0.0934477
0.572453 0.044315 0.383232
0.886491 0.060798 0.0527113
0.852331 0.0973893 0.0502801
0.770828 0.0163503 0.212822
0.798002 0.0997417 0.102257
0.820547 0.071624 0.107829
0.553417 0.0411905 0.405392
0.542474 0.0278779 0.429648
0.623566 0.0429621 0.333472
0.778843 0.0808951 0.140262
0.489601 0.144905 0.365494
0.629924 0.0390008 0.331075
0.685373 0.314527 9.9991E-05
0.488588 0.07036 0.441052
0.66073 0.11707 0.222201
0.539352 0.0941078 0.366541
0.62894 0.189557 0.181503
0.787219 0.200887 0.011894
0.663843 0.0929047 0.243253
0.537074 0.0488289 0.414097
0.545824 0.125733 0.328443
0.668609 0.2248 0.106592
0.569798 0.0395741 0.390628
0.846835 9.9991E-05 0.153065
0.737197 0.00600042 0.256803
0.493781 0.0890731 0.417146
0.203721 0.401322 0.394957
0.0983146 0.746446 0.155239
0.174694 0.692116 0.13319
0.125391 0.462882 0.411727
0.591422 9.9991E-05 0.408478
0.536703 0.0249135 0.438384
0.0229394 0.0392513 0.937809
0.262505 0.0832731 0.654222
0.239404 0.102539 0.658056
0.766696 0.0696906 0.163614
0.566502 0.0665152 0.366983
0.783632 0.0938859 0.122482
0.646669 9.9991E-05 0.353231
0.672404 0.0214988 0.306098
0.619054 0.00371097 0.377235
0.825758 0.0942237 0.0800187
0.552477 9.9991E-05 0.447423
0.562193 9.9991E-05 0.437707
9.9991E-05 0.0551888 0.944711
0.00836199 0.0215009 0.970137
0.0826683 0.182038 0.735294
0.106696 9.9991E-05 0.893204
0.00642997 0.0978844 0.895686
9.9991E-05 0.0448362 0.955064
9.9991E-05 0.115998 0.883902
9.999E-05 9.999E-05 0.9998
9.9991E-05 0.0302629 0.969637
9.9991E-05 0.0713403 0.92856
9.9991E-05 0.0958572 0.904043
0.0473743 0.102008 0.850618
9.9991E-05 0.122383 0.877517
9.9991E-05 0.0522565 0.947644
0.336316 0.125991 0.537693
0.0440275 0.108749 0.847223
9.9991E-05 0.0772105 0.922689
9.9991E-05 0.0888011 0.911099
9.9991E-05 0.0483503 0.95155
9.9991E-05 0.117841 0.882059
9.9991E-05 0.100486 0.899414
0.0928831 0.11416 0.792957
9.9991E-05 0.110306 0.889594
0.458812 0.506142 0.0350462
0.522991 0.178069 0.29894
0.452014 0.211794 0.336192
0.469133 0.309214 0.221653
0.371613 0.174037 0.45435
0.406401 0.334965 0.258633
0.369864 0.227781 0.402355
0.360342 0.275486 0.364171
0.432166 0.140859 0.426975
0.348628 0.214272 0.4371
0.426978 0.164263 0.408759
0.0620534 0.866508 0.0714389
9.9991E-05 0.901601 0.0982992
9.9991E-05 0.930874 0.0690264
9.9991E-05 0.969568 0.0303316
9.9991E-05 0.895954 0.103946
9.9991E-05 0.883427 0.116473
9.9991E-05 0.897042 0.102858
0.0201269 0.906562 0.0733107
9.9991E-05 0.894818 0.105082
9.9991E-05 0.896487 0.103413
0.278239 0.721661 9.9991E-05
0.287394 0.712506 9.9991E-05
0.342247 0.657653 9.9991E-05
0.414932 0.584968 9.9991E-05
0.772323 9.9991E-05 0.227577
0.627433 0.00595567 0.366612
0.632477 9.9991E-05 0.367423
0.699848 0.132071 0.168082
0.851508 0.115661 0.0328301
0.559069 0.00242238 0.438509
0.656583 9.9991E-05 0.343317
0.662847 9.9991E-05 0.337053
0.726761 9.9991E-05 0.273139
0.607384 0.0167494 0.375866
0.78499 9.9991E-05 0.21491
0.989884 0.0100155 9.9991E-05
0.613718 0.0363833 0.349899
0.827683 0.0341242 0.138193
0.673648 9.9991E-05 0.326252
0.922802 0.0758209 0.00137738
0.706107 0.293793 9.9991E-05
0.702163 0.297737 9.9991E-05
0.748385 0.251515 9.9991E-05
0.676391 0.323509 9.9991E-05
0.797339 0.202561 9.9991E-05
0.742421 0.239471 0.0181082
9.9991E-05 0.851128 0.148772
9.9991E-05 0.844647 0.155253
0.00770497 0.73165 0.260645
0.0208731 0.761771 0.217356
9.9991E-05 0.805447 0.194453
0.450783 0.549117 9.9991E-05
0.402397 0.597503 9.9991E-05
0.40174 0.59816 9.9991E-05
9.9991E-05 0.804925 0.194975
0.43957 0.56033 9.9991E-05
0.145003 0.300782 0.554215
0.250765 0.176175 0.57306
0.166033 0.146704 0.687262
0.246131 0.274991 0.478878
0.403087 0.079492 0.517421
0.0209985 0.59472 0.384281
0.714509 0.0504753 0.235016
0.753467 0.0646807 0.181852
0.67746 0.198964 0.123576
0.750705 9.9991E-05 0.249195
0.894579 0.105321 9.9991E-05
0.453821 0.149006 0.397173
0.715408 0.0183518 0.26624
0.792235 0.104642 0.103124
0.480371 0.108601 0.411028
0.891218 0.108682 9.9991E-05
0.67728 0.0376337 0.285086
0.60749 0.00149461 0.391015
0.421514 0.156935 0.42155
0.77037 9.9991E-05 0.22953
0.689604 0.0365636 0.273832
0.604785 9.9991E-05 0.395115
0.688935 9.9991E-05 0.310965
0.561133 9.9991E-05 0.438767
0.495954 0.0807119 0.423334
0.589773 0.0145049 0.395722
9.9991E-05 0.754419 0.245481
9.9991E-05 0.802452 0.197448
0.0859962 0.799116 0.114888
0.0664115 0.823361 0.110227
9.9991E-05 0.796947 0.202953
0.741323 0.167941 0.0907369
0.553211 0.066346 0.380443
0.394153 0.180034 0.425812
0.513809 9.9991E-05 0.486091
0.54786 0.0738184 0.378322
0.693298 0.106439 0.200263
0.694361 0.305539 9.9991E-05
0.588204 0.0178692 0.393927
0.70578 0.225499 0.0687209
0.655479 0.0935384 0.250982
0.678829 0.275818 0.0453531
0.485172 0.0831972 0.431631
0.749929 0.218276 0.0317958
0.670118 0.0929677 0.236914
0.616321 0.0533576 0.330322
0.766767 0.0905676 0.142665
0.548482 0.0791606 0.372358
0.45187 0.120328 0.427802
0.760978 0.046475 0.192547
0.510592 0.0402915 0.449116
0.623946 0.0426286 0.333425
0.90421 0.0650588 0.030731
0.836513 0.0687446 0.0947423
0.691981 0.0238564 0.284163
0.898871 0.101029 9.9991E-05
0.715709 0.0336258 0.250666
0.797047 0.157553 0.0454006
0.878996 9.9991E-05 0.120904
0.617818 0.10741 0.274772
0.539231 0.0464642 0.414305
0.866068 0.0502133 0.083719
0.464544 0.121996 0.41346
0.511699 0.0342703 0.45403
0.586424 9.9991E-05 0.413476
0.592466 0.0384383 0.369096
0.622822 0.0974366 0.279742
0.792492 0.0707172 0.136791
0.704923 0.0450079 0.250069
0.682502 9.9991E-05 0.317398
0.536503 0.00461765 0.45888
0.649748 0.068867 0.281385
0.653994 9.9991E-05 0.345906
0.618788 0.137207 0.244005
0.543391 9.9991E-05 0.456509
0.573638 0.0501249 0.376238
0.477093 0.126603 0.396304
0.245093 0.326429 0.428478
0.296278 0.168871 0.534851
0.447526 0.0664281 0.486046
0.508685 0.0222042 0.469111
0.314433 0.15854 0.527026
0.672905 9.9991E-05 0.326995
0.410199 0.129465 0.460336
0.495962 0.370053 0.133985
0.36171 0.11245 0.525841
0.472114 0.116686 0.411199
0.415815 0.0552367 0.528948
0.431633 0.224234 0.344134
0.372072 0.116151 0.511777
0.309467 0.106942 0.583592
0.185206 0.678146 0.136647
0.2856 0.130383 0.584017
0.324821 0.0811263 0.594052
0.50163 0.022461 0.475909
0.254032 0.146938 0.59903
0.463463 0.0866505 0.449887
0.680906 0.010309 0.308785
0.557397 9.9991E-05 0.442503
0.969822 0.0300776 9.9991E-05
0.927497 0.0724033 9.9991E-05
0.596143 0.0617139 0.342143
0.258568 0.108145 0.633287
0.321475 0.067293 0.611232
0.292723 0.289948 0.417329
0.270795 0.220683 0.508523
0.65666 0.195318 0.148022
0.57291 0.192758 0.234332
0.559148 9.9991E-05 0.440752
0.547503 0.0162707 0.436227
0.601624 0.123493 0.274882
0.544501 0.0336532 0.421845
0.566045 0.0281358 0.405819
0.493038 0.0908863 0.416076
0.85169 0.033036 0.115274
0.812909 9.9991E-05 0.186991
0.664329 9.9991E-05 0.335571
0.677907 0.0634398 0.258653
0.553937 0.110997 0.335065
0.748162 9.9991E-05 0.251739
0.867592 0.0319274 0.100481
0.601716 9.9991E-05 0.398184
0.557135 0.106386 0.336479
0.889914 0.00338771 0.106698
0.714664 9.9991E-05 0.285236
0.591248 0.0459837 0.362768
0.644265 9.9991E-05 0.355635
0.33947 0.166753 0.493778
0.489862 0.0793247 0.430813
0.292349 0.229709 0.477942
0.345376 0.163579 0.491045
0.399769 0.122245 0.477986
0.381236 0.143874 0.474891
0.563253 0.327625 0.109122
0.364397 0.0452792 0.590323
0.300139 0.563831 0.13603
0.434146 0.0511299 0.514724
0.947868 0.021047 0.0310846
0.912159 0.0877411 9.9991E-05
0.7635 9.9991E-05 0.2364
0.540353 9.9991E-05 0.459547
0.787574 9.9991E-05 0.212326
0.728912 9.9991E-05 0.270988
0.649656 9.9991E-05 0.350244
0.0484598 0.794191 0.157349
0.0797219 0.777611 0.142667
9.9991E-05 0.891127 0.108773
9.9991E-05 0.894226 0.105674
0.69601 0.00636379 0.297626
0.590484 9.9991E-05 0.409416
0.712783 9.9991E-05 0.287117
0.641642 0.00850894 0.349849
0.557949 0.0787219 0.363329
0.82651 0.0505729 0.122917
0.628512 9.9991E-05 0.371388
0.852026 9.9991E-05 0.147874
0.311553 0.205181 0.483266
0.662745 9.9991E-05 0.337155
0.789796 9.9991E-05 0.210104
0.654387 9.9991E-05 0.345513
0.781731 9.9991E-05 0.218169
0.580523 9.9991E-05 0.419377
0.621549 0.0114148 0.367037
0.9998 9.999E-05 9.999E-05
0.86641 9.9991E-05 0.13349
0.814723 9.9991E-05 0.185177
0.9998 9.999E-05 9.999E-05
0.631724 0.0793796 0.288896
0.897835 0.0877926 0.0143722
0.911724 0.0881758 9.9991E-05
0.568121 9.9991E-05 0.431779
0.836549 0.0727957 0.0906557
0.741889 9.9991E-05 0.258011
0.495303 0.0897356 0.414962
0.722953 9.9991E-05 0.276947
0.728972 9.9991E-05 0.270928
0.621839 0.00615572 0.372005
0.679103 9.9991E-05 0.320797
0.851935 9.9991E-05 0.147965
0.589039 0.0319251 0.379036
0.249285 0.750615 9.9991E-05
0.140249 0.809083 0.0506685
0.11283 0.88707 9.9991E-05
0.106836 0.893064 9.9991E-05
0.211644 0.788256 9.9991E-05
0.853832 0.0467586 0.0994096
0.887858 0.10656 0.00558201
0.89988 9.9991E-05 0.10002
0.537925 9.9991E-05 0.461975
0.527846 0.0737315 0.398423
0.764011 9.9991E-05 0.235889
0.589522 9.9991E-05 0.410378
0.638151 0.0461581 0.315691
0.675896 9.9991E-05 0.324004
0.623048 0.0149971 0.361955
0.840938 9.9991E-05 0.158962
0.780906 9.9991E-05 0.218994
0.800643 9.9991E-05 0.199257
0.521998 0.0688872 0.409115
0.809076 0.0157315 0.175193
0.745419 9.9991E-05 0.254481
0.214284 0.129358 0.656358
0.147209 0.131227 0.721564
0.157929 0.157406 0.684664
0.107048 0.208169 0.684783
0.243361 0.131993 0.624646
0.663919 0.000477396 0.335604
9.9991E-05 0.307558 0.692342
0.107774 0.211137 0.681088
0.395397 0.154634 0.44997
0.528744 0.153377 0.317879
0.5613 0.127116 0.311583
0.477492 0.0749478 0.44756
0.580156 0.0645246 0.355319
0.0733309 0.207616 0.719053
0.337203 0.069877 0.59292
0.119599 0.117156 0.763245
0.253228 0.10393 0.642842
0.124497 0.152312 0.723191
0.26705 0.104771 0.628178
0.0969055 0.195811 0.707283
0.251947 0.103695 0.644358
0.536806 0.0560038 0.40719
0.244564 0.164962 0.590474
9.9991E-05 0.21533 0.78457
0.285139 0.0945732 0.620288
0.679175 0.229663 0.0911621
0.538658 9.9991E-05 0.461242
0.228579 0.24306 0.528361
0.509118 0.0835809 0.407301
0.513504 0.156443 0.330053
0.324355 0.246238 0.429408
0.215685 0.251793 0.532522
0.470248 0.0164209 0.513331
0.280621 0.127324 0.592055
0.134757 0.121944 0.743299
9.99922E-05 0.291513 0.708387
0.51815 0.00920277 0.472647
0.59654 0.102053 0.301407
0.635362 0.271427 0.0932108
0.498573 0.0464859 0.454941
0.60367 0.14754 0.24879
0.383144 0.135912 0.480944
0.488305 0.17613 0.335565
0.320693 0.50218 0.177127
0.302406 0.543982 0.153612
0.469368 0.279137 0.251495
0.299583 0.459214 0.241203
0.144072 0.579303 0.276625
0.485543 0.153937 0.360519
0.385171 0.199407 0.415423
0.325622 0.38988 0.284498
0.341103 0.400454 0.258443
0.412054 0.0992169 0.48873
0.462407 0.328491 0.209102
0.262021 0.649745 0.0882344
0.401582 0.10983 0.488587
0.304973 0.214128 0.480898
0.304745 0.251357 0.443898
0.236039 0.141097 0.622864
0.338025 0.180984 0.480991
0.364201 0.0830127 0.552786
0.338551 0.118961 0.542488
0.210502 0.367764 0.421734
0.340448 0.149385 0.510167
0.249048 0.140018 0.610934
0.314681 0.280044 0.405275
0.472727 0.217481 0.309792
0.470325 0.0375167 0.492159
0.359382 0.181969 0.458648
0.460162 0.0435571 0.49628
0.118152 0.334324 0.547524
0.310329 0.214859 0.474812
0.158164 0.448452 0.393384
0.294057 0.104951 0.600992
0.205778 0.295893 0.498328
0.124795 0.856572 0.0186332
0.723153 0.276748 9.9991E-05
0.711024 0.288876 9.9991E-05
0.70558 0.29432 9.9991E-05
0.759683 0.240217 9.9991E-05
0.71639 0.28351 9.9991E-05
0.777767 0.222133 9.9991E-05
0.6748 0.3251 9.9991E-05
0.574871 0.425029 9.9991E-05
9.9991E-05 0.900241 0.0996595
0.0581701 0.855425 0.0864052
9.9991E-05 0.875147 0.124753
0.0370327 0.89575 0.0672171
9.9991E-05 0.870339 0.129561
0.0326035 0.920025 0.0473719
0.0496832 0.736443 0.213874
9.9991E-05 0.851916 0.147984
0.104643 0.748075 0.147282
9.9991E-05 0.857909 0.141991
9.9991E-05 0.974763 0.0251373
0.0472908 0.834202 0.118507
9.9991E-05 0.959989 0.0399106
9.9991E-05 0.858523 0.141377
9.9991E-05 0.83642 0.16348
9.9991E-05 0.80234 0.19756
9.9991E-05 0.757767 0.242133
9.9991E-05 0.733905 0.265995
9.9991E-05 0.780461 0.219439
0.532233 0.193448 0.274319
0.587998 0.00805564 0.403947
0.479407 0.0718202 0.448773
0.764257 0.229606 0.00613708
0.583564 0.0951519 0.321284
0.638538 0.273515 0.0879469
0.491379 0.0442753 0.464345
0.671727 0.0951979 0.233076
0.630052 0.0793906 0.290557
0.638898 9.9991E-05 0.361002
0.605704 0.119786 0.27451
0.564678 0.00796735 0.427354
0.585975 0.0546181 0.359407
0.840715 0.150737 0.008548
0.79365 0.20625 9.9991E-05
0.707543 0.220521 0.0719356
0.509394 0.0991165 0.391489
0.576508 0.0851786 0.338314
0.548386 0.134579 0.317035
0.540832 0.0188928 0.440275
0.396649 0.0847278 0.518624
0.297499 0.140641 0.56186
0.311485 0.449483 0.239032
0.489778 0.0983574 0.411864
0.399855 0.180975 0.41917
0.251918 0.620371 0.12771
0.307965 0.278844 0.413191
0.243035 0.370322 0.386643
0.351533 0.273728 0.374739
0.412638 0.106882 0.48048
0.312289 0.156207 0.531504
0.323128 0.118412 0.55846
0.33812 0.268912 0.392967
0.105248 0.466162 0.428591
