9.9991E-05 0.903798 0.0961021
0.0260425 0.950113 0.0238441
0.00664677 0.807319 0.186034
0.0180077 0.815886 0.166106
9.9991E-05 0.875011 0.124889
0.210382 0.641927 0.147691
0.0639567 0.879758 0.0562857
0.145938 0.804793 0.0492693
0.0658897 0.93401 9.9991E-05
0.0926957 0.719796 0.187509
0.151748 0.818172 0.0300807
0.760879 0.0607468 0.178374
0.592143 9.9991E-05 0.407757
0.687516 0.119482 0.193002
0.58144 0.130482 0.288078
0.490824 0.157732 0.351445
0.478301 0.0287006 0.492998
0.667845 0.0110036 0.321152
0.619265 0.156975 0.22376
0.778125 0.221775 9.9991E-05
0.676506 0.0203 0.303194
0.608704 0.0843071 0.306989
0.685861 9.9991E-05 0.314039
0.66864 0.0779484 0.253411
0.502524 0.0370361 0.46044
0.555327 0.00285678 0.441817
0.71346 0.132178 0.154362
0.612665 0.139926 0.247409
0.763289 0.121817 0.114894
9.9991E-05 0.781202 0.218698
9.9991E-05 0.836759 0.163141
0.0503325 0.771714 0.177954
0.0232727 0.720976 0.255751
0.611562 9.9991E-05 0.388338
0.642513 9.9991E-05 0.357387
0.602573 9.9991E-05 0.397327
0.718547 0.241229 0.0402234
0.748087 9.9991E-05 0.251813
0.688353 0.0249614 0.286686
0.59982 9.9991E-05 0.40008
0.554028 0.0658701 0.380102
0.527293 0.0351865 0.43752
0.880665 0.0764496 0.042885
0.597301 9.9991E-05 0.402599
0.567179 9.9991E-05 0.432721
0.4551 0.110117 0.434783
0.804624 9.9991E-05 0.195276
0.529363 9.9991E-05 0.470537
0.5887 0.0578516 0.353448
0.831532 0.168368 9.9991E-05
0.850767 0.0890556 0.0601776
0.845077 0.143684 0.0112394
0.538125 0.0397284 0.422147
0.505347 0.0156167 0.479037
0.493529 0.090629 0.415842
0.769801 0.201146 0.0290537
0.653814 9.9991E-05 0.346086
0.479472 0.11132 0.409207
0.580657 0.179892 0.239451
0.598853 0.357227 0.0439197
0.576471 0.0171552 0.406374
0.62732 0.15208 0.2206
0.79663 0.20327 9.9991E-05
0.668934 9.9991E-05 0.330966
0.583437 9.9991E-05 0.416463
0.531031 0.0627089 0.40626
0.700204 0.0837746 0.216021
0.637695 0.0190543 0.343251
0.581003 0.0237869 0.39521
0.833515 0.124821 0.0416634
0.717475 9.9991E-05 0.282425
0.821723 0.0336278 0.144649
0.518874 0.0940092 0.387117
0.972375 0.0275245 9.9991E-05
0.972736 0.0271641 9.9991E-05
0.804423 9.9991E-05 0.195477
0.712731 9.9991E-05 0.287169
0.512581 0.07679 0.410629
0.694516 0.000349317 0.305135
0.773805 0.0562682 0.169926
0.782767 0.105022 0.112211
0.529133 0.0875727 0.383294
0.808142 0.00278885 0.189069
0.721009 9.9991E-05 0.278891
0.826631 9.9991E-05 0.173269
0.92472 0.0751795 9.9991E-05
0.534458 9.9991E-05 0.465442
0.00490826 0.812143 0.182949
9.9991E-05 0.913498 0.0864025
9.9991E-05 0.868263 0.131637
9.9991E-05 0.888651 0.111249
9.9991E-05 0.830772 0.169128
9.9991E-05 0.902712 0.0971877
9.9991E-05 0.882898 0.117002
0.618618 0.0212745 0.360108
0.578667 0.017375 0.403958
0.909431 0.0843576 0.00621177
0.528917 0.0141289 0.456954
0.759878 9.9991E-05 0.240022
0.540619 9.9991E-05 0.459281
0.591593 9.9991E-05 0.408307
0.58446 9.9991E-05 0.41544
0.891263 0.108637 9.9991E-05
0.514024 0.0885125 0.397464
0.576711 9.9991E-05 0.423189
0.538235 0.0655586 0.396207
0.808309 9.9991E-05 0.191591
0.632861 9.9991E-05 0.367039
0.724706 0.0163576 0.258936
0.737837 9.9991E-05 0.262063
0.690863 0.0331509 0.275986
0.574898 0.0765475 0.348554
0.693557 0.106602 0.199841
0.546659 0.155417 0.297924
0.561226 0.025545 0.413229
0.531106 0.0612883 0.407605
0.730766 0.0482594 0.220974
0.561501 0.0213862 0.417113
0.685566 0.0215297 0.292904
0.591179 0.0608179 0.348003
0.582237 9.9991E-05 0.417663
0.605428 0.0337986 0.360774
0.680929 0.0581511 0.26092
0.538467 9.9991E-05 0.461433
0.483026 0.0117241 0.50525
0.612032 9.9991E-05 0.387868
0.510558 0.127058 0.362384
0.56727 9.9991E-05 0.43263
0.624686 0.146798 0.228516
0.547731 0.0172831 0.434986
0.490544 9.9991E-05 0.509356
0.735061 0.116542 0.148398
0.713441 0.173235 0.113324
0.577368 0.0561655 0.366467
0.872875 0.0540164 0.0731081
0.759869 0.168459 0.0716725
0.751224 0.0110807 0.237695
0.760191 0.105429 0.13438
0.768404 0.10004 0.131556
0.603155 9.9991E-05 0.396745
0.506337 0.109049 0.384615
0.590937 0.0602973 0.348766
0.792709 0.135694 0.0715971
0.499184 0.132634 0.368182
0.608185 9.9991E-05 0.391715
0.718576 0.281324 9.9991E-05
0.550995 0.0382392 0.410766
0.646533 0.138821 0.214646
0.559162 0.0721997 0.368638
0.698257 0.151396 0.150348
0.772651 0.209821 0.0175283
0.697548 0.0437551 0.258697
0.557555 0.0761904 0.366254
0.500554 0.177619 0.321827
0.650957 0.214182 0.134861
0.605708 0.0313053 0.362987
0.820749 9.9991E-05 0.179151
0.714567 9.9991E-05 0.285333
0.556835 0.0843781 0.358787
0.195646 0.44786 0.356495
0.0755296 0.799608 0.124862
0.216491 0.668888 0.114621
0.0901546 0.515495 0.39435
0.606444 9.9991E-05 0.393456
0.513535 0.0666727 0.419792
0.0648964 0.00775498 0.927349
0.299123 0.0533377 0.647539
0.283484 0.111668 0.604847
0.747536 0.0503693 0.202095
0.503517 0.1222 0.374283
0.789148 0.113231 0.0976204
0.572 9.9991E-05 0.4279
0.71255 0.0473386 0.240112
0.610156 0.0358565 0.353987
0.856434 0.0630819 0.0804841
0.484471 0.0852545 0.430274
0.526332 0.0665144 0.407153
9.9991E-05 0.0888157 0.911084
9.9991E-05 0.0837021 0.916198
0.10754 0.175008 0.717453
0.0570086 0.0651991 0.877792
9.9991E-05 0.114644 0.885256
9.9991E-05 0.0587811 0.941119
9.9991E-05 0.12673 0.87317
9.9991E-05 0.0463979 0.953502
9.9991E-05 0.0263159 0.973584
9.9991E-05 0.0701864 0.929714
9.9991E-05 0.073377 0.926523
9.9991E-05 0.106163 0.893737
9.9991E-05 0.132093 0.867807
9.9991E-05 0.0611506 0.938749
0.261876 0.0852021 0.652922
0.0792549 0.0766372 0.844108
9.9991E-05 0.16451 0.83539
9.9991E-05 0.104871 0.895029
9.9991E-05 0.0718079 0.928092
9.9991E-05 0.139193 0.860707
9.9991E-05 0.0972951 0.902605
0.109221 0.0814842 0.809294
9.9991E-05 0.116877 0.883023
0.436035 0.53269 0.0312748
0.450506 0.233591 0.315902
0.460732 0.213472 0.325795
0.419645 0.331233 0.249122
0.315114 0.198634 0.486252
0.430794 0.342441 0.226765
0.494281 0.146463 0.359256
0.403414 0.200288 0.396299
0.323844 0.20299 0.473165
0.288058 0.215168 0.496774
0.359995 0.206158 0.433847
0.0559481 0.904649 0.0394032
9.9991E-05 0.912468 0.0874322
9.999E-05 0.9998 9.999E-05
9.9991E-05 0.946189 0.0537106
0.00433312 0.905763 0.0899044
9.9991E-05 0.888476 0.111424
9.9991E-05 0.887038 0.112862
9.9991E-05 0.911816 0.0880841
9.9991E-05 0.909398 0.0905025
9.9991E-05 0.871953 0.127947
0.315076 0.684824 9.9991E-05
0.28752 0.71238 9.9991E-05
0.324219 0.675681 9.9991E-05
0.42254 0.57736 9.9991E-05
0.625503 0.0268932 0.347604
0.64542 9.9991E-05 0.35448
0.68417 9.9991E-05 0.31573
0.794261 0.0448042 0.160934
0.852258 0.126373 0.0213688
0.548233 9.9991E-05 0.451667
0.695116 9.9991E-05 0.304784
0.703769 9.9991E-05 0.296131
0.734485 9.9991E-05 0.265415
0.580215 9.9991E-05 0.419685
0.792848 9.9991E-05 0.207052
0.971431 0.0284693 9.9991E-05
0.618195 9.9991E-05 0.381705
0.83894 0.0110857 0.149975
0.691248 9.9991E-05 0.308652
0.918209 0.0722186 0.00957258
0.693056 0.306844 9.9991E-05
0.689889 0.310011 9.9991E-05
0.724774 0.275126 9.9991E-05
0.698884 0.301016 9.9991E-05
0.778833 0.221067 9.9991E-05
0.690646 0.27406 0.0352944
9.9991E-05 0.847679 0.152221
0.0186233 0.817927 0.163449
9.9991E-05 0.750577 0.249323
9.9991E-05 0.785178 0.214722
9.9991E-05 0.799217 0.200683
0.444302 0.555598 9.9991E-05
0.38372 0.61618 9.9991E-05
0.401027 0.598873 9.9991E-05
9.9991E-05 0.807277 0.192623
0.464345 0.535555 9.9991E-05
0.169846 0.273008 0.557147
0.299113 0.1265 0.574388
0.195578 0.15155 0.652872
0.239257 0.284784 0.47596
0.330098 0.153818 0.516085
0.0936573 0.572013 0.33433
0.709081 0.0540269 0.236892
0.720137 0.0619639 0.217899
0.694092 0.200233 0.105675
0.737401 9.9991E-05 0.262499
0.90342 0.0964797 9.9991E-05
0.556762 0.0714006 0.371837
0.674868 0.015997 0.309135
0.779452 0.068747 0.151801
0.555448 0.0845712 0.359981
0.920701 0.0720908 0.00720785
0.685021 0.0620342 0.252945
0.697494 9.9991E-05 0.302406
0.38178 0.179134 0.439086
0.786939 9.9991E-05 0.212961
0.679215 0.027338 0.293447
0.601686 0.0262191 0.372095
0.707648 9.9991E-05 0.292252
0.568212 9.9991E-05 0.431688
0.509395 0.0492299 0.441375
0.568896 0.0661618 0.364942
9.9991E-05 0.789627 0.210273
9.9991E-05 0.855512 0.144388
0.0918297 0.804511 0.103659
0.0380402 0.851243 0.110716
9.9991E-05 0.834509 0.165391
0.750308 0.180717 0.0689753
0.559967 0.0406095 0.399423
0.343132 0.227312 0.429557
0.505135 9.9991E-05 0.494765
0.621396 0.0502947 0.328309
0.695192 0.100095 0.204713
0.701054 0.298846 9.9991E-05
0.630346 0.00662213 0.363031
0.718069 0.250288 0.0316431
0.631197 0.0530463 0.315757
0.71993 0.26466 0.0154095
0.48691 0.0488676 0.464223
0.726863 0.218826 0.0543106
0.663378 0.077642 0.25898
0.608748 0.0353224 0.35593
0.752788 0.0914445 0.155768
0.652277 0.0265725 0.321151
0.491755 0.10426 0.403985
0.793385 0.0454185 0.161196
0.574719 0.0737829 0.351499
0.64813 0.0280866 0.323784
0.95519 0.0447095 9.9991E-05
0.834203 0.0542915 0.111506
0.74025 9.9991E-05 0.25965
0.910592 0.0863556 0.0030529
0.773366 9.9991E-05 0.226534
0.782932 0.19265 0.0244183
0.858364 9.9991E-05 0.141536
0.642541 0.112558 0.244901
0.558139 0.0325009 0.40936
0.86548 0.0399378 0.0945827
0.542512 0.0439614 0.413526
0.507553 0.0453774 0.44707
0.611639 0.0304517 0.357909
0.61687 0.0151706 0.367959
0.621508 0.0836524 0.29484
0.773999 0.103323 0.122678
0.716897 0.0459084 0.237194
0.573949 9.9991E-05 0.425951
0.607139 0.0213051 0.371556
0.645846 0.138584 0.215569
0.630223 9.9991E-05 0.369677
0.636437 0.127006 0.236557
0.615126 9.9991E-05 0.384774
0.603563 0.00634364 0.390094
0.545675 0.104098 0.350227
0.314283 0.293928 0.391789
0.360371 0.0931985 0.54643
0.320083 0.217948 0.461969
0.456571 0.0620661 0.481363
0.246169 0.174218 0.579613
0.701405 9.9991E-05 0.298495
0.291213 0.184619 0.524168
0.461649 0.383727 0.154624
0.413792 0.0463538 0.539855
0.428665 0.0654994 0.505836
0.394479 0.116084 0.489437
0.440383 0.197747 0.36187
0.370116 0.128666 0.501218
0.353307 0.146208 0.500484
0.185528 0.667525 0.146946
0.261887 0.172142 0.565972
0.297503 0.121371 0.581126
0.432758 0.0117944 0.555447
0.259485 0.16777 0.572745
0.409378 0.135435 0.455186
0.64698 0.0120669 0.340953
0.595779 0.0451363 0.359085
0.959009 0.0408911 9.9991E-05
0.925888 0.0740121 9.9991E-05
0.55621 0.0232527 0.420538
0.313458 0.0520557 0.634486
0.238597 0.121978 0.639425
0.30376 0.294041 0.402199
0.302223 0.210175 0.487602
0.661981 0.203508 0.134511
0.600048 0.170895 0.229057
0.533251 9.9991E-05 0.466649
0.562543 0.0372847 0.400173
0.578814 0.147288 0.273898
0.503077 0.0933054 0.403617
0.511125 0.00695505 0.481919
0.483654 0.0823179 0.434028
0.829897 0.0146892 0.155413
0.78812 9.9991E-05 0.21178
0.539798 0.0251006 0.435101
0.637249 0.136748 0.226003
0.567233 0.071886 0.360881
0.708574 0.0129943 0.278432
0.900572 0.00235187 0.0970757
0.60289 9.9991E-05 0.39701
0.446129 0.0848595 0.469012
0.859215 0.0110497 0.129736
0.689972 9.9991E-05 0.309928
0.529572 0.0476145 0.422813
0.69893 9.9991E-05 0.30097
0.341135 0.154638 0.504227
0.452079 0.162365 0.385556
0.359437 0.162116 0.478447
0.33881 0.192164 0.469026
0.408639 0.146262 0.445099
0.37174 0.198871 0.429389
0.507372 0.342271 0.150357
0.397347 0.0153352 0.587318
0.302783 0.543854 0.153364
0.416677 0.0590152 0.524308
0.932149 0.0111193 0.0567317
0.880476 0.119424 9.9991E-05
0.703569 9.9991E-05 0.296331
0.529747 9.9991E-05 0.470153
0.813277 9.9991E-05 0.186623
0.647877 9.9991E-05 0.352023
0.667696 9.9991E-05 0.332204
0.04276 0.790317 0.166923
0.0948783 0.795358 0.109763
9.9991E-05 0.911928 0.0879723
9.9991E-05 0.914748 0.0851521
0.614717 0.0178096 0.367474
0.693925 9.9991E-05 0.305975
0.738121 9.9991E-05 0.261779
0.580426 0.0418496 0.377724
0.536448 0.104781 0.358771
0.820361 0.0420976 0.137541
0.627208 9.9991E-05 0.372692
0.817592 9.9991E-05 0.182308
0.23849 0.2898 0.47171
0.709802 9.9991E-05 0.290098
0.77457 0.00183555 0.223594
0.662982 9.9991E-05 0.336918
0.744202 9.9991E-05 0.255698
0.655567 9.9991E-05 0.344333
0.625385 9.9991E-05 0.374515
0.976707 9.9991E-05 0.0231926
0.867111 0.0168358 0.116053
0.822851 0.0118197 0.16533
0.9998 9.999E-05 9.999E-05
0.746077 0.039958 0.213965
0.929768 0.00818861 0.0620435
0.91355 0.0863495 9.9991E-05
0.691172 9.9991E-05 0.308728
0.865539 0.0369037 0.0975577
0.71551 9.9991E-05 0.28439
0.569981 0.0266349 0.403384
0.706378 9.9991E-05 0.293522
0.735804 0.0245073 0.239689
0.706799 9.9991E-05 0.293101
0.723492 0.00473499 0.271773
0.851228 9.9991E-05 0.148672
0.579963 0.0377541 0.382283
0.244639 0.730486 0.0248742
0.180412 0.75735 0.0622377
0.092174 0.907726 9.9991E-05
0.120186 0.879714 9.9991E-05
0.240124 0.759776 9.9991E-05
0.870288 0.0863604 0.0433511
0.915317 0.0592862 0.0253963
0.864349 9.9991E-05 0.135551
0.548482 0.0158704 0.435648
0.540403 0.01146 0.448137
0.77908 0.0142501 0.20667
0.545336 9.9991E-05 0.454564
0.65213 0.0325115 0.315358
0.587775 9.9991E-05 0.412125
0.630435 0.00697538 0.36259
0.800743 0.0400525 0.159205
0.839724 9.9991E-05 0.160176
0.812328 9.9991E-05 0.187572
0.592635 0.037967 0.369398
0.809969 9.9991E-05 0.189931
0.666216 9.9991E-05 0.333684
0.192119 0.0736456 0.734236
0.183062 0.107222 0.709716
0.182783 0.103281 0.713935
0.0962491 0.164403 0.739348
0.297667 0.109037 0.593296
0.686222 9.9991E-05 0.313678
9.9991E-05 0.34524 0.65466
0.0809906 0.182721 0.736288
0.376095 0.129737 0.494168
0.50469 0.114419 0.380891
0.4944 0.167865 0.337735
0.504352 0.0399898 0.455658
0.587826 9.9991E-05 0.412074
0.0603512 0.261261 0.678387
0.243192 0.129815 0.626994
0.162604 0.0574799 0.779916
0.269753 0.105048 0.6252
0.0953118 0.187631 0.717057
0.186037 0.216947 0.597016
0.131805 0.17693 0.691265
0.311173 0.00593491 0.682892
0.556239 0.0597824 0.383979
0.270033 0.187782 0.542185
9.9991E-05 0.227988 0.771912
0.295053 0.117913 0.587034
0.622422 0.269448 0.108129
0.561939 9.9991E-05 0.437961
0.231286 0.165143 0.603571
0.535039 0.0366842 0.428277
0.472391 0.177492 0.350118
0.320157 0.183117 0.496726
0.221875 0.232039 0.546087
0.480899 0.0502621 0.468839
0.27327 0.14482 0.58191
0.129375 0.104034 0.766591
9.9991E-05 0.304864 0.695036
0.539678 0.0267751 0.433547
0.641888 0.120776 0.237336
0.635104 0.220519 0.144378
0.456716 0.0908952 0.452389
0.606872 0.12658 0.266548
0.361542 0.175475 0.462982
0.467988 0.153436 0.378576
0.297996 0.530635 0.171369
0.35306 0.521674 0.125267
0.492757 0.224233 0.283009
0.274235 0.498115 0.22765
0.131199 0.585971 0.28283
0.496043 0.135027 0.36893
0.381944 0.227825 0.390231
0.336079 0.338943 0.324978
0.379227 0.378171 0.242603
0.461137 0.0714258 0.467437
0.454059 0.305226 0.240715
0.262736 0.651576 0.0856882
0.382203 0.127416 0.490381
0.308095 0.251842 0.440063
0.214715 0.299374 0.485911
0.21553 0.149086 0.635383
0.453091 0.140592 0.406316
0.307892 0.121205 0.570903
0.333119 0.101555 0.565326
0.130592 0.381751 0.487657
0.3394 0.146238 0.514362
0.213085 0.203921 0.582993
0.262023 0.263901 0.474076
0.484575 0.225291 0.290134
0.422787 0.128099 0.449114
0.353657 0.144677 0.501667
0.479969 0.0556381 0.464393
0.199239 0.28531 0.51545
0.32937 0.17506 0.49557
0.161241 0.462466 0.376293
0.348097 0.121311 0.530591
0.208216 0.296607 0.495177
0.126698 0.833437 0.0398651
0.775236 0.224664 9.9991E-05
0.720137 0.279763 9.9991E-05
0.710173 0.289727 9.9991E-05
0.804398 0.195502 9.9991E-05
0.714856 0.285044 9.9991E-05
0.782012 0.217888 9.9991E-05
0.683652 0.316248 9.9991E-05
0.552177 0.447723 9.9991E-05
9.9991E-05 0.938721 0.0611785
0.0319711 0.863648 0.104381
9.9991E-05 0.882921 0.116979
0.0922831 0.878245 0.0294718
9.9991E-05 0.909774 0.0901262
0.0140385 0.924259 0.061703
0.023324 0.774355 0.202321
9.9991E-05 0.884276 0.115624
0.156917 0.744876 0.0982069
9.9991E-05 0.893339 0.106561
9.9991E-05 0.996416 0.00348374
0.0464084 0.855803 0.0977882
9.9991E-05 0.954842 0.0450576
9.9991E-05 0.900524 0.0993764
9.9991E-05 0.860972 0.138928
9.9991E-05 0.819517 0.180383
9.9991E-05 0.76216 0.23774
9.9991E-05 0.771889 0.228011
9.9991E-05 0.796594 0.203306
0.604182 0.136318 0.259501
0.602069 9.9991E-05 0.397831
0.470693 0.0707594 0.458547
0.747407 0.180251 0.0723422
0.594533 0.119908 0.285559
0.65485 0.282923 0.0622265
0.498511 0.0485388 0.45295
0.643991 0.145038 0.210971
0.618405 0.0496843 0.33191
0.633038 9.9991E-05 0.366862
0.6323 0.0977832 0.269917
0.551939 0.0346031 0.413458
0.532912 0.0645743 0.402514
0.833849 0.138224 0.0279274
0.789287 0.210613 9.9991E-05
0.715571 0.219506 0.0649226
0.5219 0.0576307 0.42047
0.593042 0.0542456 0.352712
0.55109 0.125522 0.323388
0.494586 0.00565768 0.499756
0.269011 0.194569 0.536421
0.341882 0.180348 0.47777
0.276069 0.50137 0.222562
0.44149 0.114322 0.444188
0.364878 0.236089 0.399032
0.293105 0.579121 0.127773
0.263508 0.302228 0.434264
0.273928 0.334962 0.39111
0.334662 0.320359 0.344979
0.396709 0.140308 0.462983
0.358585 0.129403 0.512013
0.311046 0.0961326 0.592821
0.381296 0.192408 0.426296
0.152615 0.460822 0.386563
