9.9991E-05 0.0306006 0.903774 0.0655257
9.999E-05 0.054771 0.943726 0.00140283
9.999E-05 0.0567837 0.815745 0.127372
9.999E-05 0.0994363 0.746799 0.153665
9.9982E-05 9.9982E-05 0.892614 0.107186
0.158277 0.0893853 0.625456 0.126882
0.0576163 0.0584998 0.883784 9.9991E-05
0.0612645 0.125241 0.792383 0.0211113
9.9982E-05 0.100998 0.898802 9.9982E-05
0.0560426 0.0333426 0.753119 0.157495
0.105304 0.126388 0.768209 9.9991E-05
0.266837 0.572917 9.9991E-05 0.160146
0.343584 0.344567 9.9991E-05 0.311749
0.325211 0.488914 9.9991E-05 0.185775
0.275611 0.430413 0.0218423 0.272134
0.28522 0.322111 0.0379322 0.354737
0.407327 0.143721 0.0534996 0.395452
0.415868 0.214377 9.9991E-05 0.369655
0.248889 0.404549 0.0818249 0.264736
0.207784 0.720124 0.0450745 0.0270169
0.363038 0.378732 9.9991E-05 0.25813
0.40179 0.266121 0.0249892 0.307101
0.470954 0.243986 9.9991E-05 0.28496
0.336074 0.422686 0.0328017 0.208439
0.411793 0.117523 0.0585003 0.412183
0.3686 0.262242 9.9991E-05 0.369059
0.245244 0.556545 0.0342358 0.163975
0.249946 0.455079 0.0198755 0.2751
0.373042 0.523303 9.9991E-05 0.103555
9.9982E-05 9.9982E-05 0.822041 0.177759
9.9991E-05 0.0161741 0.825414 0.158312
9.9991E-05 0.0643471 0.782347 0.153206
0.0778893 9.9991E-05 0.698618 0.223392
0.575843 0.134955 9.9991E-05 0.289102
0.563595 0.0810721 0.0768972 0.278436
0.706127 9.9982E-05 9.9982E-05 0.293673
0.233013 0.596254 0.0932771 0.0774553
0.739154 0.116235 9.9991E-05 0.144511
0.486995 0.229566 0.00370831 0.279731
0.542207 9.9982E-05 9.9982E-05 0.457593
0.530008 0.110009 0.0669985 0.292984
0.473698 0.141094 0.045181 0.340026
0.71846 0.203727 0.0317667 0.0460458
0.505008 0.0392384 0.0867589 0.368995
0.544087 0.0363158 0.0461211 0.373476
0.512937 0.072911 0.0772281 0.336924
0.861582 0.00240588 9.9991E-05 0.135912
0.531993 0.0338292 0.0399999 0.394177
0.476449 0.098271 0.146792 0.278487
0.740421 0.0755979 0.183881 9.9991E-05
0.474877 0.466882 9.9991E-05 0.0581417
0.5552 0.297642 0.127532 0.0196259
0.309569 0.23538 9.9991E-05 0.454951
0.460325 0.0591567 0.0667003 0.413818
0.454424 0.128044 0.0255625 0.39197
0.470187 0.333362 0.145237 0.0512134
0.472527 0.242415 9.9991E-05 0.284957
0.487633 0.0514468 0.102449 0.358471
0.405999 0.259572 0.129174 0.205255
0.310606 0.358765 0.248507 0.0821216
0.464844 0.0998087 0.0757049 0.359642
0.351829 0.387959 0.0379819 0.22223
0.354036 0.509144 0.13672 9.9991E-05
0.489597 0.27434 9.9991E-05 0.235963
0.600828 0.00291225 9.9991E-05 0.39616
0.400602 0.191341 0.03884 0.369217
0.468932 0.298195 0.0548987 0.177975
0.479545 0.213506 0.0147969 0.292152
0.334712 0.287011 9.9991E-05 0.378177
0.509782 0.40844 0.0478567 0.0339214
0.604836 0.136918 9.9991E-05 0.258146
0.73847 0.217865 0.00583274 0.0378323
0.541992 0.085815 0.063915 0.308278
0.875849 0.0234713 0.10058 9.9991E-05
0.829868 0.157134 0.0128978 9.9991E-05
0.852619 0.0683794 9.9991E-05 0.0789019
0.657262 0.121203 9.9991E-05 0.221434
0.438384 0.131318 0.0635148 0.366783
0.613603 0.172519 9.9991E-05 0.213778
0.540689 0.303421 0.0338775 0.122012
0.51333 0.354914 0.00929405 0.122462
0.433115 0.213967 0.0189488 0.333969
0.673498 0.166959 9.9991E-05 0.159443
0.704579 0.0796114 0.0714428 0.144367
0.85826 9.9991E-05 0.0347894 0.106851
0.793978 0.10562 0.100302 9.9991E-05
0.439578 0.186862 9.9991E-05 0.37346
9.9991E-05 0.0619684 0.825355 0.112577
9.9982E-05 9.9982E-05 0.934307 0.0654926
9.9991E-05 0.0133591 0.863765 0.122776
9.9982E-05 9.9982E-05 0.9381 0.0617004
9.9982E-05 9.9982E-05 0.897386 0.102414
9.9982E-05 9.9982E-05 0.877671 0.122129
9.9982E-05 9.9982E-05 0.89259 0.10721
0.60617 0.0724852 0.032003 0.289341
0.497726 0.067998 0.0396076 0.394668
0.77293 0.16694 0.0600303 9.9991E-05
0.532196 0.108429 0.0651881 0.294187
0.576067 0.135344 0.0443846 0.244204
0.682007 9.9991E-05 0.0645597 0.253333
0.700498 9.9991E-05 0.0484742 0.250928
0.710566 9.9991E-05 0.0283429 0.260991
0.590169 0.343275 0.0664563 9.9991E-05
0.388387 0.199641 0.123447 0.288525
0.57682 9.9991E-05 0.0545271 0.368553
0.406232 0.117044 0.0773556 0.399368
0.844203 0.026384 0.0698863 0.059527
0.713308 0.0105093 0.0272808 0.248902
0.600898 0.1406 9.9991E-05 0.258402
0.788346 9.9982E-05 9.9982E-05 0.211454
0.549539 0.155216 0.0574523 0.237792
0.455138 0.0293622 0.177845 0.337655
0.440789 0.360528 0.0966937 0.101989
0.314497 0.338244 0.0598176 0.287442
0.332603 0.18682 0.0679833 0.412594
0.441641 0.0953615 0.0249672 0.438031
0.339897 0.408386 0.0132697 0.238447
0.425969 0.249244 9.9991E-05 0.324687
0.378398 0.343415 9.9991E-05 0.278087
0.492182 0.149513 0.0374676 0.320838
0.350561 0.241545 0.0439459 0.363948
0.473111 0.205121 0.0086523 0.313115
0.302482 0.437602 9.9991E-05 0.259817
0.505417 0.106985 0.00539701 0.3822
0.3646 0.148344 0.0327232 0.454333
0.48848 0.221126 9.9991E-05 0.290295
0.421622 0.0730377 0.0648724 0.440468
0.431817 0.209117 9.9991E-05 0.358966
0.416753 0.283042 0.132793 0.167412
0.46755 0.155139 9.9991E-05 0.377211
0.456557 0.125811 9.9991E-05 0.417533
0.32322 0.47806 0.0277367 0.170983
0.51255 0.318392 0.112066 0.056992
0.358771 0.274771 9.9991E-05 0.366359
0.470214 0.440422 9.9991E-05 0.0892639
0.359448 0.512589 9.9991E-05 0.127863
0.474095 0.343846 9.9991E-05 0.181959
0.390724 0.471775 0.0317474 0.105753
0.344981 0.557901 9.9991E-05 0.097018
0.499156 0.0792812 0.0532575 0.368305
0.347066 0.181228 0.0861767 0.38553
0.395343 0.249706 0.0199648 0.334987
0.488847 0.419223 0.0348616 0.0570687
0.431215 0.15856 0.0718845 0.338341
0.538639 0.0823726 0.0832088 0.29578
0.537177 0.183575 0.279148 9.9991E-05
0.56988 9.9991E-05 0.0716143 0.358406
0.610253 0.095925 0.081745 0.212077
0.465553 0.0964383 0.109741 0.328267
0.508586 0.169704 0.14406 0.17765
0.622211 0.16763 0.210059 9.9991E-05
0.604453 0.143379 0.044759 0.207409
0.584363 0.0376186 0.147288 0.230731
0.391561 0.24659 0.109115 0.252734
0.57223 0.170805 0.215742 0.0412239
0.461003 0.160969 0.0508261 0.327202
0.754239 0.162666 9.9991E-05 0.0829947
0.579354 0.177153 9.9991E-05 0.243393
0.489778 0.115111 0.0932921 0.301818
0.254694 0.0173712 0.410509 0.317426
0.0912951 0.0288694 0.762789 0.117047
0.182857 9.9991E-05 0.735117 0.0819256
0.131803 9.9991E-05 0.509444 0.358653
0.62149 0.0584654 9.9991E-05 0.319944
0.519981 0.121431 0.00676542 0.351822
0.0702147 0.0238833 0.0278511 0.878051
0.219407 0.137109 9.9991E-05 0.643383
0.166712 0.146846 0.108296 0.578146
0.793974 9.9991E-05 0.122437 0.083489
0.619249 9.9991E-05 0.10393 0.27672
0.781993 0.0585625 0.159345 9.9991E-05
0.686111 0.0123665 9.9991E-05 0.301422
0.61194 0.129543 0.0670508 0.191466
0.619442 0.0329467 9.9991E-05 0.347511
0.79142 0.109972 0.0770185 0.0215887
0.601395 0.0171038 9.9991E-05 0.381401
0.589816 9.9991E-05 0.0413111 0.368773
9.9982E-05 9.9982E-05 0.0448812 0.954919
9.9982E-05 9.9982E-05 0.0130219 0.986778
0.159134 0.0239392 0.0711782 0.745748
9.9991E-05 0.0500947 0.0486676 0.901138
9.9991E-05 0.0252087 0.0725881 0.902103
9.9982E-05 9.9982E-05 0.0444518 0.955348
9.9991E-05 0.00579703 0.100837 0.893266
0.0199241 0.00101891 0.00734864 0.971708
9.9991E-05 0.0136575 0.0266252 0.959617
9.9982E-05 9.9982E-05 0.0367495 0.963051
9.9982E-05 9.9982E-05 0.0439115 0.955888
0.00701241 0.0407248 0.0518552 0.900408
9.9991E-05 0.0351574 0.108822 0.855921
9.9982E-05 9.9982E-05 0.0466736 0.953126
0.305006 0.0854305 0.0514333 0.558131
0.0672427 0.0960583 0.0684289 0.76827
9.9991E-05 0.0329632 0.0771672 0.88977
9.9982E-05 9.9982E-05 0.0983731 0.901427
9.9982E-05 9.9982E-05 0.0287377 0.971062
9.9982E-05 9.9982E-05 0.0994681 0.900332
9.9982E-05 9.9982E-05 0.0890578 0.910742
9.9991E-05 0.136271 0.0498907 0.813738
9.9982E-05 9.9982E-05 0.113897 0.885903
0.486705 9.9982E-05 0.513095 9.9982E-05
0.380884 0.130476 0.213535 0.275105
0.361357 0.121957 0.254593 0.262094
0.430665 0.0630736 0.350394 0.155867
0.414593 0.131482 0.0950224 0.358902
0.469178 9.9991E-05 0.378408 0.152315
0.359677 0.0686884 0.225326 0.346308
0.478803 0.0026903 0.22292 0.295587
0.443538 9.9991E-05 0.174876 0.381486
0.452558 9.9991E-05 0.255392 0.29195
0.408684 0.133696 0.165648 0.291972
0.0755139 0.0197906 0.875014 0.0296817
9.9982E-05 9.9982E-05 0.922665 0.0771352
9.9982E-05 0.00656909 0.993231 9.9982E-05
9.9991E-05 0.0282562 0.951131 0.0205124
9.9991E-05 0.0580235 0.897245 0.0446319
0.000756076 9.9991E-05 0.90974 0.0894038
9.9982E-05 9.9982E-05 0.889634 0.110166
9.9991E-05 0.0194539 0.929749 0.050697
9.9991E-05 0.000738887 0.944141 0.0550199
9.9982E-05 9.9982E-05 0.869414 0.130386
0.042408 0.313467 0.644025 9.9991E-05
9.9982E-05 0.408605 0.591195 9.9982E-05
0.0584333 0.372988 0.568478 9.9991E-05
0.0681593 0.40527 0.526471 9.9991E-05
0.4975 0.238004 0.0157439 0.248752
0.616308 0.101255 9.9991E-05 0.282337
0.503247 0.255533 9.9991E-05 0.24112
0.546432 0.242057 0.043797 0.167714
0.276318 0.665941 9.9991E-05 0.0576413
0.570441 0.0659544 9.9991E-05 0.363504
0.596126 0.113596 9.9991E-05 0.290177
0.699234 0.0544103 9.9991E-05 0.246256
0.795 0.021558 9.9991E-05 0.183342
0.537027 0.0814942 9.9991E-05 0.381379
0.613446 0.201394 9.9991E-05 0.18506
0.79118 0.187945 0.020775 9.9991E-05
0.562919 0.165557 9.9991E-05 0.271424
0.788567 0.0529841 0.0874562 0.0709931
0.68511 0.0640675 0.00526467 0.245557
0.658858 0.290544 0.0504978 9.9991E-05
0.0414725 0.808982 0.129283 0.0202626
0.0397593 0.838822 0.121319 9.9991E-05
0.0363629 0.930787 0.0327504 9.9991E-05
9.9982E-05 0.877323 0.122477 9.9982E-05
0.037132 0.918025 0.00833043 0.0365128
0.0724161 0.773001 0.0626163 0.0919671
9.9982E-05 9.9982E-05 0.878126 0.121674
9.9991E-05 0.0696847 0.793256 0.136959
9.9991E-05 0.00283043 0.763561 0.233508
9.9991E-05 0.0749088 0.750219 0.174773
9.9991E-05 0.0141697 0.79858 0.187151
0.0203359 0.596568 0.382996 9.9991E-05
0.0306419 0.469104 0.500154 9.9991E-05
0.0501776 0.524107 0.425616 9.9991E-05
9.9991E-05 0.0748372 0.795595 0.129467
0.0368013 0.56892 0.394179 9.9991E-05
0.19984 0.00669841 0.263766 0.529696
0.341671 0.115718 0.0681682 0.474442
0.162735 0.0587904 0.143794 0.63468
0.323007 0.0465566 0.255404 0.375032
0.276813 0.161522 0.0745719 0.487093
0.116992 9.9991E-05 0.596126 0.286782
0.425189 0.335285 0.00976961 0.229756
0.507147 0.285809 0.0183476 0.188696
0.230669 0.606353 9.9991E-05 0.162879
0.660288 0.135844 9.9991E-05 0.203768
0.625259 0.326948 0.0476924 9.9991E-05
0.452672 0.10262 0.0988313 0.345877
0.522443 0.238958 0.00591961 0.232679
0.324821 0.504832 0.0276112 0.142735
0.374354 0.229023 0.0508594 0.345764
0.570104 0.341636 0.0881599 9.9991E-05
0.476796 0.212275 9.9991E-05 0.310829
0.432629 0.263801 9.9991E-05 0.30347
0.354496 0.0745485 0.176061 0.394895
0.4842 0.327945 9.9991E-05 0.187756
0.437774 0.316822 0.00810012 0.237304
0.529328 0.142704 9.9991E-05 0.327868
0.519418 0.161984 9.9991E-05 0.318498
0.397321 0.180113 9.9991E-05 0.422466
0.333155 0.219919 0.0659385 0.380987
0.347858 0.234997 0.0347355 0.38241
0.00300813 9.9991E-05 0.786243 0.210648
0.0531093 9.9991E-05 0.839714 0.107077
0.100074 0.0414943 0.805702 0.0527302
0.0327379 0.0504527 0.835636 0.081173
0.0172466 9.9991E-05 0.865204 0.117449
0.205448 0.688989 9.9991E-05 0.105463
0.540359 0.13457 0.0189252 0.306146
0.343401 9.9991E-05 0.277986 0.378512
0.435798 0.125955 9.9991E-05 0.438147
0.433295 0.25882 0.0110181 0.296867
0.39229 0.373209 0.0190833 0.215417
0.165635 0.66992 0.164345 9.9991E-05
0.357301 0.387262 9.9991E-05 0.255337
0.282936 0.55356 0.10734 0.0561646
0.519278 0.207466 0.0615668 0.211689
0.268168 0.496418 0.177678 0.0577355
0.355461 0.222467 0.0592358 0.362836
0.195003 0.611051 0.058381 0.135565
0.430149 0.364052 9.9991E-05 0.205699
0.601002 0.0623326 0.117614 0.219051
0.633004 0.187039 0.0920467 0.0879103
0.500188 0.120725 0.105819 0.273268
0.501014 0.0447198 0.13469 0.319576
0.716113 0.0934779 0.119359 0.0710507
0.500172 0.1738 0.0532684 0.27276
0.653437 9.9991E-05 0.0926301 0.253833
0.731105 0.198477 0.0703176 9.9991E-05
0.830603 0.0303764 0.117677 0.0213435
0.654702 0.0857247 0.0750711 0.184502
0.732383 0.155049 0.112468 9.9991E-05
0.682294 0.134589 0.0543448 0.128772
0.206012 0.677124 9.9991E-05 0.116764
0.475262 0.413744 9.9991E-05 0.110894
0.18841 0.51517 9.9991E-05 0.29632
0.259795 0.287743 9.9991E-05 0.452362
0.262542 0.624742 9.9991E-05 0.112616
0.389408 0.185146 0.0756461 0.3498
0.377965 0.195621 0.042192 0.384223
0.334907 0.364309 0.0134115 0.287372
0.363496 0.27992 9.9991E-05 0.356484
0.433821 0.323704 9.9991E-05 0.242375
0.198581 0.619934 9.9991E-05 0.181385
0.27292 0.476577 9.9991E-05 0.250402
0.330372 0.270716 9.9991E-05 0.398812
0.378845 0.247813 9.9991E-05 0.373242
0.432156 0.305483 0.039374 0.222987
0.404346 0.268877 9.9991E-05 0.326676
0.192304 0.469843 0.0506521 0.287201
0.425755 0.242206 9.9991E-05 0.331939
0.304036 0.320379 9.9991E-05 0.375485
0.331946 0.268083 9.9991E-05 0.399871
0.264882 0.0324187 0.353715 0.348984
0.387911 0.00222027 0.0951975 0.514671
0.36026 0.0381406 0.148005 0.453595
0.422293 0.0783762 0.0194118 0.479919
0.269029 0.100583 0.140849 0.489539
0.570793 0.204587 9.9991E-05 0.22452
0.351902 0.0612039 0.125767 0.461127
0.481176 0.0297472 0.427823 0.0612532
0.277485 0.163216 0.101177 0.458122
0.361101 0.0646835 0.149013 0.425202
0.30124 0.136235 0.0582749 0.50425
0.450069 0.0898631 0.228362 0.231706
0.37743 9.9991E-05 0.161726 0.460743
0.33319 0.0862741 0.10986 0.470675
0.210897 9.9991E-05 0.71431 0.0746927
0.228825 0.0898185 0.176235 0.505122
0.336533 0.0619615 0.151021 0.450485
0.427615 0.0135363 0.0805026 0.478346
0.282542 0.0399983 0.139139 0.53832
0.375028 0.103412 0.1356 0.38596
0.607588 0.0566513 0.0816747 0.254086
0.628572 9.9991E-05 0.123121 0.248207
0.772932 0.182068 0.0449005 9.9991E-05
0.793046 0.074207 0.132647 9.9991E-05
0.562076 0.0821389 0.0637282 0.292057
0.324438 9.9991E-05 0.146238 0.529223
0.377257 9.9991E-05 0.152787 0.469856
0.306466 9.9991E-05 0.316691 0.376743
0.342898 0.0282466 0.173356 0.455499
0.71773 9.9991E-05 0.250451 0.0317191
0.63306 9.9991E-05 0.217707 0.149133
0.626033 9.9991E-05 0.0252148 0.348652
0.607834 0.0307753 0.0717505 0.28964
0.645393 9.9991E-05 0.158235 0.196273
0.509518 0.111501 0.017052 0.36193
0.592282 0.0360394 9.9991E-05 0.371579
0.462616 0.0848023 0.0547455 0.397836
0.813261 0.0762314 0.068948 0.0415592
0.803934 0.0626133 0.0294304 0.104022
0.588417 0.0737244 0.0184997 0.319359
0.509949 0.17864 0.0572858 0.254125
0.415707 0.154074 0.0339375 0.396281
0.724652 0.0334362 0.0396307 0.202281
0.777859 0.137463 0.0727954 0.011883
0.676252 9.9982E-05 9.9982E-05 0.323548
0.547949 0.0587466 0.124946 0.268359
0.823158 0.132327 0.0291592 0.0153552
0.696591 0.0767973 0.0498344 0.176777
0.575029 0.00221624 0.0784395 0.344316
0.647238 0.0597948 0.0143996 0.278567
0.355903 0.0337326 0.157627 0.452738
0.375981 0.115927 0.135265 0.372827
0.307469 0.0901138 0.154063 0.448354
0.244194 0.176127 0.106008 0.47367
0.415921 0.0485899 0.183557 0.351931
0.354875 0.0733355 0.119415 0.452374
0.548445 0.0133618 0.395511 0.0426822
0.278529 0.0190809 0.0785723 0.623818
0.351757 9.9991E-05 0.565611 0.0825323
0.440578 9.9991E-05 0.062586 0.496736
0.907563 9.9982E-05 0.0922368 9.9982E-05
0.817802 0.0869005 0.0951976 9.9991E-05
0.756367 9.9982E-05 9.9982E-05 0.243433
0.627177 9.9991E-05 0.0276199 0.345103
0.810461 0.0664429 0.00651953 0.116577
0.752602 9.9991E-05 0.0183119 0.228986
0.737558 9.9982E-05 9.9982E-05 0.262242
0.0714968 9.9991E-05 0.817044 0.111359
9.9991E-05 0.146868 0.724143 0.128889
9.9991E-05 0.019849 0.880441 0.0996096
9.9982E-05 9.9982E-05 0.972258 0.0275416
0.612422 0.0702412 0.0428501 0.274486
0.595755 0.0838448 0.0421633 0.278237
0.69593 0.0752317 9.9991E-05 0.228739
0.617732 0.0739917 0.0317327 0.276543
0.563168 0.0798093 0.0366267 0.320396
0.699996 0.160375 0.0541623 0.0854662
0.686314 0.00174019 9.9991E-05 0.311846
0.893688 9.9991E-05 0.011651 0.0945609
0.192161 0.122587 0.227878 0.457374
0.725028 0.0696862 9.9991E-05 0.205186
0.696456 0.216207 9.9991E-05 0.0872369
0.698232 0.040512 9.9991E-05 0.261156
0.724144 0.119743 9.99967E-05 0.156013
0.738466 9.9982E-05 9.9982E-05 0.261334
0.655676 0.0167349 9.9991E-05 0.327489
0.996094 9.9982E-05 0.00370644 9.9982E-05
0.86992 9.9991E-05 0.0831302 0.0468499
0.737221 0.143265 0.0266257 0.0928876
0.965842 9.9982E-05 0.0339582 9.9982E-05
0.613964 0.139983 0.00176704 0.244286
0.862249 0.0695684 0.0680823 9.9991E-05
0.858619 0.0527088 0.0885719 9.9991E-05
0.604236 0.092899 9.9991E-05 0.302765
0.696597 0.182358 0.0485638 0.0724805
0.622268 0.171735 0.0243945 0.181603
0.503564 0.134813 0.0074071 0.354217
0.569872 0.184788 9.9991E-05 0.245239
0.387904 0.348762 9.9991E-05 0.263234
0.586152 0.100429 9.9991E-05 0.313319
0.500805 0.206387 0.0128915 0.279917
0.909462 0.0169904 9.9991E-05 0.0734473
0.518157 0.0718205 0.11093 0.299093
0.0310537 0.330153 0.638694 9.9991E-05
0.0454455 0.144932 0.764658 0.0449646
9.9982E-05 0.13472 0.86508 9.9982E-05
0.0198954 0.148514 0.83149 9.9991E-05
9.9982E-05 0.260302 0.739498 9.9982E-05
0.553178 0.302023 0.0680169 0.0767817
0.716212 0.195163 0.0885252 9.9991E-05
0.963023 9.9982E-05 9.9982E-05 0.0367774
0.538964 9.9991E-05 0.0758593 0.385077
0.352452 0.177959 0.0645927 0.404997
0.753964 0.0351331 0.062143 0.14876
0.700702 0.00929535 0.00413191 0.28587
0.632461 9.9991E-05 0.0738775 0.293561
0.572117 0.109797 0.027068 0.291018
0.479912 0.142734 9.9991E-05 0.377255
0.703562 0.191989 9.9991E-05 0.104349
0.770359 0.0894717 0.0158351 0.124334
0.673548 0.215708 9.9991E-05 0.110644
0.529088 0.0744385 0.0838999 0.312574
0.776797 0.0779147 9.9991E-05 0.145189
0.582444 0.175109 0.00649292 0.235955
0.143469 0.111867 0.0974793 0.647185
0.159833 0.047338 0.175193 0.617636
0.158862 9.9991E-05 0.156729 0.68431
0.193785 9.9991E-05 0.208586 0.597528
0.312151 9.9991E-05 0.117288 0.570461
0.669883 0.00447615 0.0553425 0.270298
9.9982E-05 9.9982E-05 0.314184 0.685616
0.188937 9.9991E-05 0.190942 0.620021
0.42678 9.9991E-05 0.250966 0.322153
0.579846 0.0299732 0.146898 0.243283
0.504525 0.13835 0.148809 0.208315
0.450415 0.0831091 0.109501 0.356975
0.520402 0.0724258 0.0810339 0.326138
0.1177 9.9991E-05 0.232812 0.649388
0.18408 0.121225 0.106516 0.588178
0.152462 9.9991E-05 0.0944639 0.752974
0.359796 9.9991E-05 0.119324 0.520779
0.131656 9.9991E-05 0.131605 0.736639
0.109905 0.183937 0.127807 0.578351
0.0609528 9.9991E-05 0.182818 0.756129
0.0865166 0.198863 0.0488583 0.665763
0.62614 0.0240397 0.0654919 0.284328
0.214861 0.0461931 0.176552 0.562395
0.0262154 9.9991E-05 0.240523 0.733162
0.228039 0.120055 0.0669537 0.584952
0.499009 0.263325 0.190816 0.0468502
0.542616 0.0559098 9.9991E-05 0.401374
0.305438 0.00217778 0.164075 0.528308
0.459162 0.0381669 0.14934 0.353331
0.507151 0.0908983 0.216706 0.185244
0.222077 0.139567 0.191546 0.44681
0.285788 0.00742967 0.230389 0.476394
0.472281 0.0271116 0.00965623 0.490951
0.243033 9.9991E-05 0.135932 0.620935
0.169227 9.9991E-05 0.104682 0.725991
0.0417471 9.9991E-05 0.270992 0.687161
0.397623 0.101067 0.108264 0.393046
0.592724 0.113706 0.120009 0.173561
0.687244 9.9991E-05 0.305709 0.00694693
0.33732 0.0618583 0.170114 0.430708
0.461144 0.212733 0.059187 0.266935
0.344101 9.9991E-05 0.260616 0.395183
0.405049 0.154287 0.147601 0.293063
0.366847 9.9991E-05 0.53843 0.094623
0.396068 9.9991E-05 0.570986 0.032846
0.522701 0.0100384 0.250545 0.216716
0.294357 0.0181958 0.507237 0.18021
0.201317 9.9991E-05 0.61105 0.187534
0.448319 0.0674044 0.179264 0.305012
0.379747 0.0161626 0.252519 0.351572
0.31895 0.0593199 0.364582 0.257148
0.361294 9.9991E-05 0.474232 0.164374
0.411036 0.0699761 0.169989 0.348999
0.45359 9.9991E-05 0.349393 0.196917
0.300563 9.9991E-05 0.684488 0.0148495
0.337486 0.112911 0.115011 0.434592
0.308262 0.101897 0.20625 0.383592
0.206369 0.10726 0.262163 0.424208
0.266562 9.9991E-05 0.107266 0.626073
0.236134 0.208377 0.161528 0.393962
0.387504 9.9991E-05 0.134722 0.477674
0.282246 0.0888034 0.133328 0.495622
0.103808 0.0462872 0.38476 0.465144
0.186951 0.143922 0.135597 0.533531
0.235644 9.9991E-05 0.199912 0.564344
0.224886 0.061391 0.330121 0.383602
0.378426 0.232623 0.135786 0.253164
0.295563 0.189937 0.10747 0.40703
0.295779 0.121093 0.143594 0.439533
0.458598 0.111768 0.0304107 0.399223
0.111521 0.0433447 0.292908 0.552226
0.338741 0.0177457 0.177631 0.465882
0.247438 9.9991E-05 0.479297 0.273166
0.229339 0.131765 0.110666 0.52823
0.214554 9.9991E-05 0.36842 0.416927
9.9991E-05 0.147733 0.821242 0.0309242
0.0547162 0.842112 0.0662849 0.0368872
9.998E-05 0.9997 9.998E-05 9.998E-05
9.9982E-05 0.998906 0.000894509 9.9982E-05
9.998E-05 0.9997 9.998E-05 9.998E-05
9.9982E-05 0.956088 9.9982E-05 0.0437121
9.9982E-05 0.964451 9.9982E-05 0.0353491
9.9982E-05 0.980365 0.0194352 9.9982E-05
9.9991E-05 0.780739 0.211406 0.00775537
9.9991E-05 0.00375988 0.942481 0.053659
9.9991E-05 0.112278 0.811799 0.0758227
9.9991E-05 0.0142908 0.910455 0.0751541
0.0256517 0.0985188 0.875729 9.9991E-05
9.9991E-05 0.0386476 0.864706 0.0965466
9.9991E-05 0.0490723 0.897928 0.0529
9.9991E-05 0.0623777 0.756191 0.181331
9.9982E-05 9.9982E-05 0.879697 0.120103
0.014285 0.190074 0.688933 0.106708
9.9982E-05 9.9982E-05 0.917273 0.0825268
9.9982E-05 9.9982E-05 0.98153 0.0182705
0.0149648 0.0224164 0.883987 0.0786317
9.9991E-05 0.00508877 0.94988 0.0449308
9.9982E-05 9.9982E-05 0.914017 0.0857832
9.9991E-05 0.0165068 0.831225 0.152168
9.9982E-05 9.9982E-05 0.810579 0.189221
9.9982E-05 9.9982E-05 0.76939 0.230411
9.9982E-05 9.9982E-05 0.784011 0.21579
9.9982E-05 9.9982E-05 0.782979 0.216821
0.508675 0.107063 0.218701 0.165561
0.593555 0.0226726 0.0529102 0.330862
0.511434 0.0348171 0.120511 0.333238
0.740566 0.0153962 0.243938 9.9991E-05
0.493375 0.17558 0.112904 0.218142
0.670463 9.9982E-05 0.329337 9.9982E-05
0.515847 0.0931444 0.0837639 0.307244
0.537174 0.185941 0.111663 0.165221
0.563044 0.129775 0.0744525 0.232729
0.63886 0.0666797 9.9991E-05 0.29436
0.511387 0.195533 0.097204 0.195876
0.557663 0.0730133 0.0196989 0.349625
0.456766 0.192283 0.0452384 0.305712
0.376542 0.544101 0.0488899 0.0304673
0.678064 0.113043 0.208793 9.9991E-05
0.6782 0.057013 0.253659 0.0111289
0.530662 0.0513887 0.0827244 0.335225
0.592033 0.0361245 0.127301 0.244542
0.632957 9.9991E-05 0.11501 0.251933
0.581954 0.0377586 0.00460247 0.375685
0.293851 0.0326936 0.216097 0.457358
0.266699 0.131472 0.104253 0.497576
0.200413 0.174913 0.465438 0.159236
0.499131 0.047995 0.111001 0.341874
0.260022 0.163714 0.138178 0.438086
0.202323 0.0633171 0.609858 0.124502
0.302383 9.9991E-05 0.330707 0.366811
0.245112 0.0833234 0.343093 0.328471
0.209812 0.179432 0.259935 0.350821
0.257651 0.135941 0.117118 0.48929
0.245711 0.0827824 0.159577 0.51193
0.408372 0.0293398 0.107252 0.455036
0.461532 0.0129999 0.17709 0.348378
0.0702767 0.0888808 0.460208 0.380635
