0.0482723 9.9946E-05 0.750384 0.135516 0.0652283 9.9946E-05 9.9946E-05 9.9946E-05 9.9946E-05 9.9946E-05
9.9946E-05 9.9946E-05 0.878006 0.0400134 0.00424652 0.0771341 9.9946E-05 9.9946E-05 9.9946E-05 9.9946E-05
0.0385013 9.9982E-05 0.701643 0.067331 0.0376241 0.0029066 0.0060959 0.0864527 9.9982E-05 0.0592456
0.0239624 9.9973E-05 0.758824 0.0467371 0.015441 0.0630207 9.9973E-05 0.0474376 9.9973E-05 0.0442778
0.0158444 9.9955E-05 0.848775 0.06477 9.9955E-05 9.9955E-05 9.9955E-05 0.0533909 0.01672 9.9955E-05
0.0576395 0.00861336 0.561726 9.9973E-05 0.0208028 9.9973E-05 0.151899 0.134281 9.9973E-05 0.0647381
0.0317526 9.9955E-05 0.706649 0.0474051 0.0792168 9.9955E-05 0.134476 9.9955E-05 9.9955E-05 9.9955E-05
0.0990153 9.9964E-05 0.644703 9.9964E-05 0.0628326 0.0298008 0.142783 0.0204662 9.9964E-05 9.9964E-05
0.0577765 0.0554363 0.802124 9.99459E-05 9.99459E-05 9.99459E-05 0.0840634 9.99459E-05 9.99459E-05 9.99459E-05
0.0335017 9.9982E-05 0.606079 0.0798727 0.0546574 9.9982E-05 0.0326751 0.0793529 0.0689263 0.044735
0.0670039 0.0144915 0.732657 9.9955E-05 9.9955E-05 9.9955E-05 0.0850764 0.100271 9.9955E-05 9.9955E-05
0.00203823 0.0372309 9.9955E-05 9.9955E-05 9.9955E-05 0.88364 9.9955E-05 0.0367449 9.9955E-05 0.0398463
0.0848842 9.9964E-05 9.9964E-05 0.0305857 0.0494015 0.379148 9.9964E-05 0.417166 9.9964E-05 0.0384151
0.0332191 9.9964E-05 9.9964E-05 0.0880341 0.0323761 0.720829 9.9964E-05 0.00652245 0.11862 9.9964E-05
9.9946E-05 9.9946E-05 9.9946E-05 0.00386695 9.9946E-05 0.765323 9.9946E-05 0.0622094 9.9946E-05 0.168001
9.9982E-05 0.0540207 0.0357968 0.0620264 0.0261664 0.47894 0.0335928 0.16898 9.9982E-05 0.140277
9.9973E-05 0.0267999 9.9973E-05 0.116556 0.0436593 0.393341 9.9973E-05 0.304285 0.0620694 0.0529894
9.999E-05 0.117179 0.0173351 0.0128565 0.0196292 0.347673 0.0346674 0.286406 0.0665472 0.0976064
9.9964E-05 0.0233617 0.0558493 0.136291 9.9964E-05 0.684912 9.9964E-05 0.0983052 9.9964E-05 0.000881224
0.0739234 9.9955E-05 0.0500183 9.9955E-05 0.0101373 0.811335 0.0540858 9.9955E-05 9.9955E-05 9.9955E-05
0.0865127 0.0488896 9.9982E-05 0.104906 0.0266558 0.298885 9.9982E-05 0.309015 0.101819 0.0231167
9.9982E-05 0.150913 9.9982E-05 0.0110851 0.0499081 0.267725 0.0654045 0.326667 0.0783116 0.049786
9.9973E-05 9.9973E-05 0.0725218 0.031479 9.9973E-05 0.347125 0.0238626 0.435682 0.0502142 0.0388156
9.9946E-05 9.9946E-05 9.9946E-05 9.9946E-05 9.9946E-05 0.795846 0.0607254 0.0549457 9.9946E-05 0.0878836
9.9964E-05 9.9964E-05 0.183127 0.0346503 0.0103385 0.214928 0.0175368 0.539019 9.9964E-05 9.9964E-05
9.9946E-05 9.9946E-05 9.9946E-05 0.221279 9.9946E-05 0.43152 9.9946E-05 0.328878 9.9946E-05 0.0177241
9.9946E-05 9.9946E-05 9.9946E-05 0.0573067 0.041921 0.86786 9.9946E-05 9.9946E-05 9.9946E-05 0.0323131
9.9937E-05 9.9937E-05 0.0113621 9.9937E-05 9.9937E-05 0.820638 9.9937E-05 9.9937E-05 9.9937E-05 0.1673
9.9955E-05 0.00813576 9.9955E-05 9.9955E-05 9.9955E-05 0.803555 0.105615 0.0487521 0.033443 9.9955E-05
9.99201E-05 9.99201E-05 9.99201E-05 9.99201E-05 0.999101 9.99201E-05 9.99201E-05 9.99201E-05 9.99201E-05 9.99201E-05
9.99201E-05 9.99201E-05 9.99201E-05 9.99201E-05 0.999101 9.99201E-05 9.99201E-05 9.99201E-05 9.99201E-05 9.99201E-05
9.9964E-05 0.0451521 0.470242 0.00812195 0.361648 9.9964E-05 9.9964E-05 0.0794897 9.9964E-05 0.0349466
9.9964E-05 0.104981 0.426331 0.0746476 0.307787 9.9964E-05 9.9964E-05 0.0178328 9.9964E-05 0.0680208
0.0292494 0.0643524 0.0619499 9.9982E-05 9.9982E-05 0.133287 0.110433 0.530785 0.0494434 0.0202992
9.9973E-05 0.245354 0.049505 0.077677 0.0232366 0.0801692 9.9973E-05 0.477208 9.9973E-05 0.0465505
0.0068529 0.309128 0.0296537 9.9964E-05 9.9964E-05 9.9964E-05 0.0806929 0.530204 0.0430687 9.9964E-05
0.319076 0.0763643 0.0976166 9.9982E-05 0.0103529 0.345809 9.9982E-05 0.0780526 0.0463097 0.0262184
9.9955E-05 0.535596 9.9955E-05 9.9955E-05 0.0210459 9.9955E-05 0.0768651 0.304021 9.9955E-05 0.0619731
0.059883 0.214309 0.0321279 0.0197371 0.0315342 0.0948141 9.9991E-05 0.459999 0.0232937 0.064202
9.9973E-05 0.157887 9.9973E-05 0.0912633 0.0144243 9.9973E-05 0.0460278 0.54144 0.0910214 0.0576365
0.0447706 0.0891333 0.0747119 9.9973E-05 0.0264832 9.9973E-05 0.0845516 0.61493 9.9973E-05 0.0651193
0.0465705 0.101506 0.0556866 9.9973E-05 0.0626058 0.0798673 0.0146916 0.638772 9.9973E-05 9.9973E-05
0.0115549 0.642043 0.00184243 0.0439866 0.0286018 0.195982 0.0410831 0.0347066 9.9982E-05 9.9982E-05
9.9955E-05 9.9955E-05 0.0558588 0.0888707 9.9955E-05 0.0406886 0.175752 0.63833 9.9955E-05 9.9955E-05
0.0645447 0.236369 0.0291308 9.9955E-05 9.9955E-05 9.9955E-05 9.9955E-05 0.540388 9.9955E-05 0.129067
0.0795203 0.105841 0.0757612 9.9973E-05 0.0639469 9.9973E-05 9.9973E-05 0.602199 0.00917184 0.0632598
9.9937E-05 0.694348 9.9937E-05 0.0233018 9.9937E-05 9.9937E-05 9.9937E-05 0.281651 9.9937E-05 9.9937E-05
9.9964E-05 0.300047 0.0132051 0.0809103 0.0315357 9.9964E-05 9.9964E-05 0.54374 9.9964E-05 0.0301626
0.0126624 0.147752 0.0746645 0.0658986 9.9973E-05 0.11651 9.9973E-05 0.539712 9.9973E-05 0.0424998
9.9937E-05 0.691062 0.0551207 9.9937E-05 9.9937E-05 9.9937E-05 0.253117 9.9937E-05 9.9937E-05 9.9937E-05
0.234397 0.174444 9.9973E-05 9.9973E-05 9.9973E-05 0.30991 0.106621 0.0940811 0.0538846 0.0263626
0.0163393 0.0966463 9.9982E-05 0.0562373 0.00172408 0.32856 0.310833 0.0239748 0.165485 9.9982E-05
0.122727 0.102682 9.9982E-05 0.0216601 0.0755073 0.0561562 0.00235889 0.523213 9.9982E-05 0.0954947
9.9964E-05 9.9964E-05 0.112447 0.107431 9.9964E-05 0.1289 0.0462129 0.526402 0.0782067 9.9964E-05
0.037645 0.00370892 0.0195035 0.0418017 0.0499386 0.157841 9.9991E-05 0.550444 0.0741681 0.0648484
0.269433 0.25974 0.0283335 0.00314833 0.0718258 0.128157 0.027904 0.0992313 0.112126 9.9991E-05
0.123869 9.9982E-05 0.0708857 0.00497841 0.00728429 0.118702 0.0144083 0.58192 0.0777526 9.9982E-05
0.0201905 9.9982E-05 0.0973935 0.0841829 0.00890371 0.194484 0.0102138 0.555402 9.9982E-05 0.0290291
0.0909167 0.0425474 0.130906 9.9973E-05 9.9973E-05 0.274093 0.0211135 0.321996 0.118127 9.9973E-05
0.167184 0.0957044 0.149272 0.0519834 0.0497787 0.357309 0.0932267 0.0173424 9.9991E-05 0.0180992
0.116013 0.139264 9.9973E-05 0.195919 0.0449014 0.0618343 9.9973E-05 0.419711 9.9973E-05 0.0220577
0.0534886 0.0718498 0.0714388 0.0579879 0.040829 0.360982 9.9991E-05 0.278189 0.051936 0.0131987
0.2087 0.173667 9.9964E-05 9.9964E-05 0.0566738 0.470709 0.0880085 9.9964E-05 0.00184136 9.9964E-05
0.07761 0.0940099 9.9973E-05 0.128822 0.00898441 0.255722 9.9973E-05 0.381117 0.0534345 9.9973E-05
0.0627903 0.129159 0.00730304 0.240892 0.00860943 0.0147287 9.9982E-05 0.451416 0.0849009 9.9982E-05
0.109472 0.119253 9.9973E-05 0.0268782 0.0830702 9.9973E-05 0.131625 0.499238 0.0301639 9.9973E-05
0.1628 0.159885 9.9982E-05 9.9982E-05 0.0206082 0.213723 0.0602479 0.153425 0.106884 0.122226
9.9973E-05 0.114496 9.9973E-05 0.131868 0.0663198 0.301493 0.0168042 0.347322 0.0213973 9.9973E-05
0.078342 9.9964E-05 9.9964E-05 0.204456 9.9964E-05 0.185499 9.9964E-05 0.439073 0.0570392 0.0351909
0.113395 0.0362644 9.9973E-05 9.9973E-05 0.106563 0.462449 0.105204 0.08471 0.091115 9.9973E-05
0.0445652 0.379228 9.9955E-05 9.9955E-05 0.00986883 0.0592486 9.9955E-05 0.50659 9.9955E-05 9.9955E-05
9.9964E-05 0.697456 0.0101222 9.9964E-05 0.00539105 0.130015 9.9964E-05 0.134827 9.9964E-05 0.0217895
0.0428266 0.192166 0.17237 9.9982E-05 9.9982E-05 0.0200354 0.0235323 0.502039 0.00620316 0.0406281
0.00823976 0.849213 9.9937E-05 9.9937E-05 9.9937E-05 9.9937E-05 0.141848 9.9937E-05 9.9937E-05 9.9937E-05
9.9946E-05 0.723353 9.9946E-05 9.9946E-05 9.9946E-05 0.0278572 0.114987 9.9946E-05 0.133202 9.9946E-05
0.0164803 0.637066 9.9946E-05 9.9946E-05 9.9946E-05 9.9946E-05 0.0473439 0.29851 9.9946E-05 9.9946E-05
9.9955E-05 0.413103 0.0659041 9.9955E-05 9.9955E-05 0.0531782 9.9955E-05 0.449823 9.9955E-05 0.0174924
0.0167879 0.252032 0.113021 9.9991E-05 0.0388163 0.0760068 0.018524 0.426469 0.000230817 0.0580118
0.0508109 0.465327 9.9964E-05 0.0880873 0.0243385 0.036738 9.9964E-05 0.334299 9.9964E-05 9.9964E-05
0.101213 0.599319 0.031697 9.9964E-05 9.9964E-05 0.107824 9.9964E-05 0.114556 9.9964E-05 0.0449909
0.16613 0.484457 0.0907805 9.9955E-05 9.9955E-05 0.0227121 9.9955E-05 0.235421 9.9955E-05 9.9955E-05
0.0433127 0.212441 0.0484194 0.0263682 0.0363447 0.0439237 9.9991E-05 0.412807 0.0701483 0.106136
9.9946E-05 0.574182 9.9946E-05 9.9946E-05 9.9946E-05 0.111914 9.9946E-05 0.248517 9.9946E-05 0.0647873
0.0291381 0.453264 0.0179855 9.9982E-05 0.0264623 0.0344226 0.020885 0.397408 9.9982E-05 0.0202344
9.9946E-05 0.594963 9.9946E-05 9.9946E-05 9.9946E-05 9.9946E-05 0.0416892 0.327739 9.9946E-05 0.0350093
0.00580113 0.674404 9.9964E-05 0.0700811 9.9964E-05 0.0139601 0.123923 9.9964E-05 0.111431 9.9964E-05
0.0570477 0.20591 0.00838853 0.0389334 0.0241217 0.0942904 0.00455487 0.476802 9.9991E-05 0.0898524
9.9955E-05 9.9955E-05 0.720745 9.9955E-05 0.0257664 0.140386 9.9955E-05 0.0396214 9.9955E-05 0.072982
9.9946E-05 9.9946E-05 0.782366 0.0323704 0.113335 9.9946E-05 9.9946E-05 0.0713287 9.9946E-05 9.9946E-05
9.9946E-05 9.9946E-05 0.725356 0.114776 0.102729 9.9946E-05 9.9946E-05 0.0565401 9.9946E-05 9.9946E-05
9.9955E-05 9.9955E-05 0.774156 0.0685282 0.105604 9.9955E-05 0.0219628 0.0292497 9.9955E-05 9.9955E-05
9.9973E-05 9.9973E-05 0.73947 0.0283424 0.0805416 0.0364 9.9973E-05 0.0372059 0.0321584 0.0455813
9.9955E-05 0.013842 0.863476 9.9955E-05 0.012602 9.9955E-05 9.9955E-05 0.0557806 9.9955E-05 0.0537992
9.9955E-05 9.9955E-05 0.840974 9.9955E-05 0.0579979 9.9955E-05 9.9955E-05 0.0633981 0.0119665 0.0251635
9.9973E-05 0.276097 0.0670447 9.9973E-05 0.00196354 0.0200084 9.9973E-05 0.430008 0.0881699 0.116409
0.0523816 0.17766 0.0566176 0.0295896 0.00817046 0.133349 9.9991E-05 0.328588 0.0600392 0.153504
9.9946E-05 0.771786 0.0281566 9.9946E-05 9.9946E-05 0.197657 9.9946E-05 9.9946E-05 0.00180096 9.9946E-05
0.0411353 0.124841 0.131589 9.9973E-05 0.0176511 9.9973E-05 9.9973E-05 0.542479 0.0668505 0.0751544
0.0244291 0.377793 0.0108362 9.9973E-05 0.0584163 0.147807 0.0233918 0.357026 9.9973E-05 9.9973E-05
9.9964E-05 0.296892 0.0567347 9.9964E-05 0.0117619 0.0992425 9.9964E-05 0.501487 9.9964E-05 0.0334819
9.9982E-05 0.194282 0.0306035 0.0526536 0.0188354 0.0639616 0.0522002 0.529216 0.058048 9.9982E-05
9.9964E-05 0.382883 9.9964E-05 0.00583036 0.0550332 9.9964E-05 9.9964E-05 0.396736 0.0639641 0.0951529
0.0923659 0.605141 0.0739674 9.9946E-05 9.9946E-05 0.227926 9.9946E-05 9.9946E-05 9.9946E-05 9.9946E-05
0.0172814 0.162263 0.0261945 0.0509381 0.0713455 0.0345121 0.0418965 0.555512 9.9991E-05 0.0399576
0.00196319 0.188802 0.0650569 0.0737471 0.0317191 0.0690137 0.0237895 0.500709 9.9991E-05 0.0450994
0.0912459 0.21631 0.0709003 9.9973E-05 0.0335188 0.0733675 9.9973E-05 0.426232 9.9973E-05 0.0881257
9.9964E-05 0.50433 9.9964E-05 9.9964E-05 0.0406739 9.9964E-05 0.144947 0.249648 0.0281371 0.0318635
9.9973E-05 0.344302 0.0561022 9.9973E-05 0.0118554 9.9973E-05 0.0223006 0.49411 0.0525935 0.0184363
0.0315168 0.34853 0.0297288 0.0294889 0.00715703 0.152114 9.9982E-05 0.389381 9.9982E-05 0.0118841
9.9946E-05 0.617278 9.9946E-05 9.9946E-05 9.9946E-05 9.9946E-05 0.00706617 0.237599 9.9946E-05 0.137457
0.00406918 0.446507 0.0476389 9.9964E-05 9.9964E-05 0.0312477 9.9964E-05 0.447329 0.0228079 9.9964E-05
9.9973E-05 0.0617598 0.108627 9.9973E-05 0.0384017 0.154649 0.0710842 0.495929 0.0692495 9.9973E-05
0.0915257 0.0443682 9.9982E-05 0.0988812 0.0208175 0.361573 0.106126 0.0925184 0.18399 9.9982E-05
0.174846 0.00247644 0.10604 0.038821 0.0128252 0.141126 0.0717378 0.434826 9.9991E-05 0.0172013
0.127278 9.9982E-05 0.0857983 0.0113304 9.9982E-05 0.141246 0.0210639 0.474706 0.0938276 0.04455
0.0285099 0.139708 0.0682188 9.9973E-05 9.9973E-05 0.060769 0.0912446 0.443964 9.9973E-05 0.167285
0.133777 0.0221436 9.9973E-05 9.9973E-05 0.0624121 0.238906 0.0661713 0.451542 0.0247475 9.9973E-05
0.122328 9.9964E-05 9.9964E-05 9.9964E-05 0.0222056 0.263632 0.0411713 0.511445 9.9964E-05 0.0388179
0.2444 9.9955E-05 9.9955E-05 9.9955E-05 9.9955E-05 0.243734 9.9955E-05 0.428054 0.0670713 0.0162408
0.0637476 0.0599588 0.10367 9.9973E-05 9.9973E-05 0.0670525 0.0973375 0.524884 0.0830503 9.9973E-05
0.0461795 0.0721002 0.0158859 0.0762306 0.034059 0.057587 0.108859 0.559981 0.0182412 0.0108767
0.0200419 0.0768184 0.0628387 0.0816197 0.00236124 0.209203 0.0328673 0.479826 0.034323 9.9991E-05
0.241047 9.9946E-05 9.9946E-05 9.9946E-05 0.00676586 0.293388 9.9946E-05 0.4582 9.9946E-05 9.9946E-05
0.157422 0.0019812 9.9973E-05 0.0879547 9.9973E-05 9.9973E-05 0.102685 0.555065 0.0514958 0.0430962
0.0927766 0.000748278 0.0781552 0.00108583 0.016375 0.0329847 0.049696 0.47507 0.119176 0.133932
0.131317 9.9973E-05 9.9973E-05 0.0813757 0.00706033 0.139501 9.9973E-05 0.511986 0.0725081 0.055952
0.100326 0.0349185 0.0277735 9.9982E-05 0.0482791 9.9982E-05 0.184598 0.512256 0.0180027 0.0736463
0.177518 0.0180573 9.9982E-05 0.0791866 9.9982E-05 0.119736 0.0344351 0.504138 0.0186362 0.0480933
0.0988996 9.9973E-05 9.9973E-05 0.160389 0.0231598 0.337686 0.121443 0.235804 0.022318 9.9973E-05
0.131061 0.00991683 9.9964E-05 0.191833 0.0451683 0.0690024 9.9964E-05 0.552619 9.9964E-05 9.9964E-05
0.0894714 9.9964E-05 9.9964E-05 0.151792 0.0253863 9.9964E-05 0.0370884 0.577306 0.118556 9.9964E-05
0.164927 0.160932 0.0417856 9.9973E-05 9.9973E-05 0.290451 9.9973E-05 0.10467 0.149429 0.0875054
0.0692623 0.0723088 0.0571295 9.9982E-05 9.9982E-05 0.23257 0.248133 0.148083 0.158192 0.0141201
0.129935 0.0729122 0.0753748 0.00583291 9.9991E-05 0.11169 0.0555787 0.468036 0.0463407 0.0341992
0.21273 0.138901 9.9973E-05 9.9973E-05 9.9973E-05 0.0613606 0.196835 0.010491 0.28712 0.0922619
0.140642 0.116843 0.0341606 0.0155074 0.00962495 0.418023 9.9982E-05 0.197961 0.0670382 9.9982E-05
0.0943854 0.213509 0.0275416 9.9964E-05 9.9964E-05 0.277337 9.9964E-05 0.371957 0.0148706 9.9964E-05
0.239285 0.054897 0.001864 9.9973E-05 0.0583051 0.304178 9.9973E-05 0.225728 0.115442 9.9973E-05
0.255383 9.9964E-05 9.9964E-05 9.9964E-05 9.9964E-05 0.35816 0.0813194 0.255064 0.0203554 0.0293177
0.0687626 0.0683456 0.00977599 9.9991E-05 0.0616621 0.032982 0.0447024 0.531796 0.103587 0.078287
0.0397554 0.0781497 0.00887369 9.9982E-05 9.9982E-05 0.0942851 0.0474114 0.504769 0.0835004 0.143055
0.0963886 0.0372624 0.0604172 9.9982E-05 0.0100061 0.144964 9.9982E-05 0.536617 0.0689619 0.0451828
0.182643 0.155496 9.9982E-05 9.9982E-05 0.00968718 0.163562 0.257423 0.0582385 0.0863043 0.0864449
0.0188775 0.015177 0.164393 9.9982E-05 9.9982E-05 0.0387874 0.119966 0.517275 0.0925661 0.032758
0.0577373 0.121145 0.010178 0.117791 9.9991E-05 0.000900807 0.207239 0.440462 0.0332875 0.011159
0.0924631 0.109241 0.102172 9.9982E-05 0.00257554 0.021037 0.439142 0.0484444 0.184725 9.9982E-05
9.9964E-05 0.116734 0.152865 9.9964E-05 9.9964E-05 0.0357122 0.0152968 0.65726 9.9964E-05 0.0217323
0.0957868 0.222945 0.0235313 0.0960952 0.00452643 9.9991E-05 0.224636 0.26959 0.0626617 0.000127734
9.9982E-05 0.0144574 0.116794 9.9982E-05 0.0032508 0.0683904 0.134932 0.413251 0.194854 0.0538709
0.133307 0.113716 0.0668537 0.00698811 0.00109147 0.00512807 0.36483 0.306518 0.00146797 9.9991E-05
0.111095 0.0891293 0.0290463 9.9982E-05 0.0308613 0.0399782 0.416381 0.222652 0.0606572 9.9982E-05
0.120985 0.0667114 0.0236532 9.9982E-05 0.010707 0.0382935 0.128361 0.435124 0.175965 9.9982E-05
9.9982E-05 0.105594 0.103394 0.0520126 9.9982E-05 0.0878349 0.108644 0.454687 0.0775993 0.0100344
0.0448593 0.136056 0.121566 9.9991E-05 0.00838282 0.0313299 0.0942262 0.395057 0.0385484 0.129874
0.0171592 0.216704 0.010347 0.0340669 0.0360783 0.134966 0.357772 9.9991E-05 0.077668 0.115138
0.0292652 9.9973E-05 0.140403 9.9973E-05 9.9973E-05 0.0786569 0.0832205 0.552299 0.0327178 0.0831378
9.9946E-05 0.145523 9.9946E-05 9.9946E-05 9.9946E-05 0.13039 0.348578 0.374909 9.9946E-05 9.9946E-05
0.0866568 0.157427 9.9991E-05 0.00190165 0.00854234 0.0443347 0.169523 0.438663 0.0669698 0.0258819
9.9973E-05 0.161312 0.124038 0.09855 0.028361 9.9973E-05 0.0206016 0.533737 0.0331011 9.9973E-05
9.9973E-05 9.9973E-05 0.217064 0.0577347 0.0874514 0.00127761 0.288897 0.128437 9.9973E-05 0.218838
9.9955E-05 9.9955E-05 0.461234 0.104828 0.0245058 9.9955E-05 0.346199 9.9955E-05 9.9955E-05 0.0627338
9.9946E-05 9.9946E-05 0.332703 9.9946E-05 0.0536343 9.9946E-05 0.451507 9.9946E-05 9.9946E-05 0.161555
0.0052843 9.9982E-05 0.302921 0.192655 0.0231827 0.0189845 0.184431 0.0618738 9.9982E-05 0.210467
9.9928E-05 9.9928E-05 9.9928E-05 9.9928E-05 9.9928E-05 9.9928E-05 0.261317 0.737884 9.9928E-05 9.9928E-05
0.00279597 0.04377 0.0813733 0.00631376 0.0338939 9.9991E-05 0.0752455 0.574283 0.0990882 0.0831366
9.9946E-05 0.0153337 9.9946E-05 9.9946E-05 9.9946E-05 0.0793332 9.9946E-05 0.168681 9.9946E-05 0.736053
9.9964E-05 0.130137 0.0208499 9.9964E-05 0.00535358 0.216918 9.9964E-05 0.0723884 9.9964E-05 0.553953
0.079767 9.9964E-05 0.0422845 9.9964E-05 0.0455916 9.9964E-05 9.9964E-05 0.282214 0.107857 0.441886
0.00711141 0.0406843 9.9973E-05 9.9973E-05 0.00563289 9.9973E-05 0.373176 0.375048 0.182365 0.0156827
0.0525463 0.136339 0.0621114 0.0863135 9.9973E-05 9.9973E-05 0.142644 0.379851 0.139895 9.9973E-05
9.9955E-05 0.0137391 9.9955E-05 9.9955E-05 9.9955E-05 0.0733204 0.512431 0.231284 0.168726 9.9955E-05
0.0392505 0.0950968 9.9964E-05 0.108139 9.9964E-05 9.9964E-05 0.203886 0.54844 0.00478754 9.9964E-05
0.010457 9.9973E-05 0.0328836 9.9973E-05 9.9973E-05 0.0755942 0.204036 0.447703 0.204865 0.0241608
0.0664562 0.0079896 0.0152281 0.0165255 9.9973E-05 9.9973E-05 0.224809 0.594589 0.0741022 9.9973E-05
9.9955E-05 0.140885 9.9955E-05 9.9955E-05 9.9955E-05 0.0960977 0.461415 0.225157 0.0759458 9.9955E-05
0.0421494 0.0468177 9.9973E-05 0.0875587 9.9973E-05 9.9973E-05 0.114206 0.598989 0.0125546 0.0974247
9.9964E-05 9.9964E-05 0.107372 0.0689578 0.00998867 9.9964E-05 0.148959 0.578747 0.0855763 9.9964E-05
9.9946E-05 9.9946E-05 9.9946E-05 0.0138386 9.9946E-05 9.9946E-05 0.0372537 0.00221044 9.9946E-05 0.946098
9.9937E-05 9.9937E-05 9.9937E-05 9.9937E-05 9.9937E-05 9.9937E-05 9.9937E-05 0.0811023 0.047057 0.871141
9.9982E-05 0.000609354 0.0149053 0.135764 0.0271209 0.0793391 9.9982E-05 0.19833 0.0204528 0.523278
0.0449004 9.9964E-05 9.9964E-05 0.106264 0.00236947 0.0412563 9.9964E-05 0.238858 9.9964E-05 0.565952
9.9973E-05 0.0271543 0.00241532 9.9973E-05 0.00272475 0.0214098 9.9973E-05 0.09662 0.0382195 0.811156
9.99201E-05 9.99201E-05 9.99201E-05 9.99201E-05 9.99201E-05 9.99201E-05 9.99201E-05 9.99201E-05 9.99201E-05 0.999101
0.00544056 9.9946E-05 0.0193895 0.0459126 9.9946E-05 9.9946E-05 9.9946E-05 9.9946E-05 9.9946E-05 0.928658
9.9937E-05 9.9937E-05 9.9937E-05 0.0692189 9.9937E-05 9.9937E-05 9.9937E-05 0.130775 9.9937E-05 0.799306
0.0106967 0.0198127 9.9937E-05 9.9937E-05 9.9937E-05 9.9937E-05 9.9937E-05 9.9937E-05 9.9937E-05 0.968791
9.9928E-05 9.9928E-05 9.9928E-05 9.9928E-05 9.9928E-05 9.9928E-05 0.000640831 9.9928E-05 9.9928E-05 0.99856
9.9928E-05 9.9928E-05 9.9928E-05 9.9928E-05 0.0240059 9.9928E-05 9.9928E-05 9.9928E-05 9.9928E-05 0.975195
9.9964E-05 9.9964E-05 0.0133265 0.0867262 0.04969 9.9964E-05 9.9964E-05 0.0896278 0.00821844 0.752011
0.0458876 9.9946E-05 9.9946E-05 0.118069 9.9946E-05 0.0308492 9.9946E-05 9.9946E-05 9.9946E-05 0.804594
9.9937E-05 0.00570318 9.9937E-05 9.9937E-05 0.0107452 9.9937E-05 9.9937E-05 9.9937E-05 9.9937E-05 0.982852
0.0346766 0.0269816 0.0890867 9.9982E-05 0.0216002 0.0142171 9.9982E-05 0.468486 0.0364755 0.308276
0.0535686 9.9955E-05 9.9955E-05 9.9955E-05 0.0551199 0.0397229 9.9955E-05 0.251842 9.9955E-05 0.599247
0.011379 9.9964E-05 0.0141957 0.141487 0.0372822 9.9964E-05 9.9964E-05 0.171966 9.9964E-05 0.623289
9.9955E-05 9.9955E-05 0.0436846 9.9955E-05 0.0180696 0.00699938 9.9955E-05 0.0941784 9.9955E-05 0.836568
9.9937E-05 9.9937E-05 0.0241065 0.105201 9.9937E-05 9.9937E-05 9.9937E-05 9.9937E-05 9.9937E-05 0.869993
0.00175074 9.9964E-05 9.9964E-05 0.185976 0.00923411 9.9964E-05 9.9964E-05 0.0503128 0.0181941 0.734132
9.9937E-05 9.9937E-05 9.9937E-05 0.145658 0.00871304 9.9937E-05 9.9937E-05 9.9937E-05 9.9937E-05 0.844929
0.0128626 0.00206739 0.0890968 0.0934168 9.9973E-05 9.9973E-05 9.9973E-05 0.186243 0.0339993 0.582014
9.9955E-05 9.9955E-05 0.0210498 0.0339833 9.9955E-05 0.060148 9.9955E-05 9.9955E-05 0.0362569 0.848062
9.9946E-05 9.9946E-05 0.245153 0.146918 9.9946E-05 0.0871372 0.520192 9.9946E-05 9.9946E-05 9.9946E-05
0.0879708 9.9982E-05 0.0867403 0.0362222 0.0196555 0.0281476 0.289298 0.420137 9.9982E-05 0.0316284
0.0864763 0.0267548 0.195982 0.0219405 0.010542 9.9991E-05 0.179702 0.411126 0.0285739 0.0388023
0.0342189 9.9982E-05 0.075599 0.145143 0.0917167 9.9982E-05 0.449929 0.180949 0.00770154 0.0145429
9.9982E-05 9.9982E-05 0.0695002 0.117949 0.0612619 0.0736301 0.128698 0.353038 0.0711358 0.124586
9.9991E-05 0.0973135 0.103224 0.147691 0.0938332 0.0227673 0.347394 0.141492 0.0296393 0.0165456
9.9973E-05 9.9973E-05 0.126784 9.9973E-05 0.0301061 0.0812912 0.137107 0.417245 0.0847262 0.122441
9.9964E-05 0.0226315 0.126743 0.0501461 9.9964E-05 9.9964E-05 0.269696 0.363569 9.9964E-05 0.166814
0.0561849 9.9982E-05 0.0462588 0.0289252 0.0830013 0.00324979 0.184067 0.417664 9.9982E-05 0.180449
9.9964E-05 9.9964E-05 0.0475326 0.126184 0.0471644 9.9964E-05 0.365751 0.286446 9.9964E-05 0.126522
9.9982E-05 9.9982E-05 0.101196 0.13037 0.0637753 0.107443 0.172365 0.360737 0.0217947 0.0421192
0.088051 9.9955E-05 0.800154 9.9955E-05 9.9955E-05 9.9955E-05 0.0300871 0.0647198 0.0164883 9.9955E-05
9.9955E-05 9.9955E-05 0.795303 0.0907727 0.038539 9.9955E-05 9.9955E-05 9.9955E-05 0.0502796 0.0246055
0.0586924 9.9937E-05 0.881846 9.9937E-05 0.0587624 9.9937E-05 9.9937E-05 9.9937E-05 9.9937E-05 9.9937E-05
0.0383921 9.9955E-05 0.884995 0.0169918 0.0157955 9.9955E-05 9.9955E-05 0.0433259 9.9955E-05 9.9955E-05
0.0650452 9.9955E-05 0.681366 0.0851519 0.121222 0.0467151 9.9955E-05 9.9955E-05 9.9955E-05 9.9955E-05
9.9955E-05 9.9955E-05 0.80292 0.111961 0.0452976 9.9955E-05 9.9955E-05 9.9955E-05 0.016012 0.0233094
0.0113319 9.9955E-05 0.779365 9.9955E-05 0.0979873 9.9955E-05 9.9955E-05 0.0470496 9.9955E-05 0.0637661
0.0198769 9.9955E-05 0.766443 0.121204 0.0371395 9.9955E-05 0.0548367 9.9955E-05 9.9955E-05 9.9955E-05
9.9946E-05 9.9946E-05 0.800098 0.160381 0.00449674 0.0344247 9.9946E-05 9.9946E-05 9.9946E-05 9.9946E-05
9.9946E-05 9.9946E-05 0.726638 0.227232 0.019007 0.0265231 9.9946E-05 9.9946E-05 9.9946E-05 9.9946E-05
0.0961217 0.0496231 0.583529 9.9973E-05 0.0175029 0.205622 0.0131644 9.9973E-05 0.0341365 9.9973E-05
0.204779 0.0641203 0.576276 0.00962125 9.9964E-05 0.121883 9.9964E-05 9.9964E-05 0.0229199 9.9964E-05
0.117572 0.0136014 0.509047 9.9973E-05 0.000101853 0.277842 0.0483462 9.9973E-05 0.0331893 9.9973E-05
0.107486 9.9955E-05 0.465738 9.9955E-05 9.9955E-05 0.304583 0.0221308 9.9955E-05 0.0995624 9.9955E-05
0.0411733 0.28251 0.0341529 9.9982E-05 0.0133848 0.0936199 9.9982E-05 0.477208 0.0378131 0.0199383
0.0040569 0.303319 0.00125673 0.0142797 9.9982E-05 0.168606 9.9982E-05 0.437862 0.0359239 0.0344961
0.0837428 0.169533 9.9973E-05 0.0309201 9.9973E-05 0.0862238 9.9973E-05 0.528171 0.0302592 0.0708505
0.126945 0.210172 0.00228596 0.0256958 0.0230289 0.145139 0.0824692 0.384063 9.9982E-05 9.9982E-05
0.318676 0.123112 9.9973E-05 9.9973E-05 9.9973E-05 0.403668 0.0348961 0.0480279 0.0319561 0.0393641
9.9973E-05 0.195855 0.0491657 0.108959 0.0241652 0.0312393 9.9973E-05 0.568833 0.0214822 9.9973E-05
0.0762881 0.240893 9.9973E-05 9.9973E-05 9.9973E-05 0.0629479 0.0259594 0.586167 0.00155243 0.00589212
0.06696 0.296506 9.9973E-05 0.0279173 9.9973E-05 0.00826287 0.0273838 0.485414 0.0872558 9.9973E-05
9.9964E-05 0.535626 9.9964E-05 0.0397295 9.9964E-05 9.9964E-05 0.0495812 0.312155 0.039566 0.0229425
0.138776 0.190226 0.0169368 0.15486 0.0133674 9.9982E-05 9.9982E-05 0.431666 0.0525645 0.00140333
0.0495542 0.324697 0.0250513 9.9973E-05 0.0249925 0.11257 9.9973E-05 0.349408 0.113426 9.9973E-05
0.0558334 0.703384 9.9946E-05 9.9946E-05 9.9946E-05 9.9946E-05 0.0799045 9.9946E-05 0.160278 9.9946E-05
0.0229421 0.270561 0.0282324 0.0398451 0.0234019 0.144299 9.9973E-05 0.470418 9.9973E-05 9.9973E-05
9.9955E-05 0.415885 9.9955E-05 9.9955E-05 9.9955E-05 0.0584521 0.16011 0.27945 0.0856031 9.9955E-05
0.037934 0.3933 9.9955E-05 0.0783972 0.0183425 9.9955E-05 9.9955E-05 0.471527 9.9955E-05 9.9955E-05
0.105329 0.687302 0.0500971 9.9955E-05 9.9955E-05 0.111518 9.9955E-05 0.0452542 9.9955E-05 9.9955E-05
0.778578 9.9955E-05 0.118746 0.00190918 9.9955E-05 9.9955E-05 0.0900063 0.0102607 9.9955E-05 9.9955E-05
0.787473 9.9955E-05 0.0574237 9.9955E-05 9.9955E-05 9.9955E-05 0.0787923 0.0434163 9.9955E-05 0.0323951
0.852836 9.9964E-05 0.0117349 9.9964E-05 0.0191353 9.9964E-05 0.0479942 0.0386473 0.0292524 9.9964E-05
0.853248 0.0434621 0.101416 9.9946E-05 9.9946E-05 9.9946E-05 0.00127343 9.9946E-05 9.9946E-05 9.9946E-05
0.794396 9.9973E-05 9.9973E-05 0.0288631 0.00479676 0.0308427 0.0792582 0.0340928 9.9973E-05 0.0274508
0.811503 9.9964E-05 0.0337505 0.00117561 9.9964E-05 9.9964E-05 9.9964E-05 0.102271 0.0243733 0.0265269
9.9955E-05 0.0287143 0.745918 0.154184 0.0634732 9.9955E-05 9.9955E-05 0.0072105 9.9955E-05 9.9955E-05
0.0833427 9.9964E-05 0.694364 0.0766124 0.0245892 0.0818567 9.9964E-05 0.0388355 9.9964E-05 9.9964E-05
9.9955E-05 9.9955E-05 0.643632 0.127653 0.0885679 9.9955E-05 9.9955E-05 0.0803162 9.9955E-05 0.0593312
0.021908 9.9964E-05 0.667631 0.0794866 0.0189152 0.100625 9.9964E-05 9.9964E-05 9.9964E-05 0.111035
0.025478 9.9964E-05 0.701718 0.142633 0.0217804 9.9964E-05 9.9964E-05 0.0631647 9.9964E-05 0.0448265
0.421982 9.9955E-05 0.36118 9.9955E-05 0.0584382 0.102669 0.0552323 9.9955E-05 9.9955E-05 9.9955E-05
0.394793 0.0168122 0.452803 9.9964E-05 0.0309341 9.9964E-05 0.0292702 9.9964E-05 0.0749869 9.9964E-05
0.409535 0.0315759 0.401857 9.9964E-05 0.0292364 9.9964E-05 9.9964E-05 9.9964E-05 0.126331 0.00106509
9.99201E-05 9.99201E-05 9.99201E-05 9.99201E-05 0.999101 9.99201E-05 9.99201E-05 9.99201E-05 9.99201E-05 9.99201E-05
0.468498 0.0564335 0.316774 9.9973E-05 0.0301404 9.9973E-05 0.0318645 9.9973E-05 0.073513 0.0224763
9.9982E-05 9.9982E-05 0.112106 0.365566 0.0109852 0.000174539 0.118394 0.213071 0.0252379 0.154266
0.096225 9.9973E-05 0.114306 0.20171 0.00529474 0.000718752 9.9973E-05 0.510124 9.9973E-05 0.0713216
9.9955E-05 9.9955E-05 0.0806461 0.234754 0.0507644 9.9955E-05 9.9955E-05 0.454 9.9955E-05 0.179336
0.0117907 0.0843654 0.253883 0.171721 0.00987597 9.9982E-05 0.0414464 0.353799 9.9982E-05 0.0729184
0.0357149 0.0320718 0.0786682 0.128566 0.0594159 0.056261 0.0305379 0.437318 9.9991E-05 0.141346
9.9946E-05 9.9946E-05 0.315388 0.350823 9.9946E-05 9.9946E-05 0.237003 9.9946E-05 9.9946E-05 0.0961861
0.216849 0.120499 9.9964E-05 9.9964E-05 9.9964E-05 0.136491 0.00163649 0.481102 0.0430222 9.9964E-05
0.0988965 0.0160836 9.9973E-05 0.112127 9.9973E-05 0.138491 0.139508 0.335536 0.159058 9.9973E-05
0.180678 9.9955E-05 0.078378 0.0611226 9.9955E-05 0.602192 9.9955E-05 0.0771289 9.9955E-05 9.9955E-05
0.099072 0.0836427 0.00259413 0.0254414 0.0107667 0.0798984 0.0503871 0.437068 0.211029 9.9991E-05
0.094304 0.207762 9.9955E-05 9.9955E-05 9.9955E-05 0.0230289 0.340102 9.9955E-05 0.334303 9.9955E-05
9.9973E-05 9.9973E-05 0.0651738 9.9973E-05 0.0334514 0.198371 0.0428835 0.434715 0.150637 0.0744681
0.0143655 0.132326 0.0378108 0.108533 0.00415226 0.158764 0.0768943 0.338949 0.128105 9.9991E-05
0.17307 0.0690124 9.9964E-05 9.9964E-05 9.9964E-05 0.415609 0.0269785 0.234631 0.0802984 9.9964E-05
0.0668604 0.122802 0.129023 0.0456893 9.9991E-05 0.0560561 0.0158016 0.458141 0.0531968 0.0523293
0.0723767 0.15199 9.9973E-05 0.0140486 9.9973E-05 0.372388 0.232717 0.0546589 0.101521 9.9973E-05
0.0439999 0.0809259 9.9973E-05 9.9973E-05 9.9973E-05 0.159549 0.11838 0.410467 0.140273 0.0461053
0.141781 0.0302608 0.0224749 9.9973E-05 0.0329465 0.217354 9.9973E-05 0.515411 0.039471 9.9973E-05
0.0566569 0.245094 0.103152 0.157243 9.9982E-05 0.0355332 0.0365637 0.251633 9.9982E-05 0.113924
0.076175 0.0784641 9.9973E-05 9.9973E-05 9.9973E-05 0.241498 0.0860871 0.29085 0.187796 0.0388293
0.121041 0.0476903 9.9973E-05 0.0442488 9.9973E-05 0.176944 9.9973E-05 0.337484 0.231724 0.0405676
0.0575741 0.0176281 0.00971635 0.104816 9.9982E-05 0.201219 0.10503 0.429823 0.0739932 9.9982E-05
0.12383 0.145947 9.9973E-05 0.0879159 9.9973E-05 0.0885975 0.0294305 0.445439 0.078541 9.9973E-05
0.0977473 0.165186 0.0213845 0.077252 0.000996272 9.9982E-05 9.9982E-05 0.531052 0.0394101 0.0667712
0.162069 0.0197343 0.0476111 0.162508 0.00643204 0.0045482 9.9982E-05 0.504098 0.0927983 9.9982E-05
0.0810555 9.9991E-05 0.0379153 0.110035 0.00681652 0.195973 0.0843841 0.445807 0.0113984 0.0265147
9.9937E-05 9.9937E-05 0.728511 9.9937E-05 9.9937E-05 9.9937E-05 9.9937E-05 0.163312 9.9937E-05 0.107477
9.9937E-05 9.9937E-05 0.822572 9.9937E-05 9.9937E-05 9.9937E-05 9.9937E-05 0.128464 9.9937E-05 0.0482643
0.0358413 9.9946E-05 0.802047 9.9946E-05 9.9946E-05 9.9946E-05 0.0321998 0.129313 9.9946E-05 9.9946E-05
0.0546306 0.0280767 0.799736 0.0257863 0.0148377 9.9982E-05 9.9982E-05 0.05716 0.00726986 0.0123026
9.9946E-05 9.9946E-05 0.767817 9.9946E-05 0.0615517 9.9946E-05 9.9946E-05 0.14308 9.9946E-05 0.0269518
0.281994 0.0534617 0.00627195 9.9982E-05 0.00592582 0.498737 0.0379308 0.0705447 9.9982E-05 0.0449339
0.0675975 9.9973E-05 0.0845508 9.9973E-05 0.0128429 0.212941 9.9973E-05 0.381791 0.177476 0.0625005
0.0384382 9.9964E-05 0.211521 0.0696177 9.9964E-05 9.9964E-05 9.9964E-05 0.465692 0.105927 0.108404
0.0482413 9.9982E-05 9.9982E-05 0.0440823 0.0360554 0.0927764 0.0541186 0.597463 0.0136847 0.113378
0.152389 0.104862 0.0518615 0.156632 9.9964E-05 0.0892033 9.9964E-05 0.444653 9.9964E-05 9.9964E-05
0.137239 9.9973E-05 9.9973E-05 9.9973E-05 0.0238973 0.191969 0.189563 0.279636 0.134602 0.0427935
0.337696 0.0515598 0.0952842 9.9964E-05 0.0274375 0.348708 0.138915 9.9964E-05 9.9964E-05 9.9964E-05
0.231496 9.9973E-05 0.0419674 9.9973E-05 0.0106702 0.136247 9.9973E-05 0.481406 0.0757432 0.0221706
0.322579 9.9991E-05 0.0211625 0.0340715 0.010979 0.2797 0.0260351 0.0993722 0.149487 0.0565147
0.101807 0.141665 0.017685 0.15259 9.9982E-05 0.0114501 0.146378 0.317943 0.110283 9.9982E-05
0.235039 0.00339876 0.127335 9.9964E-05 9.9964E-05 0.457005 9.9964E-05 0.0584891 0.118333 9.9964E-05
0.0973293 0.0216413 0.0724362 0.00799136 0.0245212 0.120737 9.9982E-05 0.576384 9.9982E-05 0.0787593
0.291634 0.0314335 0.0781989 9.9982E-05 0.0166915 0.370637 0.0530588 0.124767 0.0333791 9.9982E-05
0.165308 0.118382 0.0064432 0.0989758 9.9991E-05 0.209036 0.0580676 0.239074 0.0883773 0.0162357
0.0388422 0.0372772 0.00186373 0.122822 9.9982E-05 0.0683417 0.192759 0.420993 0.116901 9.9982E-05
0.0805388 9.9946E-05 9.9946E-05 9.9946E-05 9.9946E-05 9.9946E-05 0.46302 0.369274 0.0865674 9.9946E-05
0.0601331 9.9955E-05 0.0895992 9.9955E-05 9.9955E-05 0.0919446 0.214407 0.543416 9.9955E-05 9.9955E-05
9.9964E-05 9.9964E-05 0.0729796 9.9964E-05 0.0306776 9.9964E-05 0.141515 0.590059 0.149087 0.0152823
0.0483866 9.99549E-05 9.99549E-05 9.99549E-05 9.99549E-05 0.0217479 0.419807 0.453015 0.0565439 9.99549E-05
9.9973E-05 0.0101157 0.116873 9.9973E-05 9.9973E-05 0.135925 0.0855654 0.520891 0.0961242 0.0342059
0.0859783 0.130583 0.066678 9.9973E-05 0.0041796 9.9973E-05 0.161055 0.518288 0.0329384 9.9973E-05
0.0963942 0.0442352 9.9955E-05 9.9955E-05 9.9955E-05 9.9955E-05 0.595583 0.192154 0.0711337 9.9955E-05
0.0560288 0.0557737 9.9955E-05 9.9955E-05 9.9955E-05 9.9955E-05 0.446519 0.310932 0.130247 9.9955E-05
0.0566143 9.9964E-05 9.9964E-05 0.012829 9.9964E-05 0.0920214 0.27019 0.468741 0.0992045 9.9964E-05
0.083552 0.174948 9.9964E-05 9.9964E-05 9.9964E-05 0.0479379 0.437996 0.191369 0.0637977 9.9964E-05
0.0996355 0.0692436 9.9955E-05 9.9955E-05 9.9955E-05 0.0722134 0.289194 0.469214 9.9955E-05 9.9955E-05
0.29999 0.121301 9.9964E-05 0.06131 0.0149892 0.472385 9.9964E-05 9.9964E-05 0.0296246 9.9964E-05
0.192202 0.0306704 9.9964E-05 9.9964E-05 9.9964E-05 0.246635 0.0348296 0.17647 0.318793 9.9964E-05
0.206852 0.104295 9.9982E-05 0.0724222 0.0210314 0.26962 9.9982E-05 0.192356 0.0932595 0.0399635
0.111911 0.0573882 9.99696E-05 0.170954 0.00784256 0.177281 9.99696E-05 0.474224 9.99696E-05 9.99696E-05
0.25216 0.136163 9.9955E-05 9.9955E-05 9.9955E-05 0.498279 9.9955E-05 0.111969 9.9955E-05 0.000929961
0.0861958 0.0242197 0.0484235 0.192944 0.0165588 0.0395057 9.9991E-05 0.373543 0.183731 0.0347792
0.138401 0.0101515 0.000446169 0.0618468 0.0312962 0.191973 9.9982E-05 0.541989 0.0236956 9.9982E-05
0.0820874 0.0466051 9.9964E-05 0.0793336 9.9964E-05 0.318678 9.9964E-05 0.394589 0.078307 9.9964E-05
0.218931 0.042985 9.9964E-05 0.09598 9.9964E-05 0.0935156 9.9964E-05 0.404194 0.143994 9.9964E-05
0.274579 0.111864 9.9964E-05 0.064961 0.00495902 0.146346 9.9964E-05 0.396891 9.9964E-05 9.9964E-05
0.28247 0.0986092 9.9955E-05 9.9955E-05 9.9955E-05 0.41773 9.9955E-05 0.139809 9.9955E-05 0.0608826
0.265374 9.9964E-05 9.9964E-05 0.0887383 9.9964E-05 0.279253 9.9964E-05 0.229445 0.0888629 0.0479269
0.059163 9.9955E-05 9.9955E-05 0.147258 9.9955E-05 0.222638 9.9955E-05 0.509882 0.0605585 9.9955E-05
0.0958523 0.0500073 0.0231884 0.12106 0.00514712 0.186834 0.00574669 0.398494 0.0907641 0.0229062
0.124749 0.044257 9.9982E-05 0.157799 0.0183345 0.196779 0.0990437 0.324108 0.0347299 9.9982E-05
0.136183 0.032482 9.9973E-05 9.9973E-05 0.0134093 0.173623 9.9973E-05 0.379439 0.138935 0.12563
0.19955 9.9982E-05 0.0664264 0.0121996 0.0483824 0.325787 0.0666306 0.23917 9.9982E-05 0.0416531
0.0447584 0.0825077 0.0381694 9.9973E-05 9.9973E-05 0.180812 9.9973E-05 0.598364 0.0277629 0.0273262
0.102193 0.0190963 0.00953869 0.0480069 9.9982E-05 0.327187 9.9982E-05 0.414351 0.0251048 0.054322
0.168462 0.0505921 0.0805809 9.9991E-05 0.0347832 0.0557989 0.000736285 0.450437 0.0454461 0.113063
9.9973E-05 9.9973E-05 0.229877 0.199362 0.0849971 0.101234 0.0667725 0.297118 9.9973E-05 0.0203402
9.9991E-05 0.0913865 0.039131 0.160816 0.0518692 0.0276518 0.0500037 0.410547 0.0554723 0.113023
0.0821183 0.0496075 0.0608078 0.228018 0.0255128 0.0260383 0.0259846 0.40358 0.00221498 0.0961181
9.9973E-05 0.109611 9.9973E-05 0.142766 0.0235694 0.159974 0.0238632 0.41195 9.9973E-05 0.127966
9.9982E-05 0.0614342 0.107064 0.307526 0.011263 0.0886299 9.9982E-05 0.330396 0.0417393 0.0517479
0.0866638 9.9964E-05 9.9964E-05 9.9964E-05 9.9964E-05 0.128929 0.1196 0.532716 0.110961 0.0207295
0.0702678 0.157466 0.00447209 0.351317 9.9973E-05 9.9973E-05 0.026591 0.359737 9.9973E-05 0.0298484
9.9955E-05 0.148112 0.177078 0.265142 9.9955E-05 0.0579777 0.35119 9.9955E-05 9.9955E-05 9.9955E-05
0.0377951 9.9973E-05 0.147968 0.0788812 9.9973E-05 0.11429 0.0308685 0.481285 9.9973E-05 0.108612
0.003101 0.0208932 0.0134381 0.148346 0.0302747 0.0835545 0.0124283 0.532924 0.0506951 0.104345
0.00600533 0.0122326 9.9991E-05 0.178057 0.0170267 0.0541852 0.129622 0.359216 0.0704727 0.173083
9.9991E-05 0.00125207 0.114705 0.0925592 0.0391127 0.227625 0.178369 0.230599 0.00458932 0.111089
9.9973E-05 0.0946991 0.178883 0.14484 9.9973E-05 0.0139832 0.0299894 0.530914 0.00639197 9.9973E-05
0.00245955 9.9973E-05 0.0714222 0.0592235 0.0562307 9.9973E-05 0.124191 0.56899 9.9973E-05 0.117183
9.9964E-05 0.00369384 0.38625 0.165371 0.0314343 9.9964E-05 0.330859 9.9964E-05 9.9964E-05 0.0819916
9.9973E-05 9.9973E-05 0.0261929 0.295755 0.077669 0.0770541 0.107376 0.361825 9.9973E-05 0.0538289
0.0301999 0.0253403 9.9991E-05 0.371355 0.0750875 0.0160385 0.0623752 0.372509 0.00234069 0.044654
0.0114238 0.0997044 0.0742862 0.015345 0.0216686 0.121166 0.0415434 0.510695 0.00311965 0.101047
9.9973E-05 9.9973E-05 0.112802 0.20199 0.0219851 0.00449434 0.0658842 0.529021 9.9973E-05 0.0635233
9.9982E-05 0.0381476 0.137384 0.0139875 0.038199 0.0859405 0.118334 0.453834 9.9982E-05 0.113973
0.0343001 0.00250389 0.0433661 9.9982E-05 0.0475969 9.9982E-05 0.0355079 0.435703 0.331418 0.0694035
0.029813 0.00312539 0.0282859 0.113678 0.0161906 0.0611509 0.0292752 0.476628 0.241753 9.9991E-05
9.9946E-05 0.0947334 9.9946E-05 9.9946E-05 9.9946E-05 0.114824 0.0122755 9.9946E-05 0.777567 9.9946E-05
0.0509723 9.9946E-05 0.0128934 9.9946E-05 9.9946E-05 9.9946E-05 0.0161097 9.9946E-05 0.919425 9.9946E-05
0.00981488 0.0634203 9.9982E-05 0.0996932 0.0332696 0.0465546 9.9982E-05 0.480245 0.246381 0.0204216
9.9973E-05 9.9973E-05 0.0347821 0.459637 9.9973E-05 0.00158969 0.0641319 0.257396 0.107286 0.0748769
9.9955E-05 0.0405868 9.9955E-05 0.551373 9.9955E-05 9.9955E-05 9.9955E-05 0.0968179 0.228199 0.0825229
0.0361951 0.0223592 0.0469425 0.475492 0.010941 9.9991E-05 0.16119 0.0497843 0.119827 0.0771684
9.9955E-05 9.9955E-05 9.9955E-05 0.546755 0.0521155 0.0667446 9.9955E-05 0.0918925 0.241993 9.9955E-05
9.9964E-05 9.9964E-05 0.0259806 0.0643389 0.0176996 9.9964E-05 0.157912 9.9964E-05 0.700346 0.033323
9.9937E-05 9.9937E-05 9.9937E-05 0.228476 0.0675624 9.9937E-05 9.9937E-05 9.9937E-05 0.703262 9.9937E-05
9.9955E-05 9.9955E-05 9.9955E-05 0.0561736 0.0341879 9.9955E-05 9.9955E-05 0.40942 0.400994 0.0987245
9.9955E-05 9.9955E-05 0.0533733 0.0238243 9.9955E-05 9.9955E-05 9.9955E-05 0.369396 0.492292 0.0606152
9.9946E-05 9.9946E-05 0.00324861 0.243552 0.0412126 9.9946E-05 9.9946E-05 9.9946E-05 0.711387 9.9946E-05
9.9964E-05 0.0120234 9.9964E-05 0.164191 0.0349661 0.0708578 9.9964E-05 0.402089 0.315473 9.9964E-05
9.9946E-05 9.9946E-05 9.9946E-05 0.105262 9.9946E-05 9.9946E-05 9.9946E-05 0.390566 0.407607 0.0959654
0.00123809 0.0555452 0.14603 9.9982E-05 0.0300024 9.9982E-05 0.0630722 0.336394 0.21868 0.148839
9.9964E-05 0.0163168 9.9964E-05 9.9964E-05 0.00981393 0.0400121 0.020022 0.315649 0.597787 9.9964E-05
9.9955E-05 9.9955E-05 9.9955E-05 9.9955E-05 0.0685274 0.157531 9.9955E-05 0.259314 0.498458 0.0156702
9.9955E-05 0.0306732 0.100566 9.9955E-05 0.0235154 9.9955E-05 9.9955E-05 0.505336 0.339409 9.9955E-05
0.0517229 9.9982E-05 0.0551637 9.9982E-05 0.0452089 0.0536248 0.0163442 0.389557 0.367764 0.0204147
0.096438 9.9982E-05 9.9982E-05 0.173971 0.0280141 0.0481792 0.0493665 0.364766 0.193121 0.0459434
9.9964E-05 9.9964E-05 0.0240589 9.9964E-05 9.9964E-05 0.00652294 0.0722004 0.436461 0.448116 0.0122408
0.0771354 9.9946E-05 9.9946E-05 0.0113118 9.9946E-05 9.9946E-05 9.9946E-05 0.158701 0.752252 9.9946E-05
9.9964E-05 0.0631822 0.00906038 0.0585482 9.9964E-05 9.9964E-05 9.9964E-05 0.445304 0.382914 0.040591
0.000768775 0.06705 0.0556312 0.0492768 0.0695713 0.00733333 9.9991E-05 0.430263 0.231999 0.088007
9.9946E-05 0.0365078 9.9946E-05 9.9946E-05 9.9946E-05 0.0753522 9.9946E-05 0.145883 0.741657 9.9946E-05
9.9955E-05 9.9955E-05 0.00514032 9.9955E-05 0.00427375 9.9955E-05 0.0668712 0.419108 0.504107 9.9955E-05
9.9964E-05 0.0942292 9.9964E-05 9.9964E-05 0.0917574 0.0350639 9.9964E-05 0.439128 0.26613 0.073291
9.9955E-05 0.117226 9.9955E-05 9.9955E-05 0.0349911 9.9955E-05 9.9955E-05 0.455113 0.340604 0.0515659
0.000974683 0.0240681 0.122402 0.242702 9.9991E-05 0.0870145 0.0837183 0.383515 0.00389619 0.0516096
0.0312188 9.9991E-05 0.111761 0.0561882 0.0490762 0.026763 0.0407559 0.352973 0.151339 0.179825
0.104521 9.9982E-05 0.0646935 0.291943 0.0032328 9.9982E-05 0.0886622 0.250148 0.0628678 0.133731
0.0994975 9.9991E-05 0.0500617 0.100452 0.0437863 0.169147 0.0792537 0.18576 0.0483474 0.223595
0.0631546 0.0595945 0.159055 0.147389 0.000446532 9.9982E-05 9.9982E-05 0.42126 0.0452091 0.103691
0.0949485 0.0563425 0.0882739 0.200755 0.0445335 9.9973E-05 9.9973E-05 0.372605 0.142242 9.9973E-05
0.0111753 9.9973E-05 0.153099 0.134246 0.0194847 9.9973E-05 0.0721066 9.9973E-05 0.573328 0.0362608
0.0293718 9.9982E-05 0.0114194 0.127267 0.0533455 9.9982E-05 0.0102494 0.511206 0.101422 0.155518
9.9964E-05 9.9964E-05 0.347241 0.0297119 0.0154931 9.9964E-05 0.172259 9.9964E-05 0.331218 0.103677
9.9955E-05 9.9955E-05 0.0158607 0.139973 9.9955E-05 9.9955E-05 9.9955E-05 0.464573 0.257096 0.121997
9.9946E-05 0.179451 9.9946E-05 9.9946E-05 9.9946E-05 9.9946E-05 0.0432139 0.0520289 0.724706 9.9946E-05
9.9946E-05 0.0331356 9.9946E-05 9.9946E-05 0.0156312 9.9946E-05 0.0292286 9.9946E-05 0.921405 9.9946E-05
