0.132548 0.742342 9.9955E-05 9.9955E-05 0.0233083 9.9955E-05 0.0137671 9.9955E-05 0.0875354 9.9955E-05
0.165981 0.791703 9.9937E-05 0.0416163 9.9937E-05 9.9937E-05 9.9937E-05 9.9937E-05 9.9937E-05 9.9937E-05
0.0753882 0.70855 0.145695 9.9955E-05 0.0293257 9.9955E-05 9.9955E-05 9.9955E-05 0.0405414 9.9955E-05
0.132349 0.669922 0.0816495 0.0261861 0.00760124 9.9982E-05 0.0462329 0.0234459 0.0124133 9.9982E-05
0.166831 0.734272 0.0231809 9.9964E-05 0.00933343 9.9964E-05 0.0545495 9.9964E-05 0.0114334 9.9964E-05
0.848549 9.9955E-05 0.0303392 0.000299325 9.9955E-05 0.0937631 9.9955E-05 9.9955E-05 9.9955E-05 0.0265491
0.999101 9.99201E-05 9.99201E-05 9.99201E-05 9.99201E-05 9.99201E-05 9.99201E-05 9.99201E-05 9.99201E-05 9.99201E-05
0.966702 9.9937E-05 9.9937E-05 9.9937E-05 0.0261793 9.9937E-05 9.9937E-05 0.00641966 9.9937E-05 9.9937E-05
0.119634 0.693449 9.99639E-05 9.99639E-05 0.015489 9.99639E-05 9.99639E-05 0.0570817 0.088413 0.0255342
0.890072 0.0182344 0.0688319 9.9946E-05 9.9946E-05 9.9946E-05 0.0222621 9.9946E-05 9.9946E-05 9.9946E-05
0.896922 0.0486171 0.0183507 9.9955E-05 0.00684423 0.0287661 9.9955E-05 9.9955E-05 9.9955E-05 9.9955E-05
0.0228491 9.9964E-05 0.214733 9.9964E-05 9.9964E-05 0.0120635 0.0596237 0.587459 9.9964E-05 0.102872
0.0346801 9.9964E-05 0.520524 9.9964E-05 0.0451907 9.9964E-05 0.0307148 0.284424 0.0840666 9.9964E-05
0.0394887 9.9964E-05 0.233516 0.0129903 9.9964E-05 9.9964E-05 9.9964E-05 0.503433 0.188585 0.0215867
9.9964E-05 9.9964E-05 0.274679 0.042534 9.9964E-05 0.0359867 0.158441 0.406648 0.0813121 9.9964E-05
0.0849824 9.9982E-05 0.277338 0.0535366 9.9982E-05 0.0545697 0.143056 0.247058 0.0542094 0.0850504
9.9982E-05 0.0137818 0.556586 0.00168027 9.9982E-05 0.116475 0.006519 0.208638 0.082785 0.0133354
9.9973E-05 0.0254001 0.370604 0.0224118 9.9973E-05 0.118429 0.0781038 0.189155 9.9973E-05 0.195597
0.0452772 0.0551721 0.277857 9.9973E-05 9.9973E-05 9.9973E-05 0.0702637 0.455988 0.0510804 0.0440625
0.00705245 0.0274255 9.9955E-05 9.9955E-05 9.9955E-05 0.251629 0.0451359 0.668258 9.9955E-05 9.9955E-05
9.9982E-05 9.9982E-05 0.257635 0.0607643 0.0314837 0.0402376 0.150166 0.299407 0.0141968 0.14591
9.9982E-05 0.0206458 0.342854 0.0235203 9.9982E-05 0.046581 0.0656643 0.194897 0.129428 0.176209
9.9973E-05 0.0502573 0.427272 9.9973E-05 0.00994436 0.197963 0.0783612 0.176985 9.9973E-05 0.0589176
0.00107813 9.9964E-05 0.17843 9.9964E-05 9.9964E-05 0.0758803 0.15024 0.47048 9.9964E-05 0.123492
0.00494359 9.9982E-05 0.648467 0.0267356 0.0380429 0.0541899 0.0494645 0.10443 0.0735266 9.9982E-05
0.0360738 9.9964E-05 0.410202 9.9964E-05 9.9964E-05 0.0843463 0.127406 0.308882 9.9964E-05 0.0326896
9.9982E-05 0.00793156 0.119742 0.0152753 9.9982E-05 0.0552287 0.106751 0.6188 0.00539608 0.0706751
9.9964E-05 9.9964E-05 0.107082 9.9964E-05 9.9964E-05 0.0277401 0.22389 0.520841 0.0838901 0.0361564
9.9982E-05 9.9982E-05 0.161365 0.0683359 0.00257062 0.113768 0.0334852 0.541355 0.0466095 0.0323109
9.9937E-05 0.828712 0.068331 9.9937E-05 9.9937E-05 9.9937E-05 0.102257 9.9937E-05 9.9937E-05 9.9937E-05
9.9946E-05 0.845136 0.119823 9.9946E-05 9.9946E-05 9.9946E-05 0.030734 0.00370684 9.9946E-05 9.9946E-05
9.9946E-05 0.790941 0.102757 9.9946E-05 9.9946E-05 9.9946E-05 0.0720762 0.0336256 9.9946E-05 9.9946E-05
0.0984404 0.621034 0.133942 9.9964E-05 9.9964E-05 9.9964E-05 0.0482175 9.9964E-05 0.0620336 0.0359321
9.9973E-05 0.0164399 0.413677 9.9973E-05 0.0541164 0.238149 0.0479392 0.0334677 9.9973E-05 0.195911
0.0560133 9.9964E-05 0.528921 9.9964E-05 0.034043 9.9964E-05 9.9964E-05 0.0833419 0.0475389 0.249742
0.0306967 0.00921858 0.507974 9.9955E-05 0.0250224 9.9955E-05 9.9955E-05 9.9955E-05 9.9955E-05 0.426588
0.0205287 0.0888644 0.116766 0.0138977 9.9973E-05 0.0894458 9.9973E-05 0.590678 9.9973E-05 0.0795195
9.9955E-05 9.9955E-05 0.221944 9.9955E-05 9.9955E-05 0.0446062 0.0668001 9.9955E-05 0.0371822 0.628968
0.000856908 0.0999247 0.433318 0.0547196 0.00537191 9.9982E-05 0.0157672 0.0899165 9.9982E-05 0.299925
9.9964E-05 0.0387511 0.650147 9.9964E-05 0.0654636 0.0644365 0.051639 9.9964E-05 9.9964E-05 0.129163
0.00250879 0.0409824 0.464921 9.9973E-05 0.0596697 0.408685 0.00631986 0.0166138 9.9973E-05 9.9973E-05
9.9964E-05 0.091828 0.52486 9.9964E-05 0.0242266 0.156743 9.9964E-05 0.0269497 9.9964E-05 0.174992
0.00879184 9.9973E-05 0.105587 9.9973E-05 0.0223041 9.9973E-05 0.00783705 0.160028 0.0726056 0.622547
0.0133068 9.9982E-05 0.481072 9.9982E-05 0.00784956 0.209457 0.097046 0.0237995 0.0496759 0.117593
0.0884404 9.9973E-05 0.553848 0.0207066 9.9973E-05 0.0115292 0.0298775 0.0209319 9.9973E-05 0.274366
9.9955E-05 0.199339 0.65942 9.9955E-05 9.9955E-05 9.9955E-05 0.0470895 9.9955E-05 0.0146303 0.0790217
0.0391326 9.9955E-05 0.30465 0.0562352 9.9955E-05 9.9955E-05 9.9955E-05 9.9955E-05 0.0381588 0.561324
0.0107609 9.9973E-05 0.627101 9.9973E-05 0.0499895 0.0437163 0.0280836 9.9973E-05 0.0260983 0.213951
0.00900277 0.142688 0.441481 0.0952426 0.0695386 0.123423 9.9991E-05 0.00101193 0.0561434 0.0613689
9.9955E-05 9.9955E-05 9.9955E-05 0.0462794 9.9955E-05 0.0016138 9.9955E-05 0.0562721 0.240773 0.654562
9.9973E-05 9.9973E-05 0.178055 0.0179873 0.0759769 0.0979882 9.9973E-05 0.385928 0.051257 0.192508
9.9955E-05 9.9955E-05 9.9955E-05 0.111026 9.9955E-05 0.331343 9.9955E-05 0.222244 0.123255 0.211632
9.9982E-05 0.118779 0.561162 0.00980103 0.0529537 0.024601 9.9982E-05 0.0540058 0.0572642 0.121233
9.9973E-05 0.0385584 0.626269 0.0393648 0.0159228 0.09237 0.100282 0.0869338 9.9973E-05 9.9973E-05
0.0746231 0.0141855 0.603311 9.9973E-05 0.112015 0.0615832 9.9973E-05 0.0811342 0.0528476 9.9973E-05
0.00321305 0.0717701 0.140804 0.0322333 0.127192 0.0881228 9.9982E-05 0.265731 9.9982E-05 0.270734
0.0161358 9.9973E-05 0.569587 9.9973E-05 0.029913 0.0597415 0.0134138 0.268285 0.0426236 9.9973E-05
9.9973E-05 9.9973E-05 0.47118 0.0138047 9.9973E-05 0.0519307 0.133195 0.176804 0.126496 0.0262894
0.0154622 0.131165 0.299569 0.00445616 9.9973E-05 0.146358 9.9973E-05 0.21723 9.9973E-05 0.185459
0.023641 0.10058 9.9991E-05 0.0496348 0.0935723 0.102128 0.0701981 0.330435 0.0916933 0.138017
0.0205419 9.9973E-05 0.574439 0.0868138 0.0675822 9.9973E-05 9.9973E-05 0.104736 0.0981428 0.047445
0.0562428 9.9964E-05 0.42264 0.108094 9.9964E-05 9.9964E-05 0.0439743 0.303017 0.0656324 9.9964E-05
0.0280461 0.0164555 0.0219485 0.068574 0.0237399 0.0215093 9.9991E-05 0.548831 0.0526382 0.218157
9.9964E-05 9.9964E-05 0.537992 0.0777182 0.0276661 9.9964E-05 9.9964E-05 0.293821 0.0521367 0.0102657
9.9973E-05 0.0363564 0.671238 0.11867 0.0509577 9.9973E-05 9.9973E-05 0.0290868 0.0241934 0.0691978
0.00960198 9.9982E-05 0.50479 0.062205 0.0121934 9.9982E-05 0.0965328 0.224508 0.0700651 0.0199037
9.9982E-05 0.0199283 0.238452 0.0356245 9.9982E-05 0.108581 0.0923589 0.293766 0.020988 0.190102
0.0462406 9.9973E-05 0.451703 0.0740186 0.0440192 9.9973E-05 9.9973E-05 0.173607 0.083021 0.127091
9.9973E-05 0.0321017 0.652517 0.0155783 0.0950537 0.0155147 9.9973E-05 0.123556 0.065379 9.9973E-05
9.9973E-05 9.9973E-05 0.184988 0.0423073 0.0229593 0.0186719 9.9973E-05 0.466353 0.0716223 0.192798
9.9946E-05 9.9946E-05 0.516387 9.9946E-05 9.9946E-05 0.0172043 9.9946E-05 0.0689134 9.9946E-05 0.396896
9.9973E-05 0.0336795 0.111259 0.0142689 9.9973E-05 0.00951363 0.0446285 0.111579 9.9973E-05 0.674772
0.00718653 9.9973E-05 0.506066 0.119364 9.9973E-05 9.9973E-05 0.0314414 0.0956358 0.0834994 0.156507
9.9946E-05 9.9946E-05 9.9946E-05 0.0267324 9.9946E-05 0.0607968 9.9946E-05 9.9946E-05 0.053267 0.858604
9.9955E-05 9.9955E-05 9.9955E-05 0.0957957 0.0195299 0.0431042 9.9955E-05 9.9955E-05 0.029467 0.811603
9.9937E-05 9.9937E-05 0.263789 9.9937E-05 0.0208906 9.9937E-05 9.9937E-05 9.9937E-05 9.9937E-05 0.71462
9.9964E-05 0.0376591 0.410984 9.9964E-05 0.0373533 0.0193191 9.9964E-05 0.0894435 9.9964E-05 0.404841
9.9964E-05 0.133818 0.525759 0.0610525 0.0152689 9.9964E-05 9.9964E-05 9.9964E-05 0.0196299 0.244072
9.9946E-05 9.9946E-05 0.467979 9.9946E-05 9.9946E-05 9.9946E-05 9.9946E-05 0.0643205 0.0554233 0.411678
0.030018 9.9964E-05 0.103966 9.9964E-05 0.0887243 9.9964E-05 0.0582151 0.091588 9.9964E-05 0.627089
0.0499916 9.9955E-05 0.171556 9.9955E-05 0.163635 9.9955E-05 9.9955E-05 0.106232 9.9955E-05 0.508086
9.9964E-05 0.0316945 0.380381 9.9964E-05 0.0208443 9.9964E-05 0.136737 0.0864072 9.9964E-05 0.343536
0.0446796 9.9973E-05 0.242906 0.00429434 9.9973E-05 0.0511475 0.0489943 0.0585839 9.9973E-05 0.549095
9.9955E-05 0.0557342 0.415564 9.9955E-05 9.9955E-05 0.0592528 9.9955E-05 0.0400417 9.9955E-05 0.428907
9.9955E-05 0.000858798 0.386437 9.9955E-05 9.9955E-05 0.0420234 9.9955E-05 9.9955E-05 0.00627707 0.563904
9.9955E-05 9.9955E-05 9.9955E-05 0.152842 0.0162528 0.0128029 9.9955E-05 9.9955E-05 0.0936663 0.723937
9.9955E-05 9.9955E-05 0.654064 9.9955E-05 0.0288645 9.9955E-05 9.9955E-05 0.0058285 0.106081 0.204662
0.151797 0.691543 0.119583 9.9964E-05 0.00210948 9.9964E-05 9.9964E-05 0.0296598 9.9964E-05 0.00490738
0.0020622 0.905049 0.0921896 9.9937E-05 9.9937E-05 9.9937E-05 9.9937E-05 9.9937E-05 9.9937E-05 9.9937E-05
9.9946E-05 0.820706 0.0917347 9.9946E-05 9.9946E-05 9.9946E-05 0.0552607 9.9946E-05 0.0316992 9.9946E-05
9.9937E-05 0.862555 0.0426185 9.9937E-05 9.9937E-05 9.9937E-05 9.9937E-05 9.9937E-05 0.0941268 9.9937E-05
9.9955E-05 0.85343 0.0694656 9.9955E-05 9.9955E-05 0.0623657 9.9955E-05 9.9955E-05 0.00926672 0.00497189
0.0341756 0.82462 0.0672987 9.9955E-05 9.9955E-05 9.9955E-05 0.0288161 9.9955E-05 0.0445897 9.9955E-05
0.0434128 0.869903 0.0838153 9.99461E-05 9.99461E-05 9.99461E-05 9.99461E-05 9.99461E-05 9.99461E-05 0.0022691
9.9973E-05 0.0792459 0.482675 9.9973E-05 0.0408739 9.9973E-05 0.0558476 0.0268067 0.0639881 0.250263
9.9964E-05 0.0902458 0.456045 9.9964E-05 9.9964E-05 0.00252447 0.130088 0.126329 9.9964E-05 0.194368
0.0103153 0.0346555 9.9973E-05 0.0692659 9.9973E-05 0.00377153 9.9973E-05 0.0352337 0.0252189 0.821239
9.999E-05 0.0978825 0.516427 0.0475348 0.0447209 0.116804 0.0304056 0.0289016 0.000980373 0.116244
0.035001 0.000611056 0.361989 9.9973E-05 9.9973E-05 0.0204439 0.0215652 0.0913963 9.9973E-05 0.468694
9.9955E-05 0.0884451 0.504067 0.0346514 9.9955E-05 9.9955E-05 0.0713362 9.9955E-05 9.9955E-05 0.301
9.9973E-05 0.0556447 0.483264 0.100808 0.0154974 0.00133825 9.9973E-05 0.0481938 9.9973E-05 0.294954
0.037718 0.00992883 0.462011 9.9964E-05 0.0278587 9.9964E-05 0.0326842 9.9964E-05 9.9964E-05 0.429399
9.9955E-05 0.0410135 9.9955E-05 0.00900631 0.084365 9.9955E-05 9.9955E-05 0.158871 9.9955E-05 0.706244
0.00202849 0.0675444 0.529957 9.9973E-05 9.9973E-05 0.0472149 9.9973E-05 0.0783789 0.0774612 0.197115
9.9964E-05 0.0691981 0.56569 9.9964E-05 9.9964E-05 0.0605803 9.9964E-05 0.0354897 0.0425142 0.226128
9.9982E-05 0.0452023 0.491756 9.9982E-05 0.0715029 0.102627 0.140277 0.0358675 0.0494079 0.0631582
9.9964E-05 9.9964E-05 0.243697 0.028221 9.9964E-05 0.157181 0.0216458 9.9964E-05 0.0823114 0.466544
0.0223584 9.9955E-05 0.512652 0.0518372 0.00691601 9.9955E-05 9.9955E-05 9.9955E-05 9.9955E-05 0.405737
0.00839907 9.9982E-05 0.372327 9.9982E-05 0.033347 0.0125381 0.0653202 0.010964 0.00319259 0.493712
9.9946E-05 9.9946E-05 0.215664 9.9946E-05 0.00505994 9.9946E-05 0.10088 9.9946E-05 9.9946E-05 0.677796
0.081866 0.0193092 0.449876 9.9955E-05 9.9955E-05 9.9955E-05 9.9955E-05 0.106426 9.9955E-05 0.342023
9.9964E-05 0.130657 0.537526 0.0866078 0.00173396 9.9964E-05 9.9964E-05 0.0892147 9.9964E-05 0.153861
0.0513029 9.9973E-05 0.195693 0.173213 0.0868828 9.9973E-05 9.9973E-05 0.284999 0.187195 0.0204145
9.9973E-05 0.100199 0.443794 9.9973E-05 0.164501 0.0435231 0.0192064 0.179522 0.0489541 9.9973E-05
9.9973E-05 0.0922623 0.463691 0.140523 0.0538287 0.178688 0.0250044 9.9973E-05 0.0457019 9.9973E-05
0.0632217 0.121601 0.56885 9.9973E-05 0.0177305 0.07293 9.9973E-05 0.113064 9.9973E-05 0.0423034
0.078665 9.9964E-05 0.455315 0.0175263 9.9964E-05 0.00781928 0.0104493 0.429825 9.9964E-05 9.9964E-05
0.0155244 0.0267769 0.62035 0.0192558 0.0330622 0.0286842 9.9973E-05 0.256046 9.9973E-05 9.9973E-05
9.9964E-05 0.049932 0.47538 0.102009 0.0570492 9.9964E-05 9.9964E-05 0.306599 0.00863139 9.9964E-05
9.9991E-05 0.0328793 0.445989 0.0883646 0.036188 0.0299944 0.0268401 0.238096 0.0616447 0.0399039
9.9964E-05 0.0672114 0.618007 0.0435915 0.0532423 0.0287153 9.9964E-05 0.188833 9.9964E-05 9.9964E-05
9.9964E-05 0.0839538 0.52672 0.0268451 9.9964E-05 9.9964E-05 9.9964E-05 0.19037 0.0559155 0.115795
9.9955E-05 9.9955E-05 0.496907 0.107795 0.0271919 9.9955E-05 9.9955E-05 0.303192 9.9955E-05 0.0644142
9.9991E-05 0.0221056 0.590307 0.0554751 0.0677577 0.0884811 0.0627369 0.0769478 0.0161257 0.0199635
9.9991E-05 0.0922892 0.602221 0.0235423 0.0672218 0.0742065 0.025493 0.0293204 0.0779789 0.00762746
9.9955E-05 9.9955E-05 0.608717 0.0425696 9.9955E-05 9.9955E-05 0.043943 0.247759 9.9955E-05 0.0565116
9.9991E-05 0.0696815 0.50808 0.137445 0.0238108 0.0289194 0.0768696 0.0815534 0.0266179 0.046923
0.00383942 9.9991E-05 0.524768 0.0906687 0.052809 0.00960679 0.0413388 0.15703 0.0722016 0.0476375
9.9973E-05 0.110628 0.40968 0.120216 0.0319332 0.0677041 9.9973E-05 0.202264 0.0572746 9.9973E-05
9.9964E-05 9.9964E-05 0.651638 0.00141655 9.9964E-05 0.0233917 9.9964E-05 0.17317 0.130427 0.0195578
9.9955E-05 9.9955E-05 0.695743 0.0992899 0.0277796 9.9955E-05 9.9955E-05 0.0932343 0.0834532 9.9955E-05
9.9973E-05 9.9973E-05 0.217137 0.0178017 9.9973E-05 0.0248171 0.0952379 0.461443 0.00500532 0.178258
9.9991E-05 0.0102222 0.113218 0.241041 0.0436966 0.0244257 0.0165723 0.312363 0.165397 0.0729645
9.9982E-05 0.0190009 0.571215 0.0183574 0.12711 0.0028878 9.9982E-05 0.0264366 0.11455 0.120242
9.9964E-05 9.9964E-05 0.0869592 0.29022 0.10435 9.9964E-05 9.9964E-05 0.191231 0.113064 0.213775
9.9982E-05 0.0439719 0.305454 0.138127 0.00301895 0.00468298 0.00327787 0.478296 9.9982E-05 0.0229713
0.0204682 9.9973E-05 0.420334 0.105292 0.00132205 0.0176657 9.9973E-05 0.341271 9.9973E-05 0.0933462
9.9973E-05 0.0547872 0.316135 0.0226918 0.0677131 0.0190143 9.9973E-05 0.352859 9.9973E-05 0.1665
9.9973E-05 9.9973E-05 0.257545 0.018791 0.0577516 0.0851272 0.0311021 0.458752 9.9973E-05 0.090632
9.9982E-05 0.0446988 0.513498 0.0115928 9.9982E-05 0.174103 0.0344082 0.152077 0.0244807 0.0449417
0.0199359 0.103151 0.425057 0.0326881 0.0396664 0.0927825 0.102367 0.0402918 0.000124889 0.143936
9.9973E-05 0.0575496 0.596049 0.0326202 9.9973E-05 0.0103231 0.00404432 0.209666 9.9973E-05 0.0894477
9.9973E-05 9.9973E-05 0.146804 0.0323926 0.0275365 0.147121 9.9973E-05 0.319488 0.197504 0.128854
0.0232194 0.0913198 0.420404 0.0583595 0.128682 0.160713 0.0304998 9.9991E-05 0.0117711 0.0749318
9.9982E-05 0.0214139 0.469549 0.0991242 0.0496779 0.0609919 9.9982E-05 0.00428213 0.146844 0.147917
0.0432899 0.0383148 9.9982E-05 0.215328 0.0477994 0.290097 9.9982E-05 0.0644051 0.203815 0.096751
0.0366219 0.100408 0.688606 0.102584 9.9982E-05 0.0247396 0.010271 0.0269691 9.9982E-05 0.00960062
0.00621797 0.0934645 0.331878 0.137525 9.9982E-05 0.16712 9.9982E-05 0.0679931 0.083948 0.111653
9.9991E-05 0.0506804 0.473952 0.0152822 0.0364624 0.044627 0.0390933 0.028442 0.193215 0.118145
9.9982E-05 0.0424601 0.153585 0.079451 0.0801803 0.27369 9.9982E-05 0.0338565 0.21743 0.119146
0.03407 0.0760843 0.0956736 0.222988 9.9982E-05 0.338475 9.9982E-05 0.128359 0.0220534 0.0820961
9.9982E-05 0.0485264 0.335244 0.162859 0.0471958 0.197851 9.9982E-05 0.136864 0.0478348 0.0234251
9.9982E-05 9.9982E-05 0.447741 0.125827 0.0779109 0.113778 0.0310331 0.0654654 0.0663256 0.0717191
0.0230542 0.0730033 0.387928 0.024629 9.9982E-05 0.153919 9.9982E-05 0.219394 0.0826212 0.0352518
0.0434427 9.9973E-05 9.9973E-05 0.11758 9.9973E-05 0.212603 0.12121 0.10722 0.17637 0.221274
0.0180868 0.0390989 0.506165 0.160435 0.0151537 0.152122 0.0124867 0.0328787 9.9991E-05 0.0634729
9.9964E-05 9.9964E-05 0.288416 0.0284826 9.9964E-05 0.376469 9.9964E-05 0.11752 0.00559631 0.183116
9.9973E-05 9.9973E-05 0.405128 0.0586887 0.00679313 0.186864 9.9973E-05 0.0776431 0.10898 0.155603
0.0191302 0.063652 0.542415 0.0291332 0.0528374 0.0297602 0.00107467 0.068453 0.0784283 0.115116
0.113654 0.155466 0.16515 9.9973E-05 9.9973E-05 0.165034 0.225997 0.00183281 0.172567 9.9973E-05
0.222747 0.206563 9.9946E-05 9.9946E-05 9.9946E-05 9.9946E-05 0.0945841 9.9946E-05 0.475507 9.9946E-05
0.167337 0.150454 9.9964E-05 0.0473459 9.9964E-05 0.0690028 0.113172 9.9964E-05 0.452289 9.9964E-05
0.116979 0.201145 0.0661378 9.9973E-05 9.9973E-05 0.0154651 0.244305 0.0479693 0.307699 9.9973E-05
0.0189879 9.9955E-05 0.553487 0.0384498 9.9955E-05 0.336562 9.9955E-05 9.9955E-05 9.9955E-05 0.0520131
0.0119564 9.9973E-05 0.624305 0.09663 9.9973E-05 0.121252 0.00815213 9.9973E-05 0.0919559 0.0454489
9.99371E-05 9.99371E-05 0.241866 9.99371E-05 9.99371E-05 9.99371E-05 0.714822 0.0426126 9.99371E-05 9.99371E-05
9.9955E-05 9.9955E-05 0.301999 9.9955E-05 9.9955E-05 9.9955E-05 0.369559 0.274486 0.00860658 0.0448506
0.0216437 0.121401 0.362685 0.0112959 9.9982E-05 0.00646282 0.330902 0.130337 0.0150723 9.9982E-05
0.0469301 9.9955E-05 0.222284 0.205016 9.9955E-05 0.513211 9.9955E-05 9.9955E-05 9.9955E-05 0.0120586
9.9982E-05 0.000607058 0.429522 0.148686 0.0456569 0.105774 0.121587 9.9982E-05 0.0820745 0.0658924
9.9964E-05 9.9964E-05 0.0721942 0.189297 9.9964E-05 0.550962 9.9964E-05 0.0222096 0.10901 0.0559269
9.9964E-05 9.9964E-05 0.57346 0.0603554 0.0289646 0.213888 9.9964E-05 9.9964E-05 0.0684369 0.0544952
9.9973E-05 0.0210659 0.389175 0.146012 9.9973E-05 0.328895 9.9973E-05 0.104322 0.00538437 0.00484529
9.9982E-05 0.0215748 0.527833 0.0755293 0.0497339 0.21232 9.9982E-05 0.0374841 0.0623026 0.0130227
9.9964E-05 9.9964E-05 0.135941 0.250701 9.9964E-05 0.462909 9.9964E-05 0.013526 0.0544134 0.0821093
9.9973E-05 0.0655162 0.479127 0.0205464 0.0155165 0.15125 0.115013 9.9973E-05 9.9973E-05 0.15273
0.0423687 0.0102111 0.521366 0.0236329 9.9991E-05 0.116433 0.07689 0.0322025 0.0626643 0.114132
9.9946E-05 9.9946E-05 9.9946E-05 0.0163513 9.9946E-05 0.0258441 0.956831 0.000373754 9.9946E-05 9.9946E-05
9.9955E-05 9.9955E-05 0.0665385 0.0320197 0.00549786 9.9955E-05 0.881515 9.9955E-05 9.9955E-05 0.0139295
9.9964E-05 0.0698222 0.236674 9.9964E-05 9.9964E-05 0.0332154 0.576359 0.0522544 9.9964E-05 0.0312748
0.0595465 9.9955E-05 0.317092 9.9955E-05 0.0156658 9.9955E-05 0.600449 9.9955E-05 0.00674699 9.9955E-05
9.9946E-05 9.9946E-05 0.12221 9.9946E-05 0.0174798 0.0519345 0.807776 9.9946E-05 9.9946E-05 9.9946E-05
9.99201E-05 9.99201E-05 9.99201E-05 9.99201E-05 9.99201E-05 9.99201E-05 0.999101 9.99201E-05 9.99201E-05 9.99201E-05
9.99371E-05 0.00145753 9.99371E-05 9.99371E-05 9.99371E-05 9.99371E-05 0.937772 0.0600712 9.99371E-05 9.99371E-05
9.9937E-05 9.9937E-05 0.174024 0.00201504 9.9937E-05 9.9937E-05 0.823262 9.9937E-05 9.9937E-05 9.9937E-05
9.9937E-05 9.9937E-05 0.0167969 9.9937E-05 9.9937E-05 9.9937E-05 0.947906 0.0345971 9.9937E-05 9.9937E-05
9.99201E-05 9.99201E-05 9.99201E-05 9.99201E-05 9.99201E-05 9.99201E-05 0.999101 9.99201E-05 9.99201E-05 9.99201E-05
9.9928E-05 9.9928E-05 9.9928E-05 9.9928E-05 9.9928E-05 9.9928E-05 0.998266 9.9928E-05 0.000934144 9.9928E-05
9.9946E-05 0.0429856 0.153668 9.9946E-05 9.9946E-05 9.9946E-05 0.732619 0.0701276 9.9946E-05 9.9946E-05
0.00962295 0.00781282 0.0637108 9.9973E-05 0.00520376 0.0280588 0.80541 9.9973E-05 0.0798809 9.9973E-05
9.9946E-05 0.0181808 9.9946E-05 9.9946E-05 9.9946E-05 9.9946E-05 0.949241 0.0163127 9.9946E-05 0.0156663
0.0758936 9.9991E-05 0.314625 0.0187267 0.0113484 0.0284931 0.38807 0.0747373 0.0242095 0.0637965
0.0610477 0.0442858 0.203328 9.9964E-05 0.0515078 9.9964E-05 0.628595 9.9964E-05 9.9964E-05 0.0108364
9.9955E-05 9.9955E-05 0.163911 9.9955E-05 9.9955E-05 9.9955E-05 0.720271 0.018985 0.0775833 0.0187504
9.9964E-05 0.0328495 0.0633265 0.00102739 9.9964E-05 9.9964E-05 0.889448 0.000827836 9.9964E-05 0.0121211
9.9946E-05 9.9946E-05 0.0160416 0.0106998 9.9946E-05 9.9946E-05 0.971507 9.9946E-05 0.00115178 9.9946E-05
0.00888349 0.0158726 0.104687 9.9955E-05 9.9955E-05 9.9955E-05 0.836145 9.9955E-05 0.0339128 9.9955E-05
0.0380152 9.9928E-05 9.9928E-05 9.9928E-05 9.9928E-05 9.9928E-05 0.961185 9.9928E-05 9.9928E-05 9.9928E-05
0.00775324 0.0390662 0.067936 0.0394169 0.0185194 0.0445286 0.712638 0.0699419 9.9982E-05 9.9982E-05
0.0140321 9.9946E-05 9.9946E-05 9.9946E-05 9.9946E-05 9.9946E-05 0.88201 0.0144606 9.9946E-05 0.0888973
0.0849102 0.172407 9.9955E-05 0.0400465 9.9955E-05 0.448903 9.9955E-05 9.9955E-05 0.253234 9.9955E-05
0.0336233 0.0421358 0.346426 9.9982E-05 0.0726469 0.151399 0.110232 0.0870091 0.156328 9.9982E-05
0.114185 0.163949 0.332715 0.0417761 0.0209405 0.21056 0.0545974 9.9982E-05 9.9982E-05 0.0610774
0.0852237 0.102395 0.107386 9.9982E-05 0.025249 0.358563 0.063104 9.9982E-05 0.220088 0.0377908
0.0291965 0.134556 0.339804 0.0258446 0.0472815 0.262668 0.110703 0.0004356 0.0494101 9.9991E-05
0.127276 0.104177 0.179682 9.9973E-05 9.9973E-05 0.337511 0.0330092 9.9973E-05 0.215817 0.00222753
0.105702 0.0394129 0.505179 0.0323274 0.0916241 0.0578377 0.00657533 0.0296593 0.10573 0.0259516
0.0814116 9.9964E-05 0.217249 9.9964E-05 0.0203524 0.318835 0.187064 9.9964E-05 0.174688 9.9964E-05
0.122732 0.0702482 0.434402 0.0399751 9.9982E-05 0.202492 0.0555521 0.040147 0.034252 9.9982E-05
0.053442 0.0554783 0.2351 9.9964E-05 9.9964E-05 0.286925 0.203004 9.9964E-05 0.16565 9.9964E-05
0.0461612 0.100749 0.371292 0.0277936 9.9991E-05 0.247703 0.0570749 0.0259086 0.0345 0.088718
0.0488397 0.805284 0.0267705 0.00668372 0.0443589 0.0641614 9.9973E-05 9.9973E-05 0.00360228 9.9973E-05
0.00497827 0.884512 9.9955E-05 9.9955E-05 0.00241533 9.9955E-05 0.0714935 9.9955E-05 0.0361009 9.9955E-05
9.9937E-05 0.923679 9.9937E-05 9.9937E-05 9.9937E-05 9.9937E-05 9.9937E-05 0.0498066 0.0258152 9.9937E-05
9.9946E-05 0.929382 9.9946E-05 9.9946E-05 0.00709195 9.9946E-05 9.9946E-05 0.0129379 0.0499888 9.9946E-05
0.0517279 0.77529 0.037794 9.9955E-05 9.9955E-05 9.9955E-05 9.9955E-05 0.0346344 0.100054 9.9955E-05
9.9946E-05 0.836985 9.9946E-05 0.00735019 9.9946E-05 9.9946E-05 0.0459162 9.9946E-05 0.109149 9.9946E-05
0.172239 0.746401 0.00148303 9.9946E-05 9.9946E-05 9.9946E-05 0.0792772 9.9946E-05 9.9946E-05 9.9946E-05
0.0637196 0.801296 9.9955E-05 0.0418341 9.9955E-05 9.9955E-05 9.9955E-05 9.9955E-05 0.0646915 0.0279591
0.0267531 0.853053 0.0475728 9.9964E-05 9.9964E-05 9.9964E-05 0.0121891 0.00267209 0.0573598 9.9964E-05
9.9946E-05 0.779134 0.0114365 9.9946E-05 9.9946E-05 9.9946E-05 0.0826822 9.9946E-05 0.126147 9.9946E-05
9.9955E-05 0.628321 9.9955E-05 0.0604896 0.114129 9.9955E-05 9.9955E-05 0.189058 9.9955E-05 0.00750205
0.0229225 0.535642 9.9973E-05 0.0227107 0.191454 9.9973E-05 9.9973E-05 0.185142 0.00945892 0.0323697
9.9973E-05 0.499154 9.9973E-05 0.0683906 0.065744 0.0196985 9.9973E-05 0.263527 0.076651 0.00653496
0.06646 0.437998 9.9964E-05 0.0847287 0.0773398 9.9964E-05 9.9964E-05 0.264407 9.9964E-05 0.0686668
9.9964E-05 0.093381 0.39801 0.048584 9.9964E-05 0.000896715 9.9964E-05 0.140815 9.9964E-05 0.317913
9.9973E-05 0.0251433 0.395737 0.0195522 0.0639741 0.00615839 0.0693874 9.9973E-05 9.9973E-05 0.419747
9.9973E-05 0.00663019 0.502773 9.9973E-05 0.0102889 0.101425 0.0768125 0.195715 9.9973E-05 0.106055
9.9955E-05 9.9955E-05 0.327846 0.0607126 9.9955E-05 9.9955E-05 9.9955E-05 0.28932 0.0475742 0.274047
0.00376341 9.9973E-05 0.160758 0.0172269 0.0364919 0.0890905 9.9973E-05 0.603638 9.9973E-05 0.0887314
0.0193086 0.0712658 0.514531 0.00789885 9.9982E-05 0.00396395 0.0800597 0.000850309 9.9982E-05 0.301922
0.000415768 9.9964E-05 0.524905 9.9964E-05 0.0667177 9.9964E-05 9.9964E-05 0.0739064 0.05006 0.283596
0.0445512 9.9982E-05 0.411538 0.00788145 9.9982E-05 0.0741762 0.0112981 0.0660463 0.0450716 0.339238
9.9946E-05 9.9946E-05 0.252282 9.9946E-05 9.9946E-05 0.0536465 0.100996 9.9946E-05 9.9946E-05 0.592475
0.0250179 9.9973E-05 0.501462 0.00413991 9.9973E-05 0.153176 0.0712862 0.0489455 9.9973E-05 0.195673
9.9964E-05 0.00715904 0.393747 0.0489595 0.0393319 9.9964E-05 9.9964E-05 0.127258 9.9964E-05 0.383145
9.99371E-05 9.99371E-05 9.99371E-05 0.260347 9.99371E-05 9.99371E-05 9.99371E-05 0.053785 9.99371E-05 0.685169
0.14223 9.9982E-05 0.504504 0.0489122 0.0726158 0.0524904 9.9982E-05 0.0615787 0.0052209 0.112249
9.9955E-05 9.9955E-05 0.18486 0.0915169 0.0161979 9.9955E-05 9.9955E-05 9.9955E-05 0.110836 0.596089
9.9955E-05 0.0190226 0.50193 0.00239859 9.9955E-05 0.0903721 9.9955E-05 9.9955E-05 9.9955E-05 0.385777
9.9955E-05 0.042721 0.0743644 9.9955E-05 0.0200875 9.9955E-05 9.9955E-05 0.164187 9.9955E-05 0.69814
0.0535797 9.9955E-05 9.9955E-05 9.9955E-05 0.88104 9.9955E-05 9.9955E-05 0.000775763 0.0517634 0.012341
9.9928E-05 9.9928E-05 9.9928E-05 9.9928E-05 0.998642 0.000558308 9.9928E-05 9.9928E-05 9.9928E-05 9.9928E-05
9.99201E-05 9.99201E-05 9.99201E-05 9.99201E-05 0.999101 9.99201E-05 9.99201E-05 9.99201E-05 9.99201E-05 9.99201E-05
9.9946E-05 0.0311328 9.9946E-05 0.00896185 0.947205 9.9946E-05 9.9946E-05 9.9946E-05 9.9946E-05 0.0121007
9.9955E-05 9.9955E-05 0.00724345 9.9955E-05 0.881345 0.0471136 0.0269872 0.0368109 9.9955E-05 9.9955E-05
9.9928E-05 9.9928E-05 9.9928E-05 9.9928E-05 0.93127 9.9928E-05 0.067931 9.9928E-05 9.9928E-05 9.9928E-05
9.9955E-05 0.851144 0.0986594 9.9955E-05 0.00337968 9.9955E-05 0.0191313 9.9955E-05 0.027186 9.9955E-05
0.123653 0.749911 0.0652347 9.9964E-05 9.9964E-05 9.9964E-05 0.0207961 0.0374853 0.00251995 9.9964E-05
9.9937E-05 0.740265 9.9937E-05 9.9937E-05 9.9937E-05 0.095463 0.163573 9.9937E-05 9.9937E-05 9.9937E-05
9.9955E-05 0.737235 0.0251481 9.9955E-05 9.9955E-05 9.9955E-05 0.103639 0.0990638 0.0344144 9.9955E-05
0.124253 0.668068 0.0800012 9.9964E-05 9.9964E-05 9.9964E-05 0.0709185 0.0117139 0.0446452 9.9964E-05
0.108912 0.281599 9.9964E-05 9.9964E-05 0.230193 0.0411967 9.9964E-05 0.299914 9.9964E-05 0.0377857
0.197738 0.328425 9.9964E-05 0.0805056 0.217513 9.9964E-05 9.9964E-05 0.11819 9.9964E-05 0.0572289
0.117172 0.365873 9.9964E-05 0.055523 0.25321 9.9964E-05 9.9964E-05 0.187108 9.9964E-05 0.020715
9.9946E-05 0.840181 0.0691208 9.9946E-05 9.9946E-05 9.9946E-05 0.0568003 0.0332987 9.9946E-05 9.9946E-05
0.0677398 0.31169 9.9964E-05 9.9964E-05 0.329966 9.9964E-05 9.9964E-05 0.144811 0.0231891 0.122204
9.9964E-05 0.132272 0.22849 0.0159451 9.9964E-05 0.0813092 0.347039 9.9964E-05 0.194545 9.9964E-05
0.0536464 0.132884 0.550593 9.9964E-05 9.9964E-05 9.9964E-05 0.141252 0.0410181 0.0802065 9.9964E-05
9.9946E-05 0.205652 0.538517 9.9946E-05 9.9946E-05 9.9946E-05 0.240575 9.9946E-05 0.0146564 9.9946E-05
0.0775366 0.147489 0.26816 9.9973E-05 0.116971 9.9973E-05 0.204881 9.9973E-05 0.149842 0.03482
0.175839 0.104583 0.469226 0.0273297 0.0116034 0.0497246 0.128107 9.9982E-05 9.9982E-05 0.0333866
0.128431 0.250853 9.9955E-05 9.9955E-05 0.020832 9.9955E-05 0.255149 9.9955E-05 0.344236 9.9955E-05
0.00697336 9.9973E-05 0.439097 0.064134 0.0712068 0.0781596 9.9973E-05 0.270008 9.9973E-05 0.0701208
9.9982E-05 0.0127978 0.391726 0.25547 0.0104879 0.0338136 9.9982E-05 0.230136 0.00869006 0.0566789
0.0466568 0.0789672 0.304492 0.0206418 9.9955E-05 9.9955E-05 9.9955E-05 0.548742 9.9955E-05 9.9955E-05
9.9973E-05 9.9973E-05 0.495448 0.280314 0.0171305 0.0408504 9.9973E-05 0.0732651 0.0605391 0.0321522
9.9955E-05 9.9955E-05 9.9955E-05 0.426092 0.0154952 9.9955E-05 9.9955E-05 0.141175 0.226375 0.190362
9.9973E-05 0.0397126 0.521987 0.0648896 9.9973E-05 0.0426847 9.9973E-05 0.159111 0.109688 0.0616266
9.9973E-05 0.078618 0.461264 0.14286 0.0434137 9.9973E-05 0.0130738 0.159747 9.9973E-05 0.100723
0.020904 0.0268892 0.360223 0.0143856 9.9973E-05 9.9973E-05 9.9973E-05 0.448919 0.0112278 0.117152
9.9982E-05 0.0916106 0.463986 9.9982E-05 0.0235194 0.0876425 0.0401031 0.258198 0.00951238 0.0252282
9.9964E-05 9.9964E-05 0.0936976 0.160084 9.9964E-05 0.115012 9.9964E-05 0.30843 0.173239 0.149137
9.9973E-05 9.9973E-05 0.421339 0.133828 0.00319343 0.205937 9.9973E-05 0.132229 0.0441612 0.0590125
0.0195009 9.9982E-05 0.518402 9.9982E-05 0.0373692 0.0303708 0.00700072 0.24775 0.0563593 0.0830476
0.186108 0.0135412 0.434774 9.9991E-05 0.0155885 0.0220411 0.101575 0.0168563 0.0817787 0.127638
9.9955E-05 9.9955E-05 0.428835 0.213456 0.0779552 9.9955E-05 9.9955E-05 0.2641 0.015154 9.9955E-05
9.9973E-05 0.00085006 0.45035 0.115119 0.0796303 9.9973E-05 9.9973E-05 0.200144 0.0844693 0.0691374
0.0529389 9.9991E-05 0.443584 0.0968958 0.0138039 0.150192 0.0220164 0.124286 0.0103325 0.0858498
0.0206988 9.9982E-05 0.519422 0.0643566 0.0448971 0.0472628 9.9982E-05 0.140958 0.0413431 0.120862
9.9991E-05 0.0654451 0.627968 0.134317 0.0553714 0.0021892 0.0265105 0.044455 0.0280975 0.0155465
0.00622892 0.186368 0.575114 0.100465 9.9964E-05 9.9964E-05 0.00436054 0.127063 9.9964E-05 9.9964E-05
0.0153687 0.0510487 0.608397 0.0561646 0.00779491 9.9982E-05 9.9982E-05 0.150548 0.105394 0.00508393
9.9955E-05 0.765233 0.0491846 9.9955E-05 9.9955E-05 0.0370164 0.139574 9.9955E-05 0.00849259 9.9955E-05
0.0312258 0.796197 0.0548329 0.0511849 9.9964E-05 0.0136628 0.0524966 9.9964E-05 9.9964E-05 9.9964E-05
0.0191903 0.675167 9.9982E-05 0.0102119 9.9982E-05 0.126594 0.0259176 0.0695625 0.064419 0.00873815
9.9964E-05 0.822879 0.00854782 0.0382546 0.0359913 9.9964E-05 0.0480035 9.9964E-05 9.9964E-05 0.0459237
9.9946E-05 0.815984 0.137305 9.9946E-05 9.9946E-05 0.0412821 0.00482896 9.9946E-05 9.9946E-05 9.9946E-05
9.9946E-05 9.9946E-05 0.213314 9.9946E-05 9.9946E-05 9.9946E-05 0.0114154 0.672357 0.102314 9.9946E-05
9.9982E-05 0.0693745 0.423436 0.136051 9.9982E-05 0.046965 0.0859932 0.158353 0.0103957 0.0692319
0.079731 0.137716 0.443686 9.9973E-05 9.9973E-05 0.119802 0.0851664 9.9973E-05 0.111024 0.0225747
9.9937E-05 9.9937E-05 0.663586 9.9937E-05 9.9937E-05 9.9937E-05 9.9937E-05 0.251639 0.0840759 9.9937E-05
9.9955E-05 0.114924 0.519716 0.0420096 0.0748571 9.9955E-05 9.9955E-05 0.247994 9.9955E-05 9.9955E-05
9.9955E-05 9.9955E-05 0.324793 0.163226 9.9955E-05 9.9955E-05 0.00240636 0.334067 0.175008 9.9955E-05
9.9955E-05 0.107079 9.9955E-05 9.9955E-05 0.0446159 9.9955E-05 9.9955E-05 0.609508 0.150672 0.0876259
9.9982E-05 0.0395787 0.508098 0.0160481 0.0791421 0.0550364 9.9982E-05 0.181704 0.074523 0.0456695
0.0376025 0.0443565 0.140508 0.12515 0.034456 0.0113505 0.0598388 0.523075 9.9991E-05 0.0235628
0.0440958 9.9982E-05 0.434108 0.143119 0.0776297 0.0603704 9.9982E-05 0.0554715 0.0598749 0.125131
9.9973E-05 0.128586 0.128027 0.0366595 0.0420304 9.9973E-05 9.9973E-05 0.483292 0.104839 0.0762665
0.045055 0.074477 0.528921 0.00805854 9.9991E-05 0.070477 0.0548604 0.115596 0.0480587 0.0543966
0.0708306 0.0289773 0.163465 0.101517 9.9973E-05 0.0653849 9.9973E-05 0.533483 9.9973E-05 0.036042
9.9964E-05 9.9964E-05 0.374661 0.13016 9.9964E-05 0.0115384 0.0564362 0.34974 0.0770648 9.9964E-05
9.9991E-05 0.0695779 0.380373 0.146682 0.0526497 0.190237 0.0107364 0.00550607 0.106861 0.0372767
9.9964E-05 0.0137281 0.108168 0.170121 9.9964E-05 0.640289 0.0213976 0.0458969 9.9964E-05 9.9964E-05
0.0406171 0.0350548 0.44004 0.0521575 0.0323785 0.309747 9.9982E-05 0.0235206 9.9982E-05 0.066285
9.9982E-05 0.056755 0.433056 0.0515223 0.0381557 0.186202 0.086425 9.9982E-05 0.110171 0.0375135
9.9973E-05 9.9973E-05 0.182459 0.165451 0.0060751 0.503316 9.9973E-05 0.0869418 0.0531867 0.00227043
0.0576673 9.9982E-05 0.451317 0.121525 9.9982E-05 0.167825 0.0675463 0.0528834 0.0302782 0.050758
9.9973E-05 0.0208034 0.437295 0.0879483 0.119441 0.188581 9.9973E-05 9.9973E-05 0.0596387 0.0859929
0.0042723 9.9955E-05 9.9955E-05 0.201201 9.9955E-05 0.642784 9.9955E-05 0.0696829 9.9955E-05 0.0815598
9.9964E-05 9.9964E-05 0.143369 0.104104 0.0492465 0.565148 9.9964E-05 9.9964E-05 0.0788785 0.0588547
9.9955E-05 0.033107 0.402372 0.0319224 0.124995 0.407104 9.9955E-05 9.9955E-05 9.9955E-05 9.9955E-05
0.00340611 9.9982E-05 0.0155658 0.146791 0.0226509 0.564477 9.9982E-05 0.101561 0.00525272 0.140095
9.9955E-05 9.9955E-05 0.381184 9.9955E-05 9.9955E-05 0.349396 9.9955E-05 0.129614 0.0391634 0.100143
9.9973E-05 9.9973E-05 0.168236 0.0353342 0.0555937 9.9973E-05 0.0121854 0.60919 0.0647733 0.0543877
9.9964E-05 9.9964E-05 0.253495 0.326531 0.0728226 9.9964E-05 9.9964E-05 0.291989 0.0534505 0.00131145
9.9964E-05 0.0257411 0.406128 9.9964E-05 0.0828434 9.9964E-05 0.0348002 0.405448 9.9964E-05 0.0446396
0.0128418 0.0159222 0.676744 9.9973E-05 0.0255844 0.0704202 9.9973E-05 0.15624 0.041947 9.9973E-05
0.00674507 9.9964E-05 0.229773 9.9964E-05 0.0131852 0.0611911 9.9964E-05 0.516486 9.9964E-05 0.172221
0.0211699 0.0326083 0.507447 0.0754719 0.126627 9.9991E-05 0.00869953 0.115098 0.0758436 0.0369348
0.0292842 0.0268087 0.604577 0.0432511 9.9964E-05 9.9964E-05 9.9964E-05 0.19674 0.0989391 9.9964E-05
0.00500512 9.9973E-05 0.534813 0.02104 0.0440235 9.9973E-05 0.0287044 0.2872 0.0789137 9.9973E-05
0.0804928 9.9982E-05 0.420281 0.0592402 0.0373869 9.9982E-05 0.099318 0.244501 0.0185574 0.040023
0.00393192 0.039921 0.482176 9.9964E-05 0.0885754 9.9964E-05 9.9964E-05 0.247619 9.9964E-05 0.137376
9.9955E-05 9.9955E-05 0.184104 9.9955E-05 0.0121551 9.9955E-05 0.110919 0.52535 9.9955E-05 0.166971
0.0111005 9.9973E-05 0.299158 0.00409931 0.0492801 9.9973E-05 0.101199 0.449885 9.9973E-05 0.0849777
0.0595762 9.99512E-05 0.571852 0.114434 9.99512E-05 9.99512E-05 9.99512E-05 0.253538 9.99512E-05 9.99512E-05
9.9964E-05 9.9964E-05 0.604134 0.00188687 0.0194032 9.9964E-05 9.9964E-05 0.0928616 0.153569 0.127745
9.9973E-05 0.0194208 0.414905 0.0769432 0.0665078 9.9973E-05 9.9973E-05 0.224231 0.104458 0.0932345
0.00884509 9.9973E-05 0.525745 0.0995138 0.0403043 9.9973E-05 0.0475233 0.256099 0.0216689 9.9973E-05
9.9964E-05 0.0459115 0.344042 9.9964E-05 0.0113181 0.11452 9.9964E-05 0.384051 0.0997577 9.9964E-05
9.9964E-05 0.0618428 0.580504 0.0471028 0.00417297 0.0805905 9.9964E-05 0.225387 9.9964E-05 9.9964E-05
9.9973E-05 0.0302846 0.524791 0.0474512 9.9973E-05 0.0984005 0.0725995 0.211001 0.015172 9.9973E-05
9.9982E-05 0.0430123 0.453703 0.110943 9.9982E-05 0.0604699 0.0938782 0.158414 0.0711716 0.00820882
0.0830881 0.199054 0.357651 9.9991E-05 0.00296306 0.0259061 0.151463 0.0582134 0.110401 0.0111612
9.9973E-05 0.0588635 0.391935 0.0336014 9.9973E-05 9.9973E-05 0.234207 0.0420371 0.139932 0.0991236
0.10572 0.00920691 0.593818 0.0150079 0.032643 9.9982E-05 0.00851481 9.9982E-05 0.199729 0.0351603
0.0855159 9.9964E-05 0.644674 0.0763868 0.0377195 9.9964E-05 0.0472759 9.9964E-05 0.108028 9.9964E-05
9.9964E-05 0.126883 0.443964 0.140486 9.9964E-05 9.9964E-05 0.164536 9.9964E-05 0.0919772 0.0317538
9.9955E-05 9.9955E-05 0.452963 0.166391 9.9955E-05 9.9955E-05 9.9955E-05 0.231352 0.0921932 0.0566014
0.0787382 0.137599 0.496713 9.9964E-05 9.9964E-05 9.9964E-05 0.0852713 9.9964E-05 0.0818578 0.119421
9.9982E-05 0.108453 0.0144366 0.15247 9.9982E-05 0.10191 0.071773 0.098776 0.359275 0.092707
0.0854364 0.0162238 0.508991 0.0243981 0.0356488 0.0163696 0.109513 0.029944 0.13169 0.0417845
9.9973E-05 0.0648859 0.511153 0.110146 0.0515667 9.9973E-05 0.145091 0.0395502 0.0773075 9.9973E-05
9.9982E-05 0.0586922 0.502298 0.0181636 0.0843102 9.9982E-05 0.167259 0.0117018 0.0930018 0.0643729
0.158937 0.0260604 0.32128 0.0275463 9.9982E-05 9.9982E-05 0.0249294 0.0924054 0.260212 0.0884295
0.0265537 0.155086 0.500951 9.9973E-05 9.9973E-05 9.9973E-05 0.122563 0.0768719 0.101548 0.0161269
0.0229251 0.0923099 0.474035 0.139535 9.9973E-05 9.9973E-05 0.194934 0.0194589 0.0565019 9.9973E-05
0.0529158 0.290826 9.9964E-05 0.0638513 9.9964E-05 9.9964E-05 0.103671 9.9964E-05 0.458864 0.0294716
0.027771 0.148505 0.614534 0.0337855 0.0331364 9.9982E-05 0.090794 0.0454643 0.00580964 9.9982E-05
9.9973E-05 0.187936 0.498846 0.0303674 9.9973E-05 0.0707269 0.138211 9.9973E-05 0.0250356 0.0485768
0.0983096 0.0441207 0.61746 0.0859591 9.9964E-05 9.9964E-05 0.0575328 9.9964E-05 0.0962177 9.9964E-05
0.0121554 0.12857 0.625585 9.9955E-05 9.9955E-05 9.9955E-05 0.108148 9.9955E-05 0.125042 9.9955E-05
0.114046 0.136097 0.464864 0.094792 9.9982E-05 0.0968111 0.0448513 0.0124384 9.9982E-05 0.0359001
0.0231457 0.00463969 0.422602 0.417004 0.0163152 9.9982E-05 0.054744 0.0453973 9.9982E-05 0.0159514
0.0205261 0.0892008 0.492151 0.159231 0.0264544 0.0565313 0.0825059 0.0731994 9.9982E-05 9.9982E-05
9.9946E-05 9.9946E-05 9.9946E-05 0.750389 9.9946E-05 0.056559 9.9946E-05 0.125401 9.9946E-05 0.0670514
9.99549E-05 0.0106631 9.99549E-05 0.889624 0.0235905 0.00336442 9.99549E-05 0.0722582 9.99549E-05 9.99549E-05
0.0127636 0.0560298 0.512013 0.273155 0.00739105 9.9973E-05 0.0263757 0.111972 9.9973E-05 9.9973E-05
0.0328164 9.9955E-05 0.428358 0.123 9.9955E-05 9.9955E-05 0.263316 9.9955E-05 0.152011 9.9955E-05
0.0439537 0.0257486 0.29443 0.186806 9.9973E-05 0.00398455 0.285914 9.9973E-05 0.158864 9.9973E-05
0.12027 0.00301666 0.0922032 0.231762 0.0107161 9.9982E-05 0.312076 0.0113226 0.218433 9.9982E-05
0.0158226 0.155413 0.393973 0.152553 9.9964E-05 9.9964E-05 0.154135 9.9964E-05 0.127704 9.9964E-05
0.0532035 9.9964E-05 0.102513 0.673671 0.00352873 9.9964E-05 0.0245214 9.9964E-05 0.142163 9.9964E-05
9.9955E-05 0.0895818 0.117184 0.62415 9.9955E-05 9.9955E-05 0.0612453 9.9955E-05 0.10734 9.9955E-05
0.0328492 9.9964E-05 0.511711 0.348419 0.0295664 9.9964E-05 0.0595793 9.9964E-05 9.9964E-05 0.0174762
0.0682899 9.9946E-05 0.382279 0.425626 9.9946E-05 9.9946E-05 0.123206 9.9946E-05 9.9946E-05 9.9946E-05
9.9946E-05 0.0823421 0.153751 0.656267 9.9946E-05 9.9946E-05 0.10704 9.9946E-05 9.9946E-05 9.9946E-05
0.0198286 0.0647343 0.505751 0.254798 9.9973E-05 9.9973E-05 0.0937203 0.0485959 0.0122718 9.9973E-05
0.0337289 9.9955E-05 0.547754 0.279342 0.0795285 9.9955E-05 0.0591468 9.9955E-05 9.9955E-05 9.9955E-05
0.00279233 0.0603661 0.376898 0.224921 0.0201886 0.044037 0.137553 0.114606 9.9991E-05 0.0185382
0.0749477 9.9973E-05 0.313053 0.546134 0.0186323 9.9973E-05 9.9973E-05 0.0190287 0.00567134 0.0222325
0.0874404 9.9964E-05 0.411664 0.42469 9.9964E-05 0.0357894 9.9964E-05 0.0173037 9.9964E-05 0.0227126
0.0418167 0.021687 0.583933 0.25334 0.0334501 0.0645529 9.9973E-05 9.9973E-05 0.000919629 9.9973E-05
9.9973E-05 0.00163501 0.38203 0.372931 0.0332462 0.0410803 0.0189409 0.149836 9.9973E-05 9.9973E-05
9.9982E-05 0.0331202 0.418524 0.176305 0.0262073 0.0366982 0.154729 0.140294 9.9982E-05 0.0139226
9.9955E-05 9.9955E-05 0.425618 0.42784 0.00141584 0.0706163 9.9955E-05 9.9955E-05 0.0740105 9.9955E-05
9.9946E-05 9.9946E-05 0.18197 0.666401 0.0805513 0.0704777 9.9946E-05 9.9946E-05 9.9946E-05 9.9946E-05
0.0391228 9.9955E-05 0.53979 0.385119 9.9955E-05 0.0271312 9.9955E-05 9.9955E-05 0.00833768 9.9955E-05
9.9973E-05 0.0933695 0.404614 0.242705 9.9973E-05 0.0195474 0.0868472 9.9973E-05 0.0778559 0.0747617
9.9964E-05 9.9964E-05 0.200836 0.707462 0.0343675 0.0121211 9.9964E-05 0.00197098 9.9964E-05 0.0428433
9.9955E-05 9.9955E-05 0.357911 0.514993 0.0404109 0.0445028 0.0416825 9.9955E-05 9.9955E-05 9.9955E-05
9.9973E-05 0.0150189 0.594835 0.235707 0.0712799 0.0682343 0.0120306 9.9973E-05 9.9973E-05 0.0025944
0.0400259 9.9964E-05 0.43823 0.313242 9.9964E-05 0.0845376 9.9964E-05 0.0827523 9.9964E-05 0.0408123
0.0729135 0.0734503 0.356101 0.0922688 0.0288322 0.0706677 0.171032 9.9982E-05 0.134535 9.9982E-05
0.00604503 0.117667 0.41178 0.158775 0.0411748 0.0115683 0.141521 0.035555 0.0673336 0.0085801
0.0551864 0.070844 0.237237 0.0883364 0.041264 0.127116 0.249229 0.00281153 0.127875 9.9991E-05
0.0618521 0.0833401 0.302443 0.118185 0.011104 0.118726 0.179409 0.124741 9.9982E-05 9.9982E-05
0.201683 9.9973E-05 0.480014 9.9973E-05 0.0219063 0.06874 0.0796188 0.0713547 0.0763829 9.9973E-05
9.9982E-05 0.124156 0.429699 0.0890531 0.039419 0.0989388 0.131257 0.0503873 9.9982E-05 0.0368896
0.144265 0.0530612 9.9964E-05 0.550531 0.0509141 9.9964E-05 0.117656 9.9964E-05 0.083173 9.9964E-05
0.0043417 0.0358819 0.546614 0.0558382 0.0646931 0.0575114 0.216096 9.9982E-05 0.0188234 9.9982E-05
0.218563 0.140868 9.9955E-05 0.359061 9.9955E-05 9.9955E-05 0.0697268 9.9955E-05 0.211281 9.9955E-05
0.0164224 0.00652695 0.478015 0.266434 9.9964E-05 9.9964E-05 0.181064 9.9964E-05 0.0511373 9.9964E-05
0.008013 9.9964E-05 0.0793744 0.783594 0.00547868 0.0141533 9.9964E-05 9.9964E-05 9.9964E-05 0.108987
