0.00609175 0.0431284 0.0484496 9.9982E-05 0.90213 9.9982E-05
0.0697874 9.9964E-05 9.9964E-05 9.9964E-05 0.929813 9.9964E-05
9.9982E-05 0.0468848 0.0509761 0.0992166 0.802723 9.9982E-05
9.9982E-05 0.0934081 0.0623951 0.0520286 0.791968 9.9982E-05
9.9973E-05 9.9973E-05 0.0412201 0.0754957 0.882984 9.9973E-05
0.12099 0.0433948 0.0540495 0.0242413 0.576607 0.180718
0.0614196 0.0113895 0.00647994 9.9991E-05 0.831501 0.08911
9.9982E-05 0.116471 0.0387128 9.9982E-05 0.695544 0.149072
0.0467266 0.0651299 9.9982E-05 9.9982E-05 0.842832 0.0451113
9.999E-05 0.0133523 0.0600748 0.103505 0.675094 0.147874
0.00211971 0.0950184 9.9991E-05 0.0235016 0.754865 0.124395
0.224525 0.503547 0.0558945 0.215834 9.9982E-05 9.9982E-05
9.9982E-05 0.336614 0.0967289 0.54288 9.9982E-05 0.0235772
0.0510211 0.473058 0.0542568 0.30534 0.053018 0.0633063
9.9991E-05 0.41946 0.200995 0.285471 0.0233531 0.0706202
0.0642003 0.244635 0.170826 0.335049 0.1123 0.0729892
0.0695603 0.181655 0.0865782 0.591511 0.0540394 0.0166556
0.129606 0.217863 0.153749 0.403767 9.9991E-05 0.094915
0.127333 0.327008 0.0131722 0.360564 0.171822 9.9991E-05
0.0713272 0.629962 0.0721857 0.0248014 9.9991E-05 0.201624
0.16486 0.357911 0.120461 0.326818 9.9991E-05 0.0298495
0.0348712 0.215258 0.0615197 0.482646 9.9991E-05 0.205605
0.0842756 0.189981 0.0229029 0.639098 0.0221259 0.0416165
0.157217 0.386317 0.113771 0.28026 9.9991E-05 0.0623351
0.0809032 0.0884227 0.0771631 0.616681 0.0597225 0.0771077
0.0582693 0.282072 0.0866455 0.507108 0.0540297 0.0118752
0.18241 0.456315 0.119738 0.157931 0.0267709 0.0568353
0.190681 0.455184 0.20421 0.101719 9.9991E-05 0.0481054
0.0881987 0.48601 9.9982E-05 0.301667 9.9982E-05 0.123924
9.9973E-05 9.9973E-05 0.0988747 0.0683617 0.832464 9.9973E-05
9.9973E-05 9.9973E-05 0.0144507 0.143124 0.842125 9.9973E-05
0.00247178 9.9973E-05 9.9973E-05 0.152699 0.844529 9.9973E-05
0.138658 9.9982E-05 0.140834 0.0163097 0.703998 9.9982E-05
0.295221 0.0533225 0.0992876 0.478951 0.0173177 0.0559006
0.389913 0.0403599 0.000262622 0.499639 0.069726 9.9991E-05
0.414199 9.9982E-05 0.00445024 0.577416 0.00373471 9.9982E-05
0.153248 0.594246 0.0115531 0.148282 0.0869621 0.00570816
0.563911 9.9991E-05 0.00504355 0.358984 0.00712101 0.0648412
0.300975 0.134476 0.0827923 0.431144 0.0377122 0.0129011
0.247747 9.9982E-05 0.12759 0.590561 0.0339019 9.9982E-05
0.0496722 0.0250633 9.9991E-05 0.638328 0.105897 0.18094
0.138407 0.0330341 0.00836011 0.649952 0.149123 0.0211235
0.775821 0.0961361 9.9982E-05 0.0921002 0.0357425 9.9982E-05
0.0852781 0.0364143 0.0637657 0.596513 0.0282964 0.189733
0.203807 0.0163445 0.0374434 0.548632 0.103135 0.0906386
9.9991E-05 0.0638442 0.106181 0.600806 0.15651 0.0725588
0.725122 9.9973E-05 0.00397528 0.270602 9.9973E-05 9.9973E-05
0.278469 0.016645 0.0624665 0.55024 0.0920801 9.9991E-05
0.283859 0.0346389 0.0358296 0.493202 0.134836 0.0176344
0.617008 9.9973E-05 9.9973E-05 9.9973E-05 0.0728331 0.309859
0.223821 0.470648 9.9982E-05 0.192239 9.9982E-05 0.113092
0.190177 0.18884 0.0608419 0.0735909 9.9991E-05 0.48645
0.0626117 0.165576 0.100053 0.570722 0.0613053 0.039732
9.9982E-05 9.9982E-05 0.00510104 0.722759 0.153236 0.118704
0.0517898 0.167871 0.134674 0.49217 0.0717287 0.081767
0.227921 0.322054 9.9991E-05 0.210297 0.0848731 0.154755
0.0482806 0.201444 9.9982E-05 0.672065 9.9982E-05 0.0780108
0.0595359 0.114597 0.0654544 0.636705 0.0472617 0.0764452
0.248162 0.250412 0.0237949 0.32614 0.0801559 0.0713352
0.0886936 0.363228 0.0906233 0.0843511 0.175553 0.19755
0.0599205 0.134787 0.0622659 0.550788 0.0936818 0.0985569
0.021153 0.334706 0.0627049 0.377432 0.0272534 0.176751
0.235845 0.475754 9.9991E-05 0.0586775 0.0451747 0.184449
0.00462285 0.27251 0.0107024 0.586251 9.9991E-05 0.125813
0.10732 0.00189973 0.0233541 0.667469 0.0882194 0.111738
0.113201 0.0927604 0.0260201 0.570889 0.0967335 0.100396
0.227705 0.255833 0.0672037 0.271201 0.0457175 0.132339
0.13588 0.184923 0.0502713 0.515078 9.9991E-05 0.113748
0.0415449 0.276572 0.0781057 0.501151 0.0110449 0.0915814
0.180658 0.403226 9.9982E-05 0.235885 9.9982E-05 0.180031
0.400601 0.0605606 9.9973E-05 0.538538 9.9973E-05 9.9973E-05
0.704625 0.0887561 0.0231593 0.152216 0.0311445 9.9991E-05
0.0879781 0.131178 0.0795149 0.541451 0.0359761 0.123902
0.816913 9.9964E-05 9.9964E-05 9.9964E-05 9.9964E-05 0.182687
0.837413 0.00136313 9.9973E-05 9.9973E-05 9.9973E-05 0.160924
0.744334 9.9973E-05 0.0035092 0.251857 9.9973E-05 9.9973E-05
0.444622 0.0579457 0.00120101 0.465105 9.9991E-05 0.0310261
0.13639 0.0210626 9.9991E-05 0.559887 0.201933 0.0806275
0.420414 0.0842645 0.0279256 0.438207 0.0290894 9.9991E-05
0.676678 0.137167 0.0771057 0.0758584 0.0330916 9.9991E-05
0.552675 0.192067 0.0295292 0.184647 0.0409806 9.9991E-05
0.38335 0.0867157 0.214437 0.276512 0.0248581 0.0141274
0.623555 9.9982E-05 0.0448477 0.281305 0.0500914 9.9982E-05
0.41755 0.0958552 9.9982E-05 0.41894 0.0674551 9.9982E-05
0.554949 9.9982E-05 9.9982E-05 0.34919 0.0102985 0.0853626
0.678792 0.0120978 9.9982E-05 9.9982E-05 0.0127418 0.296168
0.237593 0.0304126 0.0932865 0.581561 0.0330243 0.0241228
9.9982E-05 0.0387018 0.0153193 0.086505 0.859274 9.9982E-05
9.9964E-05 9.9964E-05 9.9964E-05 0.0600753 0.939525 9.9964E-05
9.9973E-05 9.9973E-05 0.0585516 0.0663328 0.874816 9.9973E-05
9.9982E-05 9.9982E-05 0.0339907 0.0292401 0.915214 0.0213553
0.00362403 9.9973E-05 9.9973E-05 0.096905 0.899171 9.9973E-05
0.0598818 9.9982E-05 0.0243449 0.0354425 0.880131 9.9982E-05
9.9973E-05 9.9973E-05 0.00315295 0.0665155 0.930032 9.9973E-05
0.376554 0.0106906 0.0805679 0.400611 0.131477 9.9991E-05
0.177198 0.0754295 0.105477 0.563757 0.0298613 0.0482776
0.884844 0.0632542 9.9973E-05 9.9973E-05 0.0516015 9.9973E-05
0.196033 0.0150573 0.0232545 0.561735 0.110298 0.093622
0.399887 0.0986596 0.0146037 0.447918 0.0388311 9.9991E-05
0.300228 9.9973E-05 9.9973E-05 0.664759 0.0347126 9.9973E-05
0.296122 9.9991E-05 0.100589 0.495139 0.0368707 0.0711796
0.516109 9.9973E-05 0.101506 0.382086 9.9973E-05 9.9973E-05
0.758365 0.180446 9.9973E-05 9.9973E-05 0.0608888 9.9973E-05
0.123942 0.0922949 9.9991E-05 0.566951 0.197351 0.0193612
0.0775678 0.0636242 0.0228723 0.718596 0.0979494 0.01939
0.274099 0.0610251 0.189263 0.422899 0.0497911 0.00292235
0.552738 9.9991E-05 0.0350975 0.267636 0.00820544 0.136223
0.385981 9.9982E-05 9.9982E-05 0.544366 0.0267054 0.0427486
0.418234 0.0920407 9.9982E-05 0.421363 0.0681624 9.9982E-05
0.632867 9.9973E-05 0.0899658 0.276867 9.9973E-05 9.9973E-05
0.390104 0.0604306 9.9982E-05 0.406998 0.142267 9.9982E-05
0.000174891 0.164264 9.9991E-05 0.595133 0.160773 0.0795547
0.110344 0.371184 0.0641997 0.196544 0.00804021 0.249688
9.9991E-05 0.304589 0.059508 0.385952 0.151695 0.098155
0.113315 0.132915 0.0406073 0.505021 0.103152 0.10499
0.0684215 9.9991E-05 0.0442607 0.594342 0.15423 0.138646
0.0438905 0.312777 9.9991E-05 0.519326 0.0296955 0.0942108
0.0030321 0.234245 9.9991E-05 0.635201 0.0491328 0.0782889
0.132352 0.330533 0.0226896 0.498939 0.0153866 9.9991E-05
0.0768601 0.217906 9.9991E-05 0.520481 0.0600758 0.124578
0.0357579 0.116217 0.000611681 0.661761 0.100396 0.0852557
0.0861083 0.151043 9.9991E-05 0.618014 0.0686514 0.0760834
9.9973E-05 0.405852 9.9973E-05 0.583239 9.9973E-05 0.0106091
0.0301773 0.0434506 0.102293 0.655551 0.0264083 0.142119
9.9991E-05 0.127808 0.0544066 0.590244 0.0959474 0.131494
0.0917806 0.198839 0.0898913 0.619289 9.9982E-05 9.9982E-05
0.0560918 0.140712 0.0428714 0.560328 0.00593376 0.194062
0.0958039 0.252017 0.104991 0.481594 0.016817 0.0487765
9.9991E-05 0.240129 0.0176534 0.430719 0.0800829 0.231315
0.0124575 0.150636 0.0415171 0.676636 0.0474586 0.0712948
9.9982E-05 0.207232 9.9982E-05 0.662808 0.00466156 0.125098
0.247078 0.448736 0.0736602 0.183282 0.00308282 0.0441616
0.0738618 0.308631 0.0415819 0.201609 0.011271 0.363045
0.208245 0.187087 0.047019 0.485931 0.0716185 9.9991E-05
0.0924655 0.336126 0.0336667 0.151831 9.9991E-05 0.385811
0.122267 0.409067 9.9991E-05 0.305831 0.0484424 0.114292
0.162937 0.315304 0.00741942 0.415283 9.9991E-05 0.0989576
0.153119 0.430485 9.9982E-05 0.365196 0.0510006 9.9982E-05
0.148554 0.488687 0.00106817 0.288229 0.0338619 0.0395997
0.147236 0.0739645 0.0762396 0.596253 0.0645678 0.0417397
0.102444 0.105487 0.115317 0.528639 0.09872 0.0493932
0.184139 0.16661 0.0546694 0.542176 0.0491808 0.00322527
0.0823105 0.354771 0.0388891 0.154579 9.9991E-05 0.36935
0.0935502 0.0884901 0.00311969 0.476957 0.256301 0.0815823
9.9982E-05 9.9982E-05 0.0428934 0.562792 0.120928 0.273187
0.151212 0.0897923 9.9991E-05 0.0453944 0.127713 0.585789
0.0994917 9.9991E-05 0.0161957 0.641522 0.137197 0.105494
0.14363 0.111665 0.0118195 0.405345 0.0818334 0.245706
0.136685 0.109243 0.0637553 0.466915 0.061446 0.161956
0.0309441 0.140329 9.9991E-05 0.327159 0.122001 0.379468
0.0411272 0.115293 9.9991E-05 0.291353 0.0685999 0.483527
0.13229 0.155522 9.9991E-05 0.467724 0.0349685 0.209396
0.0239879 0.0464794 0.0350095 0.475424 0.157658 0.261442
0.125849 0.15895 0.0989244 0.427988 0.0687116 0.119577
0.161636 0.141124 0.169549 9.9991E-05 0.0232317 0.504359
0.137283 0.0366618 9.9991E-05 0.585505 0.0965852 0.143865
0.138317 0.0703783 9.9982E-05 0.454576 9.9982E-05 0.336529
0.146384 0.117153 9.9982E-05 0.518601 9.9982E-05 0.217662
0.0792399 9.99911E-05 0.0109073 0.582071 0.155805 0.171877
0.00431364 9.9991E-05 0.286899 0.134431 0.304013 0.270244
9.9973E-05 9.9973E-05 0.143996 9.9973E-05 0.552918 0.302786
9.9973E-05 9.9973E-05 0.128481 9.9973E-05 0.452827 0.418392
9.9982E-05 9.9982E-05 0.31174 0.0798088 0.456012 0.152239
9.9964E-05 9.9964E-05 9.9964E-05 0.664547 9.9964E-05 0.335053
0.0933306 9.9991E-05 0.0888039 0.574062 0.111442 0.132261
9.9973E-05 0.0407344 0.665934 0.293032 9.9973E-05 9.9973E-05
0.0946601 0.132849 0.424021 0.336884 0.0114864 9.9991E-05
0.108758 0.0735665 0.442327 0.245362 0.0435137 0.0864727
0.108845 9.9982E-05 0.00164803 0.364329 9.9982E-05 0.524977
0.0262637 0.0965005 0.0286599 0.595328 0.0593133 0.193935
9.9973E-05 0.0411093 9.9973E-05 0.257364 9.9973E-05 0.701227
0.0426644 9.9991E-05 0.00357545 0.658404 0.00351012 0.291746
9.9982E-05 0.0993443 9.9982E-05 0.506097 0.0420328 0.352326
0.0131851 0.0955762 9.9991E-05 0.663398 0.00735126 0.22039
0.0691444 0.0789791 9.9982E-05 0.256418 9.9982E-05 0.595259
0.0249708 0.029389 0.0825426 0.611938 0.0700405 0.181119
0.0111816 0.0904339 0.0954595 0.514282 0.131146 0.157497
0.0234571 9.9964E-05 0.976143 9.9964E-05 9.9964E-05 9.9964E-05
9.9973E-05 0.00617654 0.886548 0.106975 9.9973E-05 9.9973E-05
0.094541 0.032861 0.658289 0.195739 0.0184696 9.9991E-05
9.9973E-05 9.9973E-05 0.690945 0.295555 0.0131996 9.9973E-05
0.0146562 9.9982E-05 0.808471 0.134659 0.0420139 9.9982E-05
9.996E-05 9.996E-05 0.9995 9.996E-05 9.996E-05 9.996E-05
0.0127506 0.025178 0.961772 9.9973E-05 9.9973E-05 9.9973E-05
9.9964E-05 9.9964E-05 0.771522 0.228078 9.9964E-05 9.9964E-05
9.9964E-05 0.0346903 0.96491 9.9964E-05 9.9964E-05 9.9964E-05
9.996E-05 9.996E-05 0.9995 9.996E-05 9.996E-05 9.996E-05
9.996E-05 9.996E-05 0.9995 9.996E-05 9.996E-05 9.996E-05
0.00376794 0.0146609 0.751199 0.178139 0.0521333 9.9991E-05
9.9982E-05 0.0309337 0.829592 0.133835 0.00543922 9.9982E-05
0.0444564 9.9964E-05 0.955144 9.9964E-05 9.9964E-05 9.9964E-05
0.0534892 0.128762 0.37446 0.316545 0.101357 0.0253863
0.0163166 0.0544614 0.687416 0.221265 0.0204416 9.9991E-05
9.9982E-05 0.0388162 0.797709 0.130326 9.9982E-05 0.0329492
9.9991E-05 0.0247232 0.83023 0.125587 0.00882148 0.0105381
9.996E-05 9.996E-05 0.9995 9.996E-05 9.996E-05 9.996E-05
0.0262855 9.9991E-05 0.914651 0.0356894 0.00645269 0.0168213
9.996E-05 9.996E-05 0.9995 9.996E-05 9.996E-05 9.996E-05
0.013245 0.0835249 0.637895 0.198734 0.035413 0.031188
0.0273364 9.9982E-05 0.920121 9.9982E-05 0.0151959 0.0371466
9.9973E-05 9.9973E-05 0.0354631 9.9973E-05 0.345486 0.618751
9.9991E-05 0.0509777 0.0584208 0.460759 0.196653 0.23309
0.0693582 9.9991E-05 0.0370949 0.47723 0.243701 0.172515
9.9982E-05 9.9982E-05 0.053434 0.271597 0.252812 0.421958
9.9991E-05 0.0212877 0.160977 0.446485 0.131964 0.239187
9.9982E-05 9.9982E-05 0.0497726 0.283008 0.325765 0.341254
0.0704016 0.0869341 0.101766 0.454709 0.138863 0.147327
9.9982E-05 9.9982E-05 0.170777 0.283543 0.136466 0.409014
9.9982E-05 9.9982E-05 0.151303 0.495102 0.156364 0.19703
9.9982E-05 9.9982E-05 0.201495 0.264846 0.160967 0.372493
0.0373353 0.0164278 9.9991E-05 0.559444 0.211253 0.17544
0.0663833 0.00551669 9.9991E-05 0.0499119 0.865569 0.0125187
9.9973E-05 9.9973E-05 0.0625109 9.9973E-05 0.918669 0.0185197
0.0157803 0.0555025 9.9973E-05 9.9973E-05 0.928417 9.9973E-05
9.9982E-05 0.0118286 9.9982E-05 0.0276666 0.958773 0.00153139
9.9973E-05 0.0807042 0.0381607 9.9973E-05 0.880835 9.9973E-05
9.9973E-05 9.9973E-05 0.0676257 9.9973E-05 0.899402 0.0326725
9.9973E-05 9.9973E-05 0.107547 0.00333535 0.888818 9.9973E-05
9.9991E-05 0.0393555 0.000887059 0.0154369 0.896205 0.048016
0.0309364 9.9982E-05 0.00338274 0.0204748 0.945006 9.9982E-05
9.9973E-05 9.9973E-05 0.118553 9.9973E-05 0.829087 0.0520604
0.0940503 0.282657 9.9982E-05 9.9982E-05 0.606193 0.0168999
0.0138865 0.364022 0.0135574 9.9982E-05 0.608334 9.9982E-05
0.0272722 0.331324 9.9982E-05 9.9982E-05 0.503375 0.137829
0.0747477 0.318559 9.9982E-05 9.9982E-05 0.491188 0.115305
0.297641 0.18796 0.0424141 0.383672 0.0645251 0.0237875
0.247294 0.0892468 9.9991E-05 0.558461 0.0146075 0.0902911
0.14809 0.188444 0.0171045 0.57034 0.0351597 0.0408626
0.247299 0.214598 9.9991E-05 0.403056 0.0730411 0.0619057
0.0773897 0.647137 0.0294693 0.220172 9.9991E-05 0.0257316
0.314348 9.9982E-05 0.00211095 0.608272 0.0750684 9.9982E-05
0.259393 0.146873 9.9982E-05 0.572466 0.0210679 9.9982E-05
0.199811 0.141897 0.032065 0.467378 9.9991E-05 0.158748
0.544178 9.9982E-05 0.0505071 0.335069 9.9982E-05 0.0700464
0.143553 9.9991E-05 0.00419808 0.701709 0.0401449 0.110295
0.418455 0.107881 9.9982E-05 0.448113 9.9982E-05 0.0253504
0.787641 0.00531861 9.9973E-05 9.9973E-05 9.9973E-05 0.20674
0.0299186 0.149901 9.9991E-05 0.561154 0.0717278 0.187199
0.452452 0.011645 0.0225657 0.303502 9.9991E-05 0.209736
0.353644 0.0621914 9.9982E-05 0.508929 9.9982E-05 0.075035
0.706519 0.19858 0.00448912 0.0601222 0.0301902 9.9991E-05
9.9973E-05 0.758136 9.9973E-05 9.9973E-05 0.111331 0.130234
9.9982E-05 0.745203 9.9982E-05 0.0230729 0.104266 0.127259
9.9973E-05 0.778561 9.9973E-05 9.9973E-05 0.050046 0.171093
9.9973E-05 0.824837 9.9973E-05 9.9973E-05 0.0868565 0.0880067
9.9982E-05 0.771525 0.00466688 0.0642472 9.9982E-05 0.159361
9.9991E-05 0.705023 0.0180568 0.116041 0.093889 0.0668902
0.00198173 9.9973E-05 9.9973E-05 0.107862 0.889856 9.9973E-05
9.9982E-05 0.0950366 0.0964513 0.0102183 0.798094 9.9982E-05
9.9973E-05 9.9973E-05 0.098412 0.145954 0.755334 9.9973E-05
9.9982E-05 0.14039 0.0982885 0.018812 0.74231 9.9982E-05
9.9991E-05 0.00652246 0.067192 0.10173 0.811185 0.0132704
0.0321825 0.55023 9.9982E-05 9.9982E-05 0.353364 0.0640236
0.0647402 0.347467 9.9982E-05 9.9982E-05 0.473112 0.11448
0.040714 0.423928 9.9982E-05 9.9982E-05 0.427596 0.107562
9.9982E-05 0.0764306 0.0409672 0.09274 0.789662 9.9982E-05
0.0768115 0.47302 9.9982E-05 9.9982E-05 0.374982 0.0749873
9.9982E-05 9.9982E-05 0.396671 0.230235 0.205941 0.166953
9.9991E-05 0.0646418 0.261911 0.536899 0.0717968 0.0646514
9.9973E-05 9.9973E-05 0.300599 0.509055 0.190046 9.9973E-05
0.0814847 0.0227173 0.170854 0.344693 0.318113 0.062138
0.0901435 0.120987 0.246879 0.391498 0.141799 0.00869428
9.9973E-05 9.9973E-05 0.320508 9.9973E-05 0.447228 0.231963
0.122372 0.326004 9.9991E-05 0.488974 0.0434135 0.0191367
0.0387868 0.23615 9.9982E-05 0.430501 9.9982E-05 0.294362
0.0682219 0.533746 9.9982E-05 0.301553 0.0962795 9.9982E-05
0.147523 0.106379 9.9991E-05 0.500154 0.00343902 0.242405
0.213717 0.163111 9.9973E-05 9.9973E-05 9.9973E-05 0.622872
0.0351395 0.154213 0.0129188 0.538164 0.111928 0.147637
0.0345023 0.189645 9.9982E-05 0.569305 9.9982E-05 0.206348
0.129147 0.438565 9.9991E-05 0.326997 0.0267475 0.0784431
9.9991E-05 0.24016 0.0664963 0.565125 0.096989 0.0311295
0.209567 0.304551 9.9982E-05 0.124294 9.9982E-05 0.361387
9.9982E-05 0.181453 0.0153014 0.541182 9.9982E-05 0.261864
0.132827 0.266884 0.0237533 0.515964 9.9991E-05 0.0604717
0.0843352 0.13319 0.244508 0.319893 0.09523 0.122843
0.0833766 0.285096 9.9982E-05 0.438744 9.9982E-05 0.192583
0.104505 0.268861 0.00896996 0.499546 0.0552008 0.0629168
0.189272 0.131061 0.138552 0.419053 9.9991E-05 0.121962
0.134809 0.196437 0.0285746 0.506685 0.0465104 0.0869835
0.0158022 0.195162 0.0601106 0.658457 0.0110595 0.0594093
0.15888 0.163265 0.0346206 0.443398 0.134689 0.0651472
0.10761 0.167201 0.0590672 0.540388 0.125633 9.9991E-05
9.9973E-05 9.9973E-05 0.110387 0.0975672 0.791746 9.9973E-05
0.0409447 9.9982E-05 0.0370853 0.0807036 0.841066 9.9982E-05
0.0643967 0.0538541 0.00818415 0.0321383 0.797211 0.0442156
0.122129 9.9973E-05 0.0401812 9.9973E-05 0.83739 9.9973E-05
9.9964E-05 9.9964E-05 9.9964E-05 0.167031 0.832569 9.9964E-05
0.0531441 0.603552 0.0517548 0.215333 9.9991E-05 0.0761165
0.13712 0.161748 0.0765946 0.478829 0.0642163 0.0814915
0.0507539 9.9991E-05 0.190001 0.352849 0.193147 0.213149
9.9991E-05 0.226035 0.106171 0.610338 0.0150411 0.0423148
0.159119 0.189564 9.9991E-05 0.534326 0.0716684 0.0452226
9.9982E-05 0.388342 0.0988815 0.261626 9.9982E-05 0.250951
0.125452 0.633491 9.9991E-05 0.00782752 0.142844 0.0902859
0.0983653 0.284106 0.0809661 0.495473 0.0409898 9.9991E-05
0.076344 0.558693 0.0654231 0.134346 0.0654038 0.09979
0.120128 0.190444 0.0104475 0.468082 0.0154004 0.195498
0.139185 0.532529 0.000425576 0.125483 0.144147 0.0582306
0.0652445 0.205225 0.039221 0.562999 0.12503 0.00228021
0.0664934 0.588287 0.115031 0.134133 0.00494634 0.0911095
0.145337 0.304407 0.124384 0.304748 9.9991E-05 0.121023
0.0401424 0.0809472 0.0774736 0.51194 0.0126082 0.276889
9.9982E-05 0.106256 9.9982E-05 0.367517 0.0201255 0.505902
0.0147389 0.0759821 0.0192865 0.65868 0.0450858 0.186226
0.0527737 9.9991E-05 0.0794453 0.523539 0.183203 0.160939
0.0247842 0.0604921 9.9991E-05 0.41212 0.0348326 0.467671
9.9991E-05 0.0492352 0.00895301 0.646068 0.0781939 0.21745
0.183211 9.9982E-05 9.9982E-05 0.513818 0.0517358 0.251036
0.0854413 0.048517 9.9982E-05 0.208312 9.9982E-05 0.65753
0.042303 9.9973E-05 9.9973E-05 0.324736 9.9973E-05 0.632661
0.00798177 0.0816473 9.9982E-05 0.549635 9.9982E-05 0.360536
0.0954341 0.0991641 9.9982E-05 0.212824 9.9982E-05 0.592378
0.146838 0.0606169 9.9991E-05 0.479363 0.0311952 0.281887
0.198872 0.663169 0.06397 0.0558992 0.01799 9.9991E-05
0.0972088 0.385228 9.9982E-05 0.310731 9.9982E-05 0.206632
0.00896256 0.437546 0.0285073 0.390353 0.0601734 0.0744582
0.042557 0.24473 0.110224 0.517578 0.0589308 0.0259801
0.185221 0.534924 0.00699616 0.236571 9.9991E-05 0.0361883
9.9991E-05 0.198857 0.105532 0.403642 0.127588 0.16428
0.070144 0.133396 0.034847 0.638877 0.0911827 0.0315535
0.139234 0.209583 0.0595858 0.509394 0.0368049 0.0453978
0.173596 0.252205 0.0622745 0.470826 0.040998 9.9991E-05
0.234178 0.331766 0.134194 0.283417 0.0146056 0.00183963
0.186567 0.538816 0.0955922 0.178825 9.9982E-05 9.9982E-05
0.078063 0.484545 0.110812 0.2961 0.0183277 0.0121524
0.0530437 0.230135 0.0247428 0.647802 9.9991E-05 0.0441768
0.0793783 0.186773 0.122139 0.585883 0.00187736 0.02395
0.0681006 0.23094 0.00476855 0.464404 0.0536327 0.178154
0.0501306 0.239383 0.11744 0.516239 9.9991E-05 0.0767079
0.00976715 0.419729 0.0057907 0.423203 0.0633932 0.0781168
9.9991E-05 0.287412 0.0515162 0.59949 0.0305951 0.0308869
0.0989034 0.292064 0.104476 0.480332 9.9991E-05 0.024125
0.0775974 0.235469 0.194757 0.393782 0.0982943 9.9991E-05
0.0351249 0.0611389 0.135626 0.430956 0.337054 9.9991E-05
0.121769 9.9991E-05 0.226185 0.425588 0.15307 0.0732877
9.9991E-05 0.132336 0.00794035 0.56635 0.181038 0.112236
0.123587 0.046658 0.14971 0.541489 0.04222 0.0963362
0.0648133 0.0360111 0.2435 0.410422 0.240961 0.00429217
0.0406745 0.2523 9.9982E-05 0.527779 9.9982E-05 0.179046
0.040506 0.11245 0.0707337 0.575286 0.200925 9.9991E-05
0.178732 0.00923288 0.164407 0.0390799 0.243158 0.36539
0.0024802 0.138232 0.206154 0.519836 0.132077 0.00122037
0.106912 9.9991E-05 0.12602 0.551979 0.157205 0.057784
0.0628531 0.118007 0.243838 0.398553 0.0877396 0.0890093
0.0806674 0.129806 0.140667 0.308593 0.1447 0.195566
9.9982E-05 9.9982E-05 0.209185 0.549211 0.145215 0.0961893
9.9991E-05 0.0151985 0.120854 0.575833 0.175019 0.112996
9.9973E-05 9.9973E-05 0.213128 9.9973E-05 0.48044 0.306132
0.0237279 0.0560666 0.153288 0.49993 0.231168 0.03582
0.0573545 0.0577815 0.257352 0.501584 0.113977 0.0119507
0.0647864 9.9991E-05 0.100588 0.593053 0.173387 0.0680856
9.9982E-05 9.9982E-05 0.184458 0.524515 0.200734 0.0900928
0.0862169 9.9991E-05 0.152689 0.478349 0.184989 0.0976557
0.0999024 0.0596041 0.0978679 0.467308 9.9991E-05 0.275218
0.205309 0.0304527 0.0776449 0.450478 0.0837983 0.152318
0.298012 0.0620057 9.9982E-05 0.0482745 9.9982E-05 0.591508
0.190789 0.0376189 9.9982E-05 0.0714562 9.9982E-05 0.699936
0.0183119 0.13994 0.115163 0.526772 0.0169282 0.182885
0.0037173 9.9991E-05 0.298675 0.457287 0.116082 0.124139
9.9982E-05 9.9982E-05 0.317632 0.381529 0.0755678 0.225071
9.9982E-05 9.9982E-05 0.299133 0.148003 0.218268 0.334396
0.0629444 9.9991E-05 0.288392 0.331495 0.220987 0.0960816
0.0109312 9.9991E-05 0.133144 0.117865 0.0378154 0.700144
0.0143043 9.9991E-05 0.142965 0.221983 0.0533278 0.56732
0.0995856 0.0661013 0.13801 0.520249 0.0123509 0.163703
0.146699 0.0315532 0.144458 0.438285 0.00395724 0.235049
0.059131 0.0239043 0.144904 0.228087 0.0373372 0.506636
0.198716 0.0123256 0.145808 0.487903 0.0598251 0.0954224
0.0819632 9.9991E-05 0.136684 0.516229 0.00911933 0.255904
0.033797 0.09581 0.169907 0.426347 0.1112 0.162939
0.207982 0.0650554 0.00621265 0.341524 9.9991E-05 0.379126
0.180845 0.0916129 0.0525661 0.325755 9.9991E-05 0.349121
0.144801 0.0367899 0.123439 0.462966 0.0464445 0.18556
0.0326939 0.162913 0.0238962 0.451322 0.0504355 0.278739
0.113785 0.0974513 0.149665 0.386235 0.0424778 0.210386
0.0727026 0.0635977 9.9982E-05 0.551677 9.9982E-05 0.311823
0.0173222 0.116294 9.9982E-05 0.261554 9.9982E-05 0.60463
0.111521 9.9982E-05 0.0229874 0.657388 9.9982E-05 0.207904
0.275232 0.0699569 0.0950886 0.40894 0.0884288 0.0623544
0.132219 0.102445 0.00217736 0.295034 9.9991E-05 0.468025
0.126527 0.0205133 9.9982E-05 0.476752 9.9982E-05 0.376008
0.186865 0.0122857 0.0558974 0.597264 0.0277674 0.119921
0.202214 0.0137777 9.9991E-05 0.543163 0.00425622 0.236489
0.11206 0.0588411 0.235848 0.368453 0.152562 0.0722359
0.0357543 0.0153217 0.104236 0.478323 0.224537 0.141829
0.0004902 0.121542 0.279652 0.297582 0.152801 0.147932
0.0106938 0.198464 0.277113 0.262997 0.144039 0.106693
0.0834592 0.139989 0.165695 0.400733 0.0646012 0.145523
9.9991E-05 0.0512579 0.181855 0.468404 0.109432 0.18895
0.0114453 0.0389626 0.186874 9.9991E-05 0.169216 0.593403
9.9991E-05 0.0578202 0.177161 0.591188 0.0875045 0.0862264
9.9973E-05 9.9973E-05 0.169791 9.9973E-05 0.323861 0.506048
9.9982E-05 9.9982E-05 0.176213 0.56563 0.0646234 0.193334
0.336185 9.9973E-05 9.9973E-05 0.117289 9.9973E-05 0.546226
0.325813 0.0151438 9.9982E-05 0.0192002 9.9982E-05 0.639643
0.105006 9.9973E-05 9.9973E-05 0.598586 9.9973E-05 0.296108
0.0489138 9.9982E-05 9.9982E-05 0.720789 0.0437697 0.186327
0.12335 0.045785 9.9982E-05 0.474813 9.9982E-05 0.355852
0.110273 9.9982E-05 9.9982E-05 0.575411 0.0825567 0.231559
0.131034 9.9982E-05 0.0409673 0.515696 9.9982E-05 0.312103
0.0309504 0.0115969 0.0526772 0.0690521 0.827136 0.00858699
9.9982E-05 0.152398 0.0938051 9.9982E-05 0.715887 0.0377101
9.9973E-05 0.0281174 0.0749172 9.9973E-05 0.896665 9.9973E-05
9.9964E-05 9.9964E-05 9.9964E-05 0.0548988 0.944701 9.9964E-05
0.335108 0.0849745 0.0997029 0.395858 0.0842571 9.9991E-05
0.392757 0.0298065 9.9991E-05 0.47556 0.0956209 0.00615583
0.420908 0.0734361 9.9982E-05 0.493947 0.0115089 9.9982E-05
0.262807 0.0376888 9.9982E-05 0.584602 0.114702 9.9982E-05
0.220787 0.0521769 0.0527213 0.56708 0.0921772 0.0150573
0.637801 0.029786 9.9991E-05 0.204773 0.0200298 0.10751
0.378818 9.9973E-05 0.0901386 0.530743 9.9973E-05 9.9973E-05
0.423715 9.9982E-05 9.9982E-05 0.388286 0.00302231 0.184777
9.9991E-05 0.0869157 0.191176 0.475577 0.244415 0.00181572
0.410682 0.0318373 0.0266541 0.454107 9.9991E-05 0.0766198
0.480774 0.112049 9.9982E-05 0.35765 0.049327 9.9982E-05
0.327097 0.0616133 0.040542 0.561735 9.9991E-05 0.00891297
0.473046 0.0470758 0.0176029 0.38624 0.0654184 0.0106167
0.29752 9.9982E-05 0.0512465 0.583532 9.9982E-05 0.0675019
0.356987 9.9982E-05 0.0509057 0.528096 0.0638114 9.9982E-05
0.910775 9.9973E-05 9.9973E-05 0.0291339 9.9973E-05 0.0597909
0.701494 0.0176843 0.00804073 0.17124 0.046164 0.0553775
0.60708 0.0344511 0.0191555 0.31967 0.0195434 9.9991E-05
0.78762 9.9964E-05 9.9964E-05 9.9964E-05 9.9964E-05 0.21198
0.451684 0.109667 9.9973E-05 0.438349 9.9973E-05 9.9973E-05
0.666753 9.9982E-05 0.0111877 0.0499512 9.9982E-05 0.271908
0.721483 9.9964E-05 9.9964E-05 9.9964E-05 9.9964E-05 0.278117
0.423426 9.9982E-05 0.0326759 0.527028 0.0166707 9.9982E-05
0.687749 0.0239594 9.9991E-05 0.181503 0.0685613 0.038127
0.430934 0.0833125 0.0777291 0.407824 9.9982E-05 9.9982E-05
0.231938 9.9991E-05 0.057971 0.544499 0.085914 0.0795783
0.420321 0.0620244 0.012959 0.497394 0.00720109 9.9991E-05
9.9982E-05 0.35373 0.0818826 0.369215 9.9982E-05 0.194972
0.322867 0.0661637 0.0204873 0.544179 0.0462029 9.9991E-05
0.365953 0.0722675 9.9982E-05 0.479097 0.0824828 9.9982E-05
0.696162 9.9964E-05 9.9964E-05 0.303439 9.9964E-05 9.9964E-05
0.248686 0.0365355 0.0880852 0.496329 0.0489711 0.0813936
0.0386612 0.238711 9.9982E-05 9.9982E-05 0.634444 0.0879838
0.0354234 0.126492 0.0172108 0.0460864 0.734596 0.0401919
9.9973E-05 0.126047 9.9973E-05 9.9973E-05 0.819333 0.0543198
0.0144226 0.126525 9.9982E-05 9.9982E-05 0.815073 0.0437796
0.0511197 0.183117 9.9982E-05 0.0183888 0.747174 9.9982E-05
0.706322 0.0927416 0.0159447 0.0954527 0.0894388 9.9991E-05
0.67364 0.143 9.9991E-05 0.131868 0.0450809 0.00631118
0.788856 9.9982E-05 0.0375863 0.0621411 9.9982E-05 0.111216
0.289086 9.9991E-05 0.0271061 0.546908 0.112343 0.0244581
0.147434 9.9991E-05 0.135748 0.580574 0.103746 0.0323985
0.585186 9.9982E-05 0.00067019 0.332898 9.9982E-05 0.0810464
0.359842 0.0146846 0.109423 0.500523 0.00232382 0.0132033
0.477059 9.9991E-05 0.0148031 0.423817 0.0745909 0.00962956
0.309787 0.0369689 0.0141316 0.540269 0.0272985 0.071545
0.307218 0.0299112 0.0501161 0.5439 0.0687549 9.9991E-05
0.607794 0.0759525 0.0236835 0.221777 9.9991E-05 0.070693
0.550768 0.0972626 9.9982E-05 0.338371 0.0133987 9.9982E-05
0.535043 0.156734 9.9973E-05 0.307923 9.9973E-05 9.9973E-05
9.9982E-05 0.073272 9.9982E-05 0.599786 0.12065 0.206093
0.525704 0.0526967 9.9982E-05 0.397565 0.023834 9.9982E-05
0.431673 0.0361769 0.00861411 0.415394 0.0932243 0.0149178
9.9991E-05 0.0787128 0.493163 0.368743 0.0355398 0.0237407
0.0179358 9.9991E-05 0.475654 0.300779 0.151223 0.0543081
0.00751904 0.00892906 0.47033 0.36218 0.0613602 0.0896813
0.0025461 0.0130432 0.469985 0.266559 0.14423 0.103636
9.9982E-05 9.9982E-05 0.30687 0.502234 0.150559 0.0401359
0.296753 9.9982E-05 9.9982E-05 0.490299 0.0414346 0.171314
0.012716 9.9982E-05 0.643643 0.0742662 0.269174 9.9982E-05
9.9982E-05 9.9982E-05 0.466068 0.355656 0.144683 0.0333927
0.0671152 9.9991E-05 0.144282 0.437194 0.147178 0.204131
9.9973E-05 9.9973E-05 9.9973E-05 0.653697 0.164628 0.181375
0.0528146 0.053899 0.0150769 0.446417 0.103176 0.328617
0.00726077 9.9991E-05 0.0411115 0.631503 0.167747 0.152278
0.0172766 0.0174967 9.9991E-05 0.665961 0.141892 0.157274
9.9982E-05 9.9982E-05 0.441529 0.399399 0.13621 0.0226623
0.0727376 0.0369552 0.428246 0.2683 0.111308 0.0824527
9.9982E-05 0.0293459 0.422107 0.425208 0.12314 9.9982E-05
0.102267 0.0365883 0.292579 0.426908 0.116399 0.0252591
0.0167292 9.9991E-05 0.563365 0.21744 0.111489 0.090877
0.109723 9.9991E-05 0.394305 0.315881 0.146558 0.033433
0.0268464 9.9991E-05 0.501815 0.243043 0.181273 0.0469228
9.9991E-05 0.0103444 0.358267 0.469738 0.0939906 0.0675606
0.000942625 0.0176098 9.9991E-05 0.631237 0.113757 0.236353
9.9991E-05 0.0357303 0.358869 0.369714 0.136204 0.0993823
9.9982E-05 9.9982E-05 0.611663 0.188319 0.145739 0.0540788
0.0813781 0.0182512 0.427674 0.247549 0.137985 0.0871625
0.121487 0.178216 9.9991E-05 0.231182 0.171721 0.297294
9.9991E-05 0.0720553 0.0940269 0.603455 0.0374627 0.1929
9.9991E-05 0.0832181 0.232789 0.415201 0.202121 0.0665711
0.0551082 0.0643141 0.0245358 0.596725 0.116825 0.142492
0.0614888 0.0743484 0.00101037 0.479331 0.182289 0.201533
9.9982E-05 9.9982E-05 0.160427 0.49031 0.208806 0.140257
9.9991E-05 0.0595552 0.345555 0.29525 0.197185 0.102355
0.017207 0.0377284 0.031594 0.695933 0.146542 0.0709952
0.130477 9.9982E-05 0.423215 0.347458 0.0986498 9.9982E-05
0.00776031 9.9982E-05 0.578064 0.330198 0.0837773 9.9982E-05
9.9982E-05 9.9982E-05 0.602462 0.156704 0.198392 0.0422429
9.9991E-05 0.0559793 0.0796343 0.633914 0.117954 0.112418
0.0194889 0.114836 9.9991E-05 0.535529 0.0700718 0.259974
0.0100896 9.9991E-05 0.0097243 0.252064 0.114352 0.61367
0.0490498 0.0656941 0.069476 0.575231 0.138264 0.102286
0.0230712 0.152198 0.0473034 0.418658 0.0792463 0.279523
0.0669127 9.9991E-05 0.0866446 0.502588 0.246889 0.0968666
0.107484 0.0398015 0.159386 0.434888 0.0446157 0.213825
9.9973E-05 9.9973E-05 0.19304 9.9973E-05 0.295038 0.511622
9.9973E-05 9.9973E-05 0.0814133 9.9973E-05 0.283554 0.634733
9.9991E-05 0.0411983 0.135045 0.274786 0.150812 0.398058
9.9982E-05 9.9982E-05 0.227546 0.0232768 0.33454 0.414437
9.9973E-05 9.9973E-05 0.251832 9.9973E-05 0.394222 0.353647
0.107384 0.0113904 0.125281 0.389107 0.108955 0.257883
0.0379989 0.025512 0.164442 0.421431 0.212005 0.138612
9.9982E-05 9.9982E-05 0.203445 0.189388 0.284606 0.322362
9.9982E-05 9.9982E-05 0.187159 0.119362 0.267464 0.425816
9.9991E-05 0.126937 0.0980924 0.500121 0.12018 0.15457
0.0164196 9.9991E-05 0.124837 0.206137 0.210326 0.442181
9.9973E-05 9.9973E-05 0.0689705 9.9973E-05 0.402975 0.527755
0.0284433 0.167233 0.17868 0.500752 0.0928372 0.0320548
9.9982E-05 9.9982E-05 0.238591 0.366138 0.185698 0.209373
0.0314808 0.0736018 0.153407 0.359252 0.352292 0.0299662
9.9973E-05 9.9973E-05 0.253144 0.545759 0.200797 9.9973E-05
0.0314227 9.9991E-05 0.0791575 0.524163 0.243838 0.121319
0.0874029 0.0556591 0.199689 0.533159 0.123989 9.9991E-05
0.0547073 9.9991E-05 0.29636 0.416 0.129824 0.103009
9.9982E-05 0.0587407 0.184323 0.407629 0.349108 9.9982E-05
0.0211281 0.0924106 0.116981 0.523975 0.229231 0.0162746
0.0487322 0.036294 0.18762 0.547045 0.180209 9.9991E-05
0.0467257 0.00540109 0.182029 0.337623 0.319229 0.108992
0.306923 0.146083 0.199586 0.202853 0.144455 9.9991E-05
0.107486 0.120926 0.136562 0.43057 0.204356 9.9991E-05
0.0168931 0.12023 0.117032 0.519005 0.186151 0.0406888
0.1656 0.0175537 0.106099 0.545483 0.165165 9.9991E-05
9.9991E-05 0.0442689 0.247046 0.354818 0.342003 0.0117649
0.00995745 9.9991E-05 0.157149 0.603661 0.220279 0.00885327
9.9982E-05 9.9982E-05 0.165746 0.169867 0.429129 0.235057
0.0528572 0.0825491 0.130467 0.484277 0.237595 0.0122546
0.0175307 9.9991E-05 0.332632 0.180286 0.223006 0.246445
0.0794286 0.0709303 9.9982E-05 9.9982E-05 0.823272 0.0261692
9.9982E-05 0.773273 0.0109895 0.160185 0.0553534 9.9982E-05
9.9964E-05 0.970624 9.9964E-05 9.9964E-05 0.0289762 9.9964E-05
9.9964E-05 0.982849 9.9964E-05 9.9964E-05 0.0167508 9.9964E-05
9.9964E-05 0.948239 9.9964E-05 0.0513607 9.9964E-05 9.9964E-05
9.9982E-05 0.900018 0.0560514 0.0274013 0.0163294 9.9982E-05
9.9973E-05 0.896719 9.9973E-05 0.0963171 0.00666418 9.9973E-05
9.9964E-05 0.95647 9.9964E-05 9.9964E-05 0.0431299 9.9964E-05
9.9964E-05 0.78872 9.9964E-05 9.9964E-05 0.21088 9.9964E-05
0.0122195 0.0330189 9.9982E-05 0.0318748 0.922687 9.9982E-05
9.9982E-05 0.126279 0.0127728 0.0491763 0.811572 9.9982E-05
9.9982E-05 9.9982E-05 0.0589556 0.0263355 0.900992 0.0135165
9.9982E-05 0.0565897 9.9982E-05 0.0289 0.82403 0.0902807
9.9982E-05 0.0636482 0.0399293 0.00795124 0.888271 9.9982E-05
9.9964E-05 0.109984 9.9964E-05 9.9964E-05 0.889617 9.9964E-05
0.0122608 0.0386326 0.156353 0.0380757 0.741601 0.0130767
0.0432654 9.9973E-05 0.0906495 9.9973E-05 0.865785 9.9973E-05
9.9991E-05 0.12963 0.0845018 0.0499122 0.733888 0.00196861
0.010867 9.9973E-05 0.0794446 9.9973E-05 0.909388 9.9973E-05
0.016909 0.00841766 9.9982E-05 0.00243163 0.972042 9.9982E-05
0.039918 0.00647436 0.066004 9.9991E-05 0.845834 0.0416701
9.9973E-05 0.023957 0.0217618 9.9973E-05 0.953981 9.9973E-05
9.9982E-05 9.9982E-05 0.0504103 0.0264318 0.901941 0.0210171
0.00320062 0.000528463 0.0769804 0.0608428 0.858348 9.9991E-05
9.9982E-05 9.9982E-05 0.0674245 0.107178 0.819056 0.00614162
9.9973E-05 9.9973E-05 0.153729 0.0634341 0.782537 9.9973E-05
9.9973E-05 9.9973E-05 0.108782 0.0879785 0.802939 9.9973E-05
9.9973E-05 9.9973E-05 0.0468977 0.145845 0.806957 9.9973E-05
0.061266 0.0285298 9.9991E-05 0.435862 0.200632 0.27361
0.0242051 0.01538 9.9991E-05 0.721393 0.0653506 0.173571
0.0964605 9.9991E-05 0.0234818 0.61152 0.208573 0.0598647
0.0655007 0.00425968 9.9991E-05 0.187257 0.050197 0.692685
0.0176763 0.0306228 9.9991E-05 0.552943 0.150136 0.248523
9.9973E-05 9.9973E-05 9.9973E-05 0.166005 0.143744 0.689951
9.9991E-05 0.0263718 0.00925003 0.640827 0.14606 0.177391
0.113183 0.0923936 9.9991E-05 0.407029 0.124844 0.26245
0.0585046 0.0586536 9.9991E-05 0.552325 0.101844 0.228573
0.441556 0.0767739 0.014344 0.427394 0.0134917 0.0264402
0.0271809 0.183676 9.9991E-05 0.425291 0.0451948 0.318557
9.9982E-05 0.0659199 9.9982E-05 0.665892 0.129307 0.138682
9.9982E-05 0.167289 9.9982E-05 0.627819 0.0894488 0.115243
0.187001 0.471876 0.0578866 0.0547911 9.9991E-05 0.228345
9.9982E-05 0.0562211 9.9982E-05 0.0321832 0.00389105 0.907505
9.9982E-05 0.0064242 9.9982E-05 0.231205 0.0662488 0.695922
0.0520917 0.0176852 0.0706678 0.64905 0.0819058 0.1286
9.9982E-05 0.023041 9.9982E-05 0.553747 0.140289 0.282723
0.0193946 9.9982E-05 9.9982E-05 0.611916 0.118263 0.250226
0.128513 9.9991E-05 0.0479273 0.653139 0.119499 0.0508224
0.0449748 0.0587974 0.209521 0.489788 0.196819 9.9991E-05
9.9991E-05 0.0880155 0.114839 0.574388 0.219641 0.00301645
0.0361562 0.228612 0.159664 0.138742 0.357354 0.0794729
9.9982E-05 0.164677 9.9982E-05 0.666715 0.145202 0.023206
0.0978823 0.0603686 0.170849 0.420604 0.189724 0.0605728
9.9982E-05 0.0232096 0.195467 9.9982E-05 0.389441 0.391682
0.0968678 9.9991E-05 0.204871 0.244988 0.310819 0.142353
0.110234 0.0924609 0.156753 0.300113 0.326689 0.0137498
0.0309109 0.150247 0.0345196 0.474932 0.308541 0.00084988
0.0510093 0.171872 0.198058 0.426611 0.119209 0.033241
9.9982E-05 9.9982E-05 0.116578 0.567356 0.206786 0.10908
0.020603 0.116371 0.0891808 0.594049 0.179696 9.9991E-05
0.104077 0.0540534 0.160623 0.41841 0.147343 0.115493
0.118786 9.9982E-05 0.156339 0.244915 0.47976 9.9982E-05
