0.913046 9.9973E-05 9.9973E-05 9.9973E-05 0.0498651 0.0367888
0.925975 9.9964E-05 0.0736254 9.9964E-05 9.9964E-05 9.9964E-05
0.809849 9.9982E-05 9.9982E-05 0.114435 0.0580777 0.0174385
0.780022 9.9982E-05 9.9982E-05 0.0139532 0.102957 0.102868
0.870622 0.0273199 9.9991E-05 0.00991319 0.0286296 0.0634154
0.564202 0.217244 0.00724667 0.12001 0.0551363 0.0361605
0.807207 0.178793 9.9982E-05 0.00557858 0.00822109 9.9982E-05
0.703167 0.218237 9.9982E-05 9.9982E-05 0.0775485 0.00084728
0.804369 0.105877 0.0200727 9.9982E-05 0.0694815 9.9982E-05
0.671595 0.154966 9.9991E-05 0.109739 0.0308975 0.0327034
0.722892 0.110801 9.9982E-05 0.0384231 0.127684 9.9982E-05
9.9982E-05 9.9982E-05 0.161344 0.242464 0.540553 0.0554385
0.00930804 9.9991E-05 0.0473053 0.602114 0.309615 0.0315585
0.0412708 0.0768178 0.0808986 0.282956 0.444636 0.0734207
9.9991E-05 0.041087 0.00258984 0.310324 0.459157 0.186742
0.115789 0.0796963 0.0813443 0.378396 0.166283 0.178492
0.0832775 0.0733666 0.00172651 0.623794 0.126145 0.0916903
9.9991E-05 0.109067 0.128283 0.488167 0.206619 0.0677648
0.072467 9.9991E-05 0.140963 0.297022 0.375706 0.113743
0.0201289 0.125731 0.0723782 0.0595324 0.700931 0.0212982
0.00921513 0.0274334 0.20433 0.35102 0.316562 0.0914399
9.9991E-05 0.222565 0.0622375 0.45707 0.203613 0.0544138
0.0547242 0.00482189 0.13402 0.543292 0.206548 0.0565941
0.00752343 0.0341676 0.143073 0.237473 0.436055 0.141708
0.0542623 0.0619226 9.9991E-05 0.66329 0.15769 0.0627353
0.0104838 0.0588535 0.0828193 0.426266 0.28808 0.133497
0.0251507 0.0592408 0.117496 0.164881 0.500097 0.133134
0.00412415 0.0762135 0.0305026 0.234605 0.483514 0.171041
9.9991E-05 0.110088 0.118074 0.245163 0.477313 0.0492622
0.853908 9.9973E-05 9.9973E-05 0.0928346 9.9973E-05 0.0529575
0.825823 9.9964E-05 9.9964E-05 0.173777 9.9964E-05 9.9964E-05
0.828271 9.9973E-05 0.0277612 0.143668 9.9973E-05 9.9973E-05
0.748949 9.9982E-05 0.00392908 0.21019 9.9982E-05 0.0367318
0.0304677 0.113787 0.21211 0.570052 0.0734828 9.9991E-05
0.165455 9.9991E-05 0.302322 0.340115 0.0804184 0.11159
0.106859 9.9982E-05 0.351851 0.538504 9.9982E-05 0.00258578
0.0929395 0.0640535 0.11637 0.175954 0.550583 9.9991E-05
0.052111 9.9982E-05 0.615597 0.275573 9.9982E-05 0.0565186
0.118013 0.00171744 0.270196 0.541555 0.0168244 0.0516949
9.9982E-05 0.0444026 0.246732 0.633875 9.9982E-05 0.0747903
0.0787494 0.148117 0.0924514 0.610684 0.0698983 9.9991E-05
0.104339 9.9982E-05 0.162738 0.623148 0.109576 9.9982E-05
0.0352712 9.9982E-05 0.678024 0.148226 0.138278 9.9982E-05
0.0161007 0.164923 0.065507 0.651629 0.0499403 0.0519
0.0125769 0.17547 0.207977 0.557145 9.9991E-05 0.0467317
0.17316 0.031512 0.153203 0.582821 0.0592045 9.9991E-05
9.9964E-05 9.9964E-05 0.603966 0.395634 9.9964E-05 9.9964E-05
0.11675 0.00519412 0.182762 0.695094 9.9982E-05 9.9982E-05
0.172369 9.9982E-05 0.177897 0.567161 9.9982E-05 0.082373
0.0665135 0.250493 0.682694 9.9973E-05 9.9973E-05 9.9973E-05
9.9982E-05 0.176094 0.232114 0.156156 0.435436 9.9982E-05
9.9991E-05 0.373964 0.238798 0.116397 0.245592 0.0251492
0.0172333 0.0457616 0.0414678 0.51033 0.21856 0.166647
0.0835427 0.0202772 0.0786254 0.61239 0.113638 0.091526
9.9991E-05 0.0506997 0.0647038 0.630305 0.132856 0.121336
0.105373 0.117639 0.252328 0.216149 0.30841 9.9991E-05
0.00674107 0.0741116 0.105739 0.585279 0.196239 0.0318902
0.0855216 0.0311036 0.0970685 0.561529 0.142857 0.0819205
0.131147 0.117937 0.223549 0.292755 0.188448 0.0461638
0.222184 0.179999 0.125704 0.0932637 0.311096 0.0677527
0.140183 9.9991E-05 0.0632956 0.567112 0.193336 0.0359729
0.0745202 0.0527357 0.0981698 0.416424 0.277291 0.0808598
0.0760273 0.154437 0.190606 0.0828524 0.495977 9.9991E-05
9.9991E-05 0.0759106 0.133544 0.482699 0.259927 0.0478184
9.9991E-05 0.223066 0.0208794 0.616121 0.0805773 0.0592554
0.00987608 0.169328 0.0271044 0.631682 0.0916397 0.0703704
0.0322127 0.121945 0.204774 0.32418 0.275934 0.0409542
0.00777657 0.0972051 0.0925076 0.497867 0.236308 0.0683362
0.110443 0.0539144 0.0746009 0.522829 0.157611 0.0806018
0.000488151 0.157276 0.224504 0.214294 0.381143 0.0222954
9.9973E-05 9.9973E-05 0.345971 0.573633 0.0800961 9.9973E-05
0.0485185 9.9982E-05 0.718585 0.182171 0.0505261 9.9982E-05
0.0625705 0.108142 0.230132 0.474939 0.0561481 0.0680693
0.0325981 0.095564 0.871538 9.9973E-05 9.9973E-05 9.9973E-05
9.9982E-05 0.0328187 0.865143 9.9982E-05 0.100882 0.000955753
9.9973E-05 9.9973E-05 0.741177 0.234211 9.9973E-05 0.0243128
0.0371238 9.9982E-05 0.451222 0.468777 0.042677 9.9982E-05
0.216505 0.00316161 0.168893 0.533877 0.0188451 0.0587184
0.00360928 9.9991E-05 0.376706 0.486859 0.0800575 0.0526683
0.086806 9.9991E-05 0.599275 0.118609 0.163102 0.0321091
0.0556383 9.9982E-05 0.454544 0.243199 0.246419 9.9982E-05
0.120994 9.9991E-05 0.270906 0.440918 0.0587718 0.10831
0.0723261 9.9982E-05 0.492977 0.340873 0.093624 9.9982E-05
0.0581617 9.9982E-05 0.408755 0.442955 0.089929 9.9982E-05
0.00333119 0.0748013 0.510108 0.41156 9.9982E-05 9.9982E-05
0.016206 0.216698 0.753082 9.9991E-05 0.00191883 0.0119945
0.0338275 0.00234453 0.271094 0.592457 0.0992551 0.00102175
0.838876 9.9991E-05 0.017934 0.070301 0.0501021 0.0226871
0.93125 9.9964E-05 9.9964E-05 0.06835 9.9964E-05 9.9964E-05
0.871322 9.9973E-05 9.9973E-05 0.0730906 9.9973E-05 0.055287
0.922248 9.9973E-05 0.062158 9.9973E-05 9.9973E-05 0.0152937
0.884228 9.9982E-05 0.0231974 0.0898376 9.9982E-05 0.00253745
0.892227 0.0112409 0.0212498 0.0451223 9.9991E-05 0.0300601
0.916989 9.9973E-05 9.9973E-05 0.0558137 9.9973E-05 0.0268973
0.0977624 9.9991E-05 0.254656 0.475417 0.0319716 0.140092
0.137999 9.9991E-05 0.211582 0.469915 0.0740236 0.106381
0.0608158 9.9982E-05 0.861476 0.0186224 0.0588859 9.9982E-05
0.0621245 0.0866643 0.0531755 0.597531 0.136696 0.0638079
0.033504 9.9991E-05 0.403859 0.408628 0.142651 0.0112574
0.0588247 9.9991E-05 0.319806 0.610728 0.00184898 0.00869242
0.0332056 0.01704 0.418424 0.531131 9.9982E-05 9.9982E-05
0.0330134 9.9982E-05 0.457106 0.383792 9.9982E-05 0.125889
0.0527233 9.9973E-05 0.713614 9.9973E-05 0.233363 9.9973E-05
0.0783696 0.0241647 0.158586 0.414123 0.169627 0.15513
0.0524068 0.0342152 0.184623 0.728555 9.9982E-05 9.9982E-05
0.0767555 9.9991E-05 0.137767 0.516368 0.165253 0.103756
9.9982E-05 0.17728 0.483816 0.310195 9.9982E-05 0.0285098
0.0665248 9.9973E-05 0.393248 0.539927 9.9973E-05 9.9973E-05
0.0161346 0.0377099 0.419077 0.431868 0.0951105 9.9991E-05
9.9973E-05 9.9973E-05 0.644833 0.216051 9.9973E-05 0.138817
0.0981287 9.9982E-05 0.384488 0.413368 0.103815 9.9982E-05
0.0667353 9.9991E-05 0.183369 0.514525 0.124125 0.111145
0.0421222 0.0981331 0.174351 0.21434 0.416108 0.0549454
0.0949328 0.0406589 0.019499 0.462027 0.344391 0.0384905
0.134832 9.9991E-05 0.0419747 0.600271 0.1811 0.041722
0.161293 0.0380079 0.127757 0.604718 0.0681234 9.9991E-05
0.0299747 0.0184845 0.00409884 0.534014 0.413328 9.9991E-05
0.015833 0.0219148 0.0733888 0.574053 0.26734 0.04747
0.026907 9.9991E-05 0.0281956 0.567925 0.375034 0.00183784
0.0629653 0.135789 0.0858578 0.501521 0.209597 0.00426987
0.0180504 0.0810007 0.0237407 0.563881 0.139525 0.173802
0.0767711 9.9982E-05 0.142082 0.579946 0.201001 9.9982E-05
9.9982E-05 0.0202546 0.0459364 0.539408 0.394201 9.9982E-05
9.9991E-05 0.195247 0.0544318 0.612183 0.063121 0.0749179
0.0164802 0.0412231 0.0949869 0.569489 0.166333 0.111487
0.00870043 9.9991E-05 0.108724 0.619274 0.246383 0.0168184
0.0888284 0.174175 0.0101606 0.597476 0.070812 0.0585481
9.9991E-05 0.0444042 0.122615 0.469608 0.195854 0.167419
0.0798574 0.138819 9.9982E-05 0.458575 0.322549 9.9982E-05
9.9982E-05 0.0130809 0.0307556 0.706545 0.249418 9.9982E-05
0.00211734 0.115315 9.9991E-05 0.68273 0.152392 0.0473458
0.00530612 0.0139762 0.244725 0.208256 0.434171 0.0935661
9.9991E-05 0.261336 0.193397 0.123512 0.350469 0.0711852
0.00248127 0.0522451 0.0555199 0.626359 0.263295 9.9991E-05
9.9991E-05 0.242858 0.264421 0.139446 0.327874 0.0253003
0.0611592 0.0163076 0.180783 0.297025 0.444625 9.9991E-05
0.0115653 0.0147004 0.154621 0.497708 0.321305 9.9991E-05
0.0937157 0.0312118 0.0868006 0.396525 0.391647 9.9991E-05
9.9982E-05 0.101156 0.0830345 0.329584 0.486025 9.9982E-05
0.0916526 0.0181996 0.107526 0.602884 0.0931834 0.0865541
0.0628759 0.0760504 0.159208 0.523401 0.0832934 0.0951721
0.0465532 0.0384451 0.120656 0.568464 0.21149 0.0143921
9.9991E-05 0.313579 0.138312 0.168782 0.345716 0.0335111
0.127602 0.200036 0.0367962 0.545971 0.089495 9.9991E-05
0.0337299 0.275883 0.0958952 0.523797 0.0404325 0.0302622
0.102498 0.497255 0.237095 0.0222162 0.140836 9.9991E-05
0.12325 0.0323571 0.243062 0.548675 9.9991E-05 0.0525553
0.0760793 0.252269 0.210257 0.382827 0.053105 0.0254624
0.0795488 0.129157 0.0427729 0.51097 0.144892 0.0926587
0.0637106 0.392507 0.127503 0.357424 0.0481685 0.0106871
0.0283022 0.415553 0.201958 0.213708 0.140379 9.9991E-05
9.9982E-05 0.22868 0.16466 0.450882 0.155578 9.9982E-05
0.0414721 0.139344 0.0552379 0.474758 0.159731 0.129458
0.169964 0.139857 0.0723276 0.455852 0.161899 9.9991E-05
0.0384381 0.34524 0.31273 9.9991E-05 0.151663 0.151829
0.101856 0.15726 0.101121 0.639562 9.9982E-05 9.9982E-05
9.9982E-05 0.253403 0.212941 0.453457 0.0799992 9.9982E-05
9.9982E-05 0.158146 0.265884 0.480365 0.0954057 9.9982E-05
0.124004 0.0654671 0.19421 0.487274 0.0392655 0.0897786
0.248159 0.314602 0.00472688 0.175556 0.0185015 0.238455
0.491393 0.398311 9.9973E-05 9.9973E-05 9.9973E-05 0.109996
0.387445 0.482309 9.9973E-05 9.9973E-05 9.9973E-05 0.129946
0.389523 0.21978 9.9982E-05 0.0973611 9.9982E-05 0.293136
9.9973E-05 0.257995 9.9973E-05 0.715591 0.0261139 9.9973E-05
0.0266103 0.0845055 0.164564 0.532286 0.191934 9.9991E-05
9.9964E-05 9.9964E-05 9.9964E-05 0.360038 9.9964E-05 0.639562
0.0192348 0.00358385 0.0635975 0.407062 0.0850843 0.421438
9.9991E-05 0.0951706 0.0589402 0.343787 0.118309 0.383693
9.9982E-05 0.423029 0.155391 0.386449 0.034931 9.9982E-05
0.0741221 0.0947316 0.142821 0.492457 0.0980084 0.0978597
9.9973E-05 0.584623 0.121573 0.293505 9.9973E-05 9.9973E-05
0.0278415 0.243222 0.0414263 0.658858 0.028553 9.9991E-05
9.9991E-05 0.282223 0.129551 0.413731 0.102925 0.0714698
9.9991E-05 0.191679 0.0984304 0.565448 0.0628835 0.0814589
9.9982E-05 0.462023 0.205588 0.27008 0.0621095 9.9982E-05
0.0551767 0.0598837 0.179523 0.494444 0.0105545 0.200418
0.040886 0.144665 0.135143 0.647526 0.0279188 0.00386099
9.9964E-05 9.9964E-05 0.0332644 9.9964E-05 9.9964E-05 0.966336
9.9973E-05 9.9973E-05 9.9973E-05 0.0822632 0.0221711 0.895266
0.0486977 0.024922 0.0564076 0.180812 0.0873883 0.601773
9.9973E-05 9.9973E-05 9.9973E-05 0.281489 0.0237015 0.694509
9.9982E-05 9.9982E-05 0.0294058 0.132823 0.0278753 0.809696
9.996E-05 9.996E-05 9.996E-05 9.996E-05 9.996E-05 0.9995
9.9964E-05 9.9964E-05 9.9964E-05 9.9964E-05 0.0255671 0.974033
9.9964E-05 9.9964E-05 9.9964E-05 0.162529 9.9964E-05 0.837071
9.9964E-05 9.9964E-05 9.9964E-05 9.9964E-05 0.0316042 0.967996
9.996E-05 9.996E-05 9.996E-05 9.996E-05 9.996E-05 0.9995
9.996E-05 9.996E-05 9.996E-05 9.996E-05 9.996E-05 0.9995
0.0149035 9.9982E-05 0.0553464 0.137275 9.9982E-05 0.792275
0.0507234 9.9982E-05 9.9982E-05 0.0666694 0.0231184 0.859289
9.9964E-05 9.9964E-05 0.0207786 9.9964E-05 9.9964E-05 0.978822
0.087978 9.9991E-05 0.0703134 0.360168 0.0517481 0.429693
0.0105232 0.0124827 9.9991E-05 0.242923 0.0471624 0.686808
0.0449621 0.0167729 9.9991E-05 0.188093 0.0408564 0.709216
0.00298698 9.9982E-05 9.9982E-05 0.0204401 0.10863 0.867743
9.996E-05 9.996E-05 9.996E-05 9.996E-05 9.996E-05 0.9995
0.0399596 9.9973E-05 9.9973E-05 0.106661 9.9973E-05 0.85308
9.996E-05 9.996E-05 9.996E-05 9.996E-05 9.996E-05 0.9995
0.067024 9.9991E-05 0.0771407 0.108537 0.0428949 0.704303
0.0387802 9.9982E-05 0.0703966 0.0236716 9.9982E-05 0.866952
0.293277 0.592404 0.0889101 9.9991E-05 0.00719786 0.0181114
0.189414 0.152156 9.9991E-05 0.473873 0.127576 0.0568813
0.20048 0.264339 9.9991E-05 0.481286 0.0488679 0.00492669
0.217362 0.465494 9.9991E-05 0.250912 0.0188079 0.0473238
0.0505876 0.354688 0.0127028 0.415534 9.9991E-05 0.166387
0.2228 0.388264 0.0293104 0.287124 9.9991E-05 0.0724023
0.172699 0.113913 0.102809 0.465765 0.0519979 0.0928169
0.075647 0.358752 9.9982E-05 0.370895 9.9982E-05 0.194506
0.146774 0.209981 0.0188317 0.48159 0.0509544 0.0918698
0.133232 0.33609 9.9982E-05 0.356542 9.9982E-05 0.173937
0.139299 0.221621 0.019303 0.511768 0.0332922 0.0747172
0.850521 0.00699368 0.0226226 0.0149281 0.0934502 0.0114842
0.922393 9.9973E-05 0.0196771 9.9973E-05 9.9973E-05 0.0576305
0.927253 0.00612358 9.9973E-05 9.9973E-05 0.0663239 9.9973E-05
0.939604 9.9964E-05 9.9964E-05 9.9964E-05 0.0599961 9.9964E-05
0.885467 0.0217455 9.9991E-05 0.0136239 0.0742371 0.00482655
0.86747 0.0541312 0.000452377 9.9982E-05 9.9982E-05 0.0777466
0.882693 9.9973E-05 9.9973E-05 0.0207269 9.9973E-05 0.0962801
0.863392 0.136208 9.9964E-05 9.9964E-05 9.9964E-05 9.9964E-05
0.932511 9.99754E-05 0.0420543 0.0251345 9.99754E-05 9.99754E-05
0.839181 0.0554342 9.9973E-05 9.9973E-05 9.9973E-05 0.105085
0.612267 0.0217528 0.110196 9.9982E-05 0.255584 9.9982E-05
0.618449 9.9982E-05 0.00343729 9.9982E-05 0.375373 0.00254041
0.492422 0.116315 0.0495959 9.9982E-05 0.341466 9.9982E-05
0.510074 0.0447801 0.0766275 9.9982E-05 0.368319 9.9982E-05
0.0334376 0.0552244 0.245173 0.515121 0.150944 9.9991E-05
0.0368194 9.9991E-05 0.340642 0.524467 0.0805794 0.0173924
0.0546802 0.0281094 0.156825 0.460517 0.162515 0.137354
0.068947 9.9982E-05 0.266478 0.405107 0.259269 9.9982E-05
9.9973E-05 9.9973E-05 0.152047 0.212477 0.635176 9.9973E-05
0.0728577 9.9982E-05 0.250915 0.60345 0.0725774 9.9982E-05
9.9973E-05 9.9973E-05 0.305512 0.599662 0.0945264 9.9973E-05
9.9991E-05 0.0193347 0.3494 0.493443 0.124588 0.0131336
9.9973E-05 9.9973E-05 0.591043 0.321486 9.9973E-05 0.0871715
0.0564917 0.0218456 0.143657 0.642584 0.0636598 0.0717622
9.9982E-05 9.9982E-05 0.409301 0.412167 0.174899 0.00343354
9.9973E-05 0.103619 0.831738 9.9973E-05 0.0643437 9.9973E-05
0.0780754 0.00950752 0.116798 0.496223 0.237975 0.061421
9.9982E-05 0.195832 0.521581 0.251449 9.9982E-05 0.0309375
0.00853082 0.0312146 0.406044 0.525548 0.028563 9.9991E-05
0.0635351 9.9982E-05 0.612573 0.117252 0.206439 9.9982E-05
0.132872 0.101201 9.9982E-05 0.0409828 0.724743 9.9982E-05
0.107149 0.0496568 9.9982E-05 0.0627861 0.780208 9.9982E-05
0.0443908 0.0963364 9.9973E-05 9.9973E-05 0.858973 9.9973E-05
0.0899557 0.0722745 9.9973E-05 9.9973E-05 0.83747 9.9973E-05
9.9973E-05 0.141938 9.9973E-05 0.0531843 0.804578 9.9973E-05
0.0328903 0.0639417 9.9991E-05 0.0745246 0.757916 0.0706275
0.870145 9.9982E-05 0.0024136 0.117873 9.9982E-05 0.00936872
0.813629 9.9982E-05 9.9982E-05 0.0320065 0.10389 0.0502748
0.77196 9.9982E-05 9.9982E-05 0.124635 0.00995294 0.0932527
0.747893 9.9982E-05 9.9982E-05 0.0204364 0.0902603 0.14121
0.811658 9.9982E-05 9.9982E-05 0.0664912 0.0343658 0.0872846
0.359694 0.0814994 9.9973E-05 9.9973E-05 0.558506 9.9973E-05
0.437183 0.12307 9.9973E-05 9.9973E-05 0.439448 9.9973E-05
0.445147 0.00221154 0.0486204 9.9982E-05 0.503822 9.9982E-05
0.832892 9.9973E-05 9.9973E-05 0.135345 0.0314625 9.9973E-05
0.36537 9.9973E-05 0.049014 9.9973E-05 0.585316 9.9973E-05
0.211125 0.155751 9.9991E-05 0.251099 0.0268437 0.355082
0.100198 0.0662384 9.9991E-05 0.547638 0.0775151 0.208311
0.20106 9.9973E-05 9.9973E-05 0.537672 9.9973E-05 0.260968
0.274653 0.144318 0.0714771 0.334024 9.9991E-05 0.175427
0.142242 0.0142357 0.128776 0.553527 0.0507769 0.110442
0.397382 0.30675 9.9973E-05 9.9973E-05 9.9973E-05 0.295569
9.9982E-05 0.029272 0.158145 0.43826 0.374123 9.9982E-05
0.0188118 0.165153 0.082104 0.435284 0.298547 9.9991E-05
0.0968104 0.00683008 0.0383793 0.311802 0.546078 9.9991E-05
9.9991E-05 0.0765859 0.217917 0.484566 0.194412 0.0264196
9.9973E-05 0.461191 0.363413 9.9973E-05 0.175095 9.9973E-05
0.127113 0.120924 0.0836971 0.524474 0.0747718 0.0690202
9.9991E-05 0.115385 0.146988 0.468362 0.219462 0.049703
0.00890168 0.0425695 0.0784022 0.418948 0.451079 9.9991E-05
0.127941 0.0708045 0.144101 0.467904 0.144027 0.0452238
9.9982E-05 0.285196 0.279263 0.117718 0.317623 9.9982E-05
9.9991E-05 0.195768 0.100011 0.546791 0.128695 0.0286347
9.9982E-05 9.9982E-05 0.137755 0.52861 0.299063 0.0343727
0.127555 0.0631843 0.0900544 0.364279 0.119494 0.235434
9.9991E-05 0.159635 0.124208 0.363961 0.314442 0.0376538
9.9991E-05 0.0171688 0.130608 0.464738 0.321697 0.0656876
9.9982E-05 0.18283 0.139832 0.553083 0.124055 9.9982E-05
0.0161045 0.106483 0.187171 0.556321 0.0955833 0.0383367
0.0646345 0.00599147 0.111261 0.550274 0.166241 0.101599
0.105076 0.0263653 0.0631893 0.54175 0.17758 0.08604
0.0824799 0.0190706 0.0836376 0.486373 0.215452 0.112987
0.806717 9.9982E-05 0.00037499 0.124626 9.9982E-05 0.0680824
0.834254 9.9982E-05 0.0646558 0.0434827 9.9982E-05 0.0574071
0.755262 0.101731 0.063503 0.0110366 0.0290378 0.03943
0.848806 9.9982E-05 0.135325 0.00584887 9.9982E-05 0.0098195
0.848942 9.9964E-05 9.9964E-05 0.150658 9.9964E-05 9.9964E-05
9.9991E-05 0.0889729 0.0815865 0.161249 0.616488 0.0516036
0.0346227 0.0623912 0.0826448 0.600201 0.192926 0.0272146
0.150771 0.142826 0.0840485 0.430185 0.0424287 0.149741
0.00585751 0.113839 9.9991E-05 0.667669 0.141734 0.0708007
0.0338453 9.9991E-05 0.206708 0.468723 0.277691 0.0129319
9.9982E-05 0.252347 9.9982E-05 0.387141 0.300868 0.059444
0.156534 0.0703973 0.200121 0.0254784 0.547369 9.9991E-05
0.0325975 0.0150447 0.166811 0.493684 0.245414 0.0464491
0.00611427 0.09746 0.0893639 0.148954 0.580338 0.0777696
0.0405357 0.191441 0.141847 0.440797 0.110613 0.0747656
0.129486 0.127447 0.122369 0.125886 0.463132 0.0316809
0.121854 9.9991E-05 0.0286273 0.585495 0.223008 0.0409154
0.0936524 0.0939956 0.0635444 0.222506 0.526202 9.9991E-05
0.0340437 0.150358 0.104995 0.309621 0.290285 0.110697
9.9991E-05 0.250647 0.0524005 0.525659 0.145218 0.0259765
9.9982E-05 0.455968 0.0332993 0.388527 0.122006 9.9982E-05
0.0340863 0.186828 0.0320488 0.58468 0.11978 0.0425774
0.0961605 0.17094 0.00496443 0.664361 0.0634743 9.9991E-05
9.9982E-05 0.401811 0.0554219 0.412063 0.130504 9.9982E-05
0.0601682 0.156731 0.0647343 0.604299 0.0833084 0.030759
0.068265 0.197084 0.191155 0.543295 9.9982E-05 9.9982E-05
9.9982E-05 0.54797 0.182947 0.149846 0.119037 9.9982E-05
9.9973E-05 0.554937 0.150158 0.294605 9.9973E-05 9.9973E-05
9.9982E-05 0.318931 0.0399661 0.572734 0.0681691 9.9982E-05
9.9982E-05 0.454951 0.183984 0.192018 0.168848 9.9982E-05
9.9982E-05 0.330007 0.143314 0.461062 0.0654159 9.9982E-05
9.9982E-05 9.9982E-05 0.248088 0.0210895 0.644848 0.0857738
9.9991E-05 0.0689263 0.272573 0.241058 0.370095 0.047248
0.0555992 9.9991E-05 0.0567476 0.311776 0.448985 0.126792
0.0131229 0.0178065 0.00677899 0.576337 0.270816 0.115139
9.9982E-05 9.9982E-05 0.200315 0.305993 0.489564 0.00392792
0.0876966 0.048619 0.0787418 0.507635 0.203417 0.0738912
0.0889193 9.9982E-05 9.9982E-05 0.667428 0.177607 0.0658466
0.00633464 9.9991E-05 0.0180024 0.587076 0.300845 0.0876423
9.9982E-05 9.9982E-05 0.12901 0.54369 0.297217 0.0298835
0.0527225 9.9991E-05 0.127658 0.486616 0.297197 0.0357068
9.9982E-05 9.9982E-05 0.257072 0.173546 0.476502 0.0926807
9.9982E-05 9.9982E-05 0.143808 0.255127 0.490055 0.11081
9.9982E-05 9.9982E-05 0.044573 0.584935 0.284917 0.0853749
0.0818319 9.9991E-05 0.231773 0.501187 0.0629405 0.122168
0.0598526 0.0883531 0.0935341 0.472344 0.26851 0.0174058
9.9991E-05 0.0207422 0.0580679 0.459366 0.321601 0.140123
0.10732 9.9991E-05 0.0498872 0.444405 0.383204 0.0150838
0.0578121 0.00239881 0.0868632 0.554278 0.244281 0.0543669
0.0595557 9.9991E-05 0.0347354 0.456071 0.31001 0.139527
0.155385 9.9991E-05 0.123107 0.477334 0.153752 0.0903223
0.339709 9.9991E-05 0.0234612 0.399893 0.0911899 0.145647
0.17471 0.0625827 0.121376 0.445264 9.9991E-05 0.195968
0.222848 0.0844491 0.0265518 0.593353 0.020445 0.0523535
0.0603188 0.0529216 0.068861 0.572363 0.111886 0.13365
0.213333 0.0428339 0.0500107 0.484794 9.9991E-05 0.208929
9.9991E-05 0.20679 0.0657036 0.491476 0.232549 0.00338137
0.177909 0.0345571 0.109912 0.536327 0.0251873 0.116108
0.238095 0.365317 0.230817 9.9991E-05 0.0258633 0.139807
0.0850566 9.9982E-05 9.9982E-05 0.596357 0.0907069 0.227679
0.078238 9.9991E-05 0.10359 0.478446 0.074994 0.264633
0.0540471 0.0715058 9.9991E-05 0.51373 0.112737 0.24788
0.140902 0.154163 0.160381 0.296768 0.0976333 0.150153
0.0997002 0.142409 9.9991E-05 0.455765 0.0756515 0.226374
0.137919 0.0830623 9.9982E-05 0.615188 9.9982E-05 0.16363
0.444345 0.341214 9.9973E-05 9.9973E-05 9.9973E-05 0.214141
0.186746 9.9982E-05 9.9982E-05 0.499095 0.103691 0.210268
0.149636 0.036839 0.0237497 0.554475 0.000545315 0.234755
0.122872 0.060563 0.0839446 0.517099 0.0597183 0.155803
0.2198 0.0462162 9.9982E-05 0.591002 9.9982E-05 0.142783
0.10852 0.0871121 0.0832673 0.52208 0.000529676 0.198491
0.042083 0.112105 0.261537 0.470507 0.086647 0.0271204
0.0554596 0.17646 0.135044 0.459213 9.9991E-05 0.173723
9.9982E-05 0.382479 0.488996 0.0172266 0.111098 9.9982E-05
9.9982E-05 0.396473 0.471328 0.0317596 0.10024 9.9982E-05
0.0281245 0.133098 0.0859767 0.415038 0.14436 0.193403
0.124385 0.130326 9.9982E-05 0.414161 9.9982E-05 0.330929
0.0542056 0.174922 0.0945522 0.336796 9.9991E-05 0.339424
0.206616 0.245488 0.0559749 0.189888 0.0532979 0.248735
0.130695 0.195996 0.0792209 0.303977 9.9991E-05 0.290011
0.00364249 0.562859 0.181813 0.147997 0.0289655 0.074722
0.0797711 0.361903 0.226759 0.19749 9.9991E-05 0.133977
9.9991E-05 0.146225 0.159568 0.558147 0.0316902 0.10427
0.021421 0.188044 0.167308 0.464517 0.0130827 0.145628
0.0611061 0.305304 0.27071 0.228754 0.0213148 0.112811
0.00832423 0.196352 0.0215803 0.551768 0.0756224 0.146354
0.02975 0.156953 0.109055 0.565967 9.9991E-05 0.138176
0.121917 0.139116 0.0563668 0.481046 0.090167 0.111387
9.9982E-05 0.23459 0.325392 0.292019 0.147799 9.9982E-05
9.9991E-05 0.227777 0.315616 0.359125 0.0749145 0.0224668
0.0517578 0.131569 0.112367 0.606845 0.0581245 0.0393365
9.9991E-05 0.242504 0.0883724 0.485166 0.151086 0.0327711
0.000274472 0.20447 0.0717417 0.406793 0.194766 0.121955
9.9982E-05 0.241734 0.205114 0.481637 0.0713156 9.9982E-05
9.9982E-05 0.369566 0.2999 0.236983 0.093351 9.9982E-05
0.011312 0.170833 0.186339 0.631316 9.9982E-05 9.9982E-05
0.0996454 0.0802233 0.138729 0.420181 0.111217 0.150005
9.9982E-05 0.301096 0.340443 0.280738 0.0775232 9.9982E-05
0.0328474 0.218439 0.230689 0.448353 0.0373505 0.0323211
0.0355928 0.0730601 0.205917 0.526263 0.0549553 0.104212
0.0419578 0.168188 0.208319 0.463921 0.0913963 0.026218
0.217346 0.0399654 0.0611561 0.482132 0.0595545 0.139847
0.0864082 0.105792 0.0623699 0.44151 0.13499 0.16893
0.15001 0.121722 0.140232 0.233993 0.0688763 0.285167
0.174669 0.152196 9.9991E-05 0.286774 0.154867 0.231395
0.126674 0.0347351 0.0936811 0.364321 0.0948205 0.285768
0.100295 0.0510775 0.141525 0.375825 0.101366 0.229911
0.180107 0.394838 0.258777 9.9991E-05 0.0220862 0.144092
0.0710552 0.104087 9.9982E-05 0.594325 9.9982E-05 0.230333
0.292847 0.553923 9.9973E-05 9.9973E-05 9.9973E-05 0.15293
0.0214143 0.157805 0.0532259 0.551241 9.9991E-05 0.216214
9.9973E-05 0.355428 0.57422 0.0700513 9.9973E-05 9.9973E-05
9.9973E-05 0.378371 0.580435 9.9973E-05 0.0408939 9.9973E-05
9.9982E-05 0.147028 0.369701 0.480187 9.9982E-05 0.0028843
0.0370165 0.0971951 0.171328 0.69426 9.9982E-05 9.9982E-05
9.9973E-05 0.264435 0.300688 0.434578 9.9973E-05 9.9973E-05
0.0313506 0.0911126 0.356246 0.521091 9.9982E-05 9.9982E-05
9.9991E-05 0.137654 0.269949 0.496736 0.0320025 0.0635575
0.778448 0.026376 0.0452523 0.0465866 0.020435 0.0829016
0.701875 0.018316 9.9982E-05 9.9982E-05 0.155356 0.124253
0.873963 9.9973E-05 9.9973E-05 9.9973E-05 0.0354976 0.0902394
0.950047 0.00823666 9.9973E-05 0.0414165 9.9973E-05 9.9973E-05
0.0699568 9.9991E-05 0.397613 0.461697 0.00167327 0.0689598
0.11845 9.9991E-05 0.36005 0.447289 0.0112728 0.0628395
0.0270866 9.9973E-05 0.461753 0.51086 9.9973E-05 9.9973E-05
0.103712 9.9991E-05 0.186449 0.60561 0.0703868 0.0337434
0.0452439 0.080521 0.212151 0.585133 0.0585314 0.0184196
0.0483191 0.0471761 0.603977 0.229378 0.0710499 9.9991E-05
0.0109397 9.9991E-05 0.353539 0.568539 0.000958981 0.0659235
9.9973E-05 0.142849 0.470047 0.386805 9.9973E-05 9.9973E-05
0.265552 0.0201201 0.0296341 0.421238 0.044711 0.218745
9.9991E-05 0.0455203 0.399215 0.407513 0.0876394 0.0600126
0.0563675 9.9982E-05 0.541162 0.341175 0.0610957 9.9982E-05
9.9982E-05 9.9982E-05 0.393756 0.497361 0.037017 0.0716665
0.0347527 9.9991E-05 0.544205 0.348106 0.0517305 0.0211065
9.9973E-05 9.9973E-05 0.4056 0.571425 9.9973E-05 0.0226746
0.0255442 9.9991E-05 0.35203 0.489052 0.0759621 0.0573115
9.9964E-05 9.9964E-05 0.972682 0.0269185 9.9964E-05 9.9964E-05
0.0112437 0.0857568 0.562394 0.289321 0.0299361 0.0213479
0.0282375 9.9982E-05 0.558398 0.317564 0.0956012 9.9982E-05
9.9964E-05 0.142491 0.857109 9.9964E-05 9.9964E-05 9.9964E-05
0.0415954 0.00497367 0.400795 0.409978 0.0796039 0.0630543
9.9982E-05 0.277269 0.639675 0.0689188 9.9982E-05 0.0139369
0.00936734 0.224445 0.765878 9.9982E-05 0.000110324 9.9982E-05
0.042218 9.9991E-05 0.371827 0.507758 0.00571861 0.0723785
0.0578823 9.9982E-05 0.607936 0.185644 0.148338 9.9982E-05
0.0478984 0.0037376 0.302861 0.416818 0.106489 0.122196
0.155912 0.0381417 0.113616 0.65038 9.9991E-05 0.0418505
9.9982E-05 9.9982E-05 0.336092 0.521894 0.110313 0.0315008
9.9991E-05 0.213558 0.0732316 0.43314 0.263141 0.0168294
9.9991E-05 0.0123426 0.371412 0.527839 0.0281723 0.0601339
9.9991E-05 0.0103517 0.354036 0.405904 0.136941 0.0926669
0.0179446 0.00984061 0.670481 0.301534 9.9982E-05 9.9982E-05
0.0950468 0.0855225 0.232438 0.53172 9.9991E-05 0.0551726
0.601891 0.0595781 9.9982E-05 0.019286 0.319045 9.9982E-05
0.739678 0.0793188 0.0276501 0.0760088 0.0772446 9.9991E-05
0.808988 0.0759735 9.9973E-05 9.9973E-05 0.114738 9.9973E-05
0.824903 0.0370283 0.0324077 9.9982E-05 0.105461 9.9982E-05
0.711543 9.9973E-05 9.9973E-05 0.0291075 0.25905 9.9973E-05
0.0438516 9.9991E-05 0.686836 0.0528466 0.143862 0.0725031
0.0413124 9.9982E-05 0.642568 0.163035 0.152884 9.9982E-05
9.9982E-05 0.0306253 0.830238 0.0730781 9.9982E-05 0.0658583
0.12346 0.0390005 0.235105 0.436632 0.0214569 0.144345
0.152983 9.9991E-05 0.205968 0.554549 0.0249944 0.0614052
9.9991E-05 0.099156 0.595695 0.177106 0.0193092 0.108634
9.9982E-05 0.154831 0.257759 0.567841 9.9982E-05 0.0193693
0.0291426 9.9982E-05 0.478121 0.412444 9.9982E-05 0.080093
0.055591 0.0244974 0.359162 0.507845 0.0342059 0.0186987
0.0772665 9.9991E-05 0.351368 0.530109 0.000869305 0.040287
9.9982E-05 9.9982E-05 0.566485 0.158109 0.19559 0.0796157
0.0147151 9.9982E-05 0.511143 0.375002 0.0989406 9.9982E-05
0.0242469 9.9982E-05 0.565798 0.300905 0.10885 9.9982E-05
0.0308885 0.248782 9.9982E-05 0.660554 0.0595754 9.9982E-05
0.0438372 9.9982E-05 0.521587 0.422431 0.0119444 9.9982E-05
0.0589595 9.9991E-05 0.382809 0.450225 0.070514 0.0373928
0.0761764 0.0215701 9.9991E-05 0.413883 0.0679738 0.420297
0.131619 0.1199 9.9991E-05 0.297166 0.00140758 0.449807
0.09023 0.0666938 9.9982E-05 0.343842 9.9982E-05 0.499034
0.227665 0.0454519 9.9982E-05 0.328937 9.9982E-05 0.397746
0.0836243 0.0289926 0.0295789 0.478968 0.0283492 0.350487
0.0205716 0.127104 0.330429 0.468168 9.9991E-05 0.0536276
0.249567 0.022445 0.032102 0.0267292 9.9991E-05 0.669057
0.188931 9.9982E-05 0.0508995 0.260468 9.9982E-05 0.499502
0.130363 0.212546 0.0271451 0.525502 9.9991E-05 0.104344
0.118854 0.209046 9.9973E-05 0.6718 9.9973E-05 9.9973E-05
0.0119648 0.30269 9.9991E-05 0.470456 0.170996 0.0437935
0.0782327 0.177525 9.9982E-05 0.694379 0.0496634 9.9982E-05
0.0609321 0.154004 0.0905876 0.602444 0.0572402 0.034792
0.190286 9.9973E-05 9.9973E-05 0.31429 9.9973E-05 0.495123
0.10772 9.9982E-05 9.9982E-05 0.419697 0.11087 0.361513
0.0201907 0.0820531 9.9991E-05 0.443 0.0244978 0.430159
0.154469 0.00516811 9.9991E-05 0.381131 0.0964829 0.362649
0.165362 9.9982E-05 0.0462702 0.214498 9.9982E-05 0.57367
0.140297 0.0699622 0.0754288 0.306583 0.0137337 0.393996
0.0835895 0.0652433 0.0115185 0.142717 0.0600442 0.636888
0.0365063 9.9982E-05 9.9982E-05 0.402533 0.125466 0.435295
0.0369873 0.305931 0.0686389 0.56064 9.9991E-05 0.0277035
0.180431 0.0390917 9.9991E-05 0.254329 0.107475 0.418573
0.198762 0.0520647 9.9982E-05 0.194906 9.9982E-05 0.554067
0.0655129 0.0588008 0.0217996 0.386822 0.0762699 0.390794
0.113107 0.345402 0.0351149 0.279326 0.22695 9.9991E-05
9.9991E-05 0.241341 0.0538763 0.587078 0.0522585 0.0653459
0.0830972 0.110921 9.9991E-05 0.308751 0.137206 0.359925
0.112393 0.0692331 9.9991E-05 0.699151 0.0810854 0.0380377
0.146727 0.168622 0.0311423 0.597026 0.0563825 9.9991E-05
0.227369 0.0229831 0.135053 0.290733 0.0904897 0.233372
0.202139 0.0525394 0.0707726 0.305792 0.0417703 0.326987
0.189857 0.0422368 0.146974 0.520754 9.9991E-05 0.100079
0.192045 9.9982E-05 0.0908189 0.352332 9.9982E-05 0.364604
0.0811657 0.0976645 9.9982E-05 0.360705 9.9982E-05 0.460265
0.186417 0.0651429 9.9982E-05 0.0937483 9.9982E-05 0.654492
0.112799 0.204957 9.9991E-05 0.652032 0.0203865 0.00972608
0.100714 0.181519 0.160998 0.46844 0.0882299 9.9991E-05
0.0591718 0.548986 0.104126 0.275937 0.0116789 9.9991E-05
0.112892 9.9991E-05 0.131764 0.616477 0.0816126 0.0571541
0.0574784 0.235231 0.0319762 0.453093 0.181304 0.0409181
0.204512 0.0992663 0.0743661 0.472394 9.9991E-05 0.149362
0.0796074 0.111491 0.0788441 0.453428 0.149722 0.126907
0.23556 0.575335 9.9973E-05 9.9973E-05 9.9973E-05 0.188805
0.220211 0.733614 9.9973E-05 9.9973E-05 9.9973E-05 0.045875
0.10289 0.394442 9.9991E-05 0.367262 0.0230067 0.112299
0.323119 0.425858 9.9982E-05 0.0753883 9.9982E-05 0.175434
0.345011 0.42194 9.9973E-05 9.9973E-05 9.9973E-05 0.23275
0.137837 0.277052 0.0520254 0.391138 9.9991E-05 0.141847
0.198676 0.234874 9.9982E-05 0.413619 9.9982E-05 0.152631
0.240828 0.335183 0.0673353 0.160527 0.00470244 0.191425
0.186994 0.510182 9.9982E-05 0.121286 9.9982E-05 0.181337
0.164977 0.212036 9.9991E-05 0.53673 0.00129228 0.084864
0.15805 0.479702 0.0767832 0.209034 9.9991E-05 0.0763306
0.327481 0.652831 9.9973E-05 9.9973E-05 9.9973E-05 0.0193879
0.0749139 0.0662655 0.0207729 0.508026 0.149629 0.180392
0.122276 0.188832 0.00185386 0.323439 0.101924 0.261675
0.271628 9.9991E-05 0.0881749 0.434242 0.0253249 0.18053
0.174321 0.00476456 9.9982E-05 0.585424 9.9982E-05 0.23529
0.046211 0.146823 0.0952169 0.449406 0.083749 0.178594
0.195848 9.9991E-05 0.0772523 0.449792 0.0575734 0.219434
0.105936 0.155202 0.0130305 0.483056 9.9991E-05 0.242676
0.314027 0.0975365 9.9982E-05 0.391444 9.9982E-05 0.196792
0.167104 0.0526158 9.9991E-05 0.579418 0.0187758 0.181987
0.177752 9.9982E-05 0.0808177 0.450034 9.9982E-05 0.291196
0.221869 0.152297 0.0504553 0.330412 9.9991E-05 0.244866
0.201986 9.9991E-05 0.319254 0.214336 0.0967248 0.167599
0.174078 0.0119092 0.0980489 0.48047 0.0685169 0.166977
0.136692 0.0373712 9.9991E-05 0.602527 0.0887297 0.13458
0.131554 0.00675765 0.189018 0.547626 0.00551478 0.119529
0.31861 0.0326229 9.9991E-05 0.321304 0.00770242 0.319662
0.192208 0.0880564 9.9991E-05 0.471388 0.0133309 0.234917
0.371113 0.18508 0.104628 0.108951 9.9991E-05 0.230128
0.0967243 0.0682828 9.9991E-05 0.470452 0.111727 0.252714
0.260554 0.192182 0.0350843 0.165875 9.9991E-05 0.346205
0.795572 0.0337696 0.0841273 9.9982E-05 0.0863309 9.9982E-05
0.0991629 9.9973E-05 9.9973E-05 0.130846 0.769691 9.9973E-05
0.0211843 9.9964E-05 9.9964E-05 9.9964E-05 0.978416 9.9964E-05
0.0145737 9.9964E-05 9.9964E-05 9.9964E-05 0.985026 9.9964E-05
9.9973E-05 9.9973E-05 9.9973E-05 0.00649039 0.957741 0.035469
9.9964E-05 9.9964E-05 9.9964E-05 9.9964E-05 0.945828 0.0537721
9.9973E-05 9.9973E-05 0.00743747 0.0661837 0.926079 9.9973E-05
0.0589637 9.9964E-05 9.9964E-05 9.9964E-05 0.940636 9.9964E-05
0.215879 9.9973E-05 9.9973E-05 9.9973E-05 0.767762 0.0160586
0.913823 0.0311075 9.9991E-05 0.0192695 0.0344028 0.00129743
0.825121 9.9991E-05 0.00863327 0.0283778 0.118794 0.018974
0.886772 0.0351527 9.9982E-05 0.0246601 9.9982E-05 0.0532154
0.834031 0.0810983 9.9982E-05 0.0119275 0.0727429 9.9982E-05
0.861009 9.9973E-05 9.9973E-05 9.9973E-05 0.0874231 0.051268
0.878076 9.9982E-05 0.00814259 9.9982E-05 0.10585 0.00773181
0.723696 9.9982E-05 9.9982E-05 0.104542 0.0844202 0.0871414
0.841692 0.0449956 0.0333792 0.0282733 9.9991E-05 0.0515601
0.732245 9.9991E-05 0.0574261 0.0743458 0.095378 0.0405056
0.927035 9.9973E-05 0.0174518 9.9973E-05 9.9973E-05 0.0552133
0.96119 9.9973E-05 0.0268593 9.9973E-05 0.0116505 9.9973E-05
0.878146 0.0187332 0.0162027 0.00903305 0.0424893 0.0353963
0.947898 0.016695 9.9982E-05 9.9982E-05 0.0329 0.00230738
0.902542 0.0369536 9.9973E-05 0.060204 9.9973E-05 9.9973E-05
0.838539 9.9991E-05 0.000828207 0.0667448 0.0164451 0.077343
0.82785 9.9973E-05 9.9973E-05 0.128787 9.9973E-05 0.0430632
0.797627 9.9973E-05 9.9973E-05 0.0406954 9.9973E-05 0.161377
0.778396 9.9973E-05 9.9973E-05 0.146374 9.9973E-05 0.0749294
0.778622 9.9973E-05 9.9973E-05 0.119479 9.9973E-05 0.101598
0.100565 0.273532 0.021597 0.433528 0.170678 9.9991E-05
0.081891 0.0841541 0.0746115 0.730903 0.0283409 9.9991E-05
0.154317 9.9982E-05 0.22708 0.575178 9.9982E-05 0.0432246
9.9973E-05 0.65475 0.161703 0.183247 9.9973E-05 9.9973E-05
0.0826392 0.230542 9.9982E-05 0.548565 0.138054 9.9982E-05
0.109273 0.697979 0.0370865 0.155461 9.9982E-05 9.9982E-05
0.129552 0.162622 9.9982E-05 0.630108 0.0775184 9.9982E-05
0.0487837 0.175174 0.139809 0.425988 0.210145 9.9991E-05
0.010956 0.221561 0.0246442 0.598763 0.143975 9.9991E-05
0.0577844 9.9991E-05 0.365041 0.462853 0.0545802 0.0596414
0.0345607 0.311252 9.9982E-05 0.508296 0.145692 9.9982E-05
0.0595966 0.22574 9.9991E-05 0.682413 0.029563 0.00258765
0.0455074 0.192907 9.9991E-05 0.609416 0.14531 0.00675972
9.9991E-05 0.0946823 0.315689 0.023233 0.502371 0.0639249
9.9982E-05 0.773719 0.107762 0.0129952 0.105324 9.9982E-05
9.9973E-05 0.714935 9.9973E-05 0.24012 0.0446454 9.9973E-05
0.100897 0.182125 9.9991E-05 0.661666 0.0187975 0.0364139
0.0276897 0.280877 0.00795749 0.550483 0.111589 0.0214037
0.107067 0.227273 0.0808634 0.584597 9.9982E-05 9.9982E-05
0.0503367 0.082728 0.0784797 0.658054 0.0948001 0.0356013
0.146383 0.104588 9.9982E-05 0.536382 9.9982E-05 0.212447
0.16106 9.9991E-05 0.00345823 0.611 0.0285359 0.195846
0.406692 0.104434 0.0673659 0.181072 0.101736 0.1387
0.191476 9.9991E-05 0.0876521 0.651106 0.0555505 0.0141148
0.201972 9.9991E-05 0.102769 0.363791 0.103465 0.227903
0.373176 0.441873 0.0117158 9.9991E-05 0.00429388 0.168841
0.266949 0.124353 0.110602 0.235094 9.9991E-05 0.262902
0.332898 9.9991E-05 0.0847618 0.296348 0.113593 0.1723
0.332727 0.0216701 0.0261521 0.40122 0.150754 0.0674767
0.1926 0.038319 0.0715794 0.514967 0.0505589 0.131976
0.222868 0.12155 9.9991E-05 0.492878 9.9991E-05 0.162504
0.147429 0.0479057 0.012442 0.595172 0.0512393 0.145812
0.0869915 0.19391 0.17173 0.309561 0.0291632 0.208644
0.472495 9.9991E-05 0.0642984 0.314582 0.0211993 0.127326
