9.9973E-05 0.834574 0.0910069 9.9973E-05 0.0508199 0.0163111 9.9973E-05 0.00698794
0.0117277 0.914921 0.0195989 0.0533529 9.9964E-05 9.9964E-05 9.9964E-05 9.9964E-05
9.9973E-05 0.703778 0.102698 9.9973E-05 0.0325745 0.08449 9.9973E-05 0.07616
9.9973E-05 0.722402 0.0295068 9.9973E-05 0.10078 0.068177 9.9973E-05 0.0788343
9.9964E-05 0.850755 9.9964E-05 0.0431554 9.9964E-05 0.069876 9.9964E-05 0.0358141
0.0622328 0.540157 0.0398213 0.0119438 0.07768 0.0568072 0.170731 0.0406271
9.9982E-05 0.706921 0.091258 0.0246267 0.0517573 9.9982E-05 0.120892 0.0043448
0.00855473 0.640336 0.0492506 0.056571 0.142276 9.9991E-05 0.0551145 0.0477978
0.0737139 0.809741 0.0211904 9.99729E-05 0.0565609 9.99729E-05 0.0384935 9.99729E-05
9.9991E-05 0.643013 0.0766041 0.0706003 0.0347255 0.0893355 0.0283233 0.0572986
9.9982E-05 0.733141 0.0011995 0.00649051 0.0993672 0.0480784 0.111524 9.9982E-05
0.277803 9.9982E-05 0.0200897 9.9982E-05 0.365903 0.237662 0.0318035 0.0665397
0.115528 9.9973E-05 0.0928257 9.9973E-05 0.222203 0.499197 9.9973E-05 0.0699468
0.131747 9.9991E-05 0.0601463 0.0495896 0.354205 0.167487 0.113361 0.123365
0.0871475 0.00297912 0.067591 0.0484838 0.289408 0.322806 0.0304721 0.151113
0.126542 0.0974384 9.9991E-05 0.00620814 0.213273 0.357925 0.0369006 0.161613
0.0462912 9.9991E-05 0.0888138 0.101046 0.128265 0.566674 0.00122706 0.0675832
0.189522 9.9982E-05 0.0680097 9.9982E-05 0.141016 0.443493 0.106325 0.0514352
0.180068 0.121539 0.00933375 9.9991E-05 0.276655 0.323867 0.0115955 0.0768425
0.155085 9.9982E-05 0.0305234 0.0135071 0.575022 9.9982E-05 0.158937 0.0667255
0.237668 9.9991E-05 0.0361036 0.00522178 0.198121 0.350043 0.0574029 0.115339
0.188494 9.9982E-05 0.0286941 9.9982E-05 0.196554 0.3771 0.107575 0.101383
0.157593 0.0615185 9.9973E-05 9.9973E-05 0.202799 0.486736 9.9973E-05 0.0910537
0.342665 9.9982E-05 0.0437841 9.9982E-05 0.255255 0.208798 0.00594296 0.143354
0.170348 0.0661034 0.0231146 9.9982E-05 0.0906818 0.456494 9.9982E-05 0.193058
0.0861874 0.0257817 0.0181306 9.9991E-05 0.23396 0.440555 0.0357699 0.159515
0.194852 9.9982E-05 0.0825001 9.9982E-05 0.416543 0.233273 0.0208447 0.0517868
0.256358 9.9982E-05 0.0304182 9.9982E-05 0.319559 0.156108 0.0192749 0.218082
0.163216 0.0189171 9.9991E-05 0.0400349 0.426792 0.18305 0.150605 0.0172846
9.994E-05 9.994E-05 0.9993 9.994E-05 9.994E-05 9.994E-05 9.994E-05 9.994E-05
9.994E-05 9.994E-05 0.9993 9.994E-05 9.994E-05 9.994E-05 9.994E-05 9.994E-05
0.0157339 0.500293 0.364623 9.9982E-05 0.00137802 0.0704395 9.9982E-05 0.0473331
0.0586048 0.533189 0.288174 9.9973E-05 9.9973E-05 0.0914473 9.9973E-05 0.0282852
0.193965 0.10543 9.9991E-05 0.0480569 0.04074 0.571154 0.0375517 0.0030022
0.362656 0.154768 9.9955E-05 9.9955E-05 9.9955E-05 0.482077 9.9955E-05 9.9955E-05
0.41216 0.0119771 9.9964E-05 9.9964E-05 9.9964E-05 0.504974 9.9964E-05 0.0704882
0.198785 0.0896156 0.0232161 0.00880787 0.482689 0.196686 9.9982E-05 9.9982E-05
0.537366 9.9982E-05 0.0331014 0.00676939 9.9982E-05 0.310302 0.111867 0.000393637
0.20428 0.0400361 0.0105493 0.0840333 0.0848119 0.516917 0.0163862 0.0429864
0.16484 0.0623565 9.9973E-05 9.9973E-05 0.030517 0.683099 9.9973E-05 0.0588876
0.0708526 0.103425 0.0112776 9.9991E-05 0.08951 0.591253 0.131143 0.0024399
0.101585 0.0739064 0.0309266 0.00214928 0.0669561 0.681009 0.0119251 0.0315422
0.659277 9.9973E-05 0.0164657 9.9973E-05 0.162883 0.117313 0.0437621 9.9973E-05
0.0659013 0.0506045 9.9973E-05 9.9973E-05 0.0109774 0.652845 0.219372 9.9973E-05
0.247645 0.0370548 0.0556305 0.0153444 9.9991E-05 0.530416 0.100806 0.0130024
0.0794807 0.0585636 0.0954792 0.0152051 0.108614 0.601716 0.0408421 9.9991E-05
0.555216 9.9955E-05 9.9955E-05 0.0919131 9.9955E-05 0.352371 9.9955E-05 9.9955E-05
0.275548 0.0616736 9.9973E-05 9.9973E-05 9.9973E-05 0.642697 0.00212349 0.0176572
0.0942679 0.147098 0.044813 0.147118 9.9991E-05 0.461279 0.00275881 0.102566
0.70893 0.058632 9.9964E-05 0.0379838 9.9964E-05 9.9964E-05 0.194055 9.9964E-05
0.284031 9.9973E-05 0.000772993 9.9973E-05 0.452427 0.164097 0.0983709 9.9973E-05
0.267582 9.9991E-05 0.00995676 0.165604 0.12009 0.0943599 0.329621 0.0126861
0.0582549 9.9991E-05 0.052995 0.0448865 0.233155 0.536348 0.0407627 0.0334978
0.0876704 0.101059 9.9991E-05 0.0701601 0.040531 0.579343 0.0157108 0.105425
0.0866562 0.0761715 0.0476408 0.0726189 0.02881 0.629466 0.00717903 0.0514581
0.223242 0.0276484 0.0272017 0.0391307 0.364562 0.198288 0.119827 9.9991E-05
0.0632409 0.0170605 0.0247993 9.9982E-05 0.187823 0.595424 0.111452 9.9982E-05
0.0936517 0.0188473 0.0247815 9.9991E-05 0.113112 0.491162 0.0923103 0.166036
0.319255 0.104713 0.0665478 9.9991E-05 0.103197 0.334799 0.0403699 0.0310177
0.174058 0.0926072 0.0408739 9.9991E-05 0.33726 0.0654695 0.22538 0.0642513
0.0402498 0.0156987 0.0571496 0.00494729 0.220303 0.534536 0.0659208 0.061195
0.0772804 0.062609 0.00447877 0.16514 0.223443 0.412571 9.9991E-05 0.054378
0.341831 0.00450341 0.0608305 0.0480755 0.438214 9.9982E-05 0.106346 9.9982E-05
0.123632 9.9982E-05 9.9982E-05 0.117593 0.230688 0.469738 0.0153374 0.0428113
0.0751632 9.9991E-05 0.0120097 0.110428 0.0641111 0.627471 0.0561373 0.0545797
0.0188231 0.0669574 0.0225545 0.0933312 0.19842 0.432808 0.031592 0.135514
0.302757 0.0132468 0.0279719 0.0814261 0.2573 0.198663 0.0383215 0.080314
0.107966 9.9991E-05 0.0829093 0.0966858 0.0812971 0.488235 0.126356 0.0164516
9.9982E-05 0.00424009 0.0455329 0.143217 0.158497 0.609624 9.9982E-05 0.0386892
0.200597 9.9982E-05 0.0667962 0.039916 0.362251 0.230142 0.100099 9.9982E-05
0.386444 9.9955E-05 9.9955E-05 9.9955E-05 0.0660689 0.546987 9.9955E-05 9.9955E-05
0.709454 0.0220629 0.00942008 9.9982E-05 0.0637918 0.176061 9.9982E-05 0.0190096
0.0838013 0.0577146 0.0404867 0.083758 0.0695492 0.604352 0.060238 9.9991E-05
0.803212 9.9964E-05 9.9964E-05 0.019628 9.9964E-05 9.9964E-05 0.162394 0.014366
0.795193 9.9964E-05 9.9964E-05 0.0804071 0.0138832 9.9964E-05 0.110117 9.9964E-05
0.693127 9.9964E-05 9.9964E-05 0.0171732 9.9964E-05 0.286716 9.9964E-05 0.0025835
0.360872 0.0281628 0.026822 0.000400221 0.0996328 0.48391 9.9982E-05 9.9982E-05
0.126947 0.0491978 0.0423502 0.0010072 0.102999 0.539146 0.0628238 0.0755288
0.469135 9.9973E-05 0.0239364 9.9973E-05 9.9973E-05 0.381598 0.0748365 0.050194
0.664882 0.0319334 0.0274908 9.9982E-05 0.148424 0.0968025 9.9982E-05 0.0302675
0.442295 0.0211004 0.0196867 9.9973E-05 0.227002 0.289616 9.9973E-05 9.9973E-05
0.152476 0.0483515 0.0256652 0.126954 0.0777959 0.481711 9.9991E-05 0.086946
0.636069 0.015758 0.0349905 9.9982E-05 9.9982E-05 0.251655 0.0318361 0.0294921
0.46392 0.00928072 0.00971487 9.9991E-05 0.0116138 0.461421 0.0372659 0.00668415
0.536008 0.0260605 0.0211848 0.0309438 9.9982E-05 0.357677 0.0279256 9.9982E-05
0.733183 9.9964E-05 9.9964E-05 0.0906548 9.9964E-05 9.9964E-05 0.166238 0.00952465
0.197292 0.0660733 0.0319524 9.9973E-05 0.0626057 0.641777 9.9973E-05 9.9973E-05
0.0274339 0.811351 0.0184884 9.9973E-05 0.0111296 0.131297 9.9973E-05 9.9973E-05
9.9955E-05 0.775806 0.154617 9.9955E-05 9.9955E-05 0.069078 9.9955E-05 9.9955E-05
9.9973E-05 0.710886 0.146449 9.9973E-05 0.00823335 0.0733109 9.9973E-05 0.0608215
0.0255276 0.806949 0.119877 9.9982E-05 9.9982E-05 0.0234101 0.00874035 0.0152966
0.0225338 0.756058 0.109449 0.0113092 9.9991E-05 0.0896496 0.00507795 0.00582206
9.9973E-05 0.85538 0.0525238 0.0194561 9.9973E-05 0.0311952 9.9973E-05 0.0411452
9.9955E-05 0.849717 0.0630893 9.9955E-05 9.9955E-05 0.0866939 9.9955E-05 9.9955E-05
0.264889 0.0601329 9.9982E-05 9.9982E-05 0.0858421 0.514311 0.0242007 0.0504239
0.240497 0.0757275 9.9982E-05 0.026171 0.115295 0.364358 9.9982E-05 0.177751
0.895089 0.0209876 9.9973E-05 0.000599851 0.00752362 0.0754998 9.9973E-05 9.9973E-05
0.125695 0.0691895 0.0212001 0.0263897 0.0444178 0.65345 0.0363192 0.0233378
0.441512 0.0320814 0.0303878 9.9991E-05 0.0458615 0.427646 0.00585182 0.0165594
0.258217 0.0762452 0.00461038 0.0654918 9.9973E-05 0.595135 9.9973E-05 9.9973E-05
0.209776 0.056448 0.0186701 0.107636 9.9991E-05 0.578214 0.0244159 0.0047396
0.452729 0.00234118 0.0600945 0.0374224 9.9982E-05 0.427098 9.9982E-05 0.0201155
0.776405 0.0681989 9.9955E-05 9.9955E-05 0.154897 9.9955E-05 9.9955E-05 9.9955E-05
0.162125 0.0933385 0.027592 9.9982E-05 0.0536734 0.603047 0.0600243 9.9982E-05
0.186732 0.143858 9.9955E-05 9.9955E-05 9.9955E-05 0.66891 9.9955E-05 9.9955E-05
0.212694 0.0370911 0.0111453 0.0232568 0.140847 0.494532 9.9991E-05 0.0803335
0.568942 9.9964E-05 0.0516464 9.9964E-05 9.9964E-05 0.272073 0.106938 9.9964E-05
0.431194 9.9964E-05 0.00660219 0.052632 9.9964E-05 0.509172 9.9964E-05 9.9964E-05
0.461656 9.99803E-05 0.0470917 0.0338881 0.0383404 0.418724 9.99803E-05 9.99803E-05
0.574895 9.9964E-05 0.000496758 9.9964E-05 9.9964E-05 0.291408 9.9964E-05 0.132801
0.343603 0.0817775 9.9964E-05 9.9964E-05 0.156407 0.417813 9.9964E-05 9.9964E-05
0.156281 0.0707127 0.0283153 9.9991E-05 0.131403 0.506893 0.0429277 0.063367
0.136349 0.00233295 0.0125705 0.177863 0.325466 0.228977 0.0929443 0.0234971
9.9982E-05 0.0778769 0.0538361 9.9982E-05 0.302831 0.435886 0.10439 0.0249794
9.9982E-05 0.104909 0.0168701 0.123479 0.128256 0.535123 9.9982E-05 0.0911637
0.0583125 0.106302 9.9982E-05 0.0741042 0.143014 0.553573 9.9982E-05 0.0644935
0.0356383 9.9973E-05 0.0772309 0.0496394 0.280825 0.556366 9.9973E-05 9.9973E-05
9.9973E-05 0.00774112 9.9973E-05 0.0672517 0.269475 0.648957 0.00627547 9.9973E-05
0.0358326 0.0116357 9.9982E-05 0.0719962 0.378836 0.44975 9.9982E-05 0.0517498
0.051376 0.0542263 9.9991E-05 0.0565731 0.224166 0.474387 0.0757343 0.0634373
0.00745195 0.0649115 9.9991E-05 0.0397796 0.196864 0.540973 0.127403 0.0225174
0.0215779 9.9991E-05 0.0289294 0.0654853 0.251454 0.557486 0.0650983 0.00986898
0.0992298 9.9982E-05 0.019997 0.0300647 0.323101 0.516217 0.0111903 9.9982E-05
9.9982E-05 0.0171023 9.9982E-05 0.00206046 0.18458 0.658315 0.101575 0.0361662
0.0410809 0.153356 0.0338855 0.0152958 0.170622 0.568791 0.0168692 9.9991E-05
0.084979 9.9973E-05 9.9973E-05 9.9973E-05 0.251087 0.554832 0.0125321 0.0962692
9.9991E-05 0.021613 0.0251219 0.0609977 0.162783 0.536078 0.0926912 0.100614
0.0484538 9.9982E-05 9.9982E-05 0.0800665 0.216433 0.560281 0.0228513 0.0717151
9.9991E-05 0.00573159 0.106071 0.0783148 0.28752 0.285844 0.187799 0.0486196
0.0640642 9.9982E-05 0.0135717 0.0483845 0.159253 0.702045 0.0124812 9.9982E-05
9.9991E-05 0.000821331 0.0416746 0.0585083 0.0747354 0.740806 0.079357 0.00399758
0.229186 9.9982E-05 0.0129477 0.0908554 0.356367 0.237829 9.9982E-05 0.0726151
0.07829 0.0319259 0.0105515 0.207418 0.295191 0.16358 0.206323 0.00672033
0.0803836 9.9982E-05 9.9982E-05 0.0275868 0.172673 0.581871 0.0909737 0.0463117
0.134659 9.9973E-05 9.9973E-05 0.307922 0.280789 0.118937 0.157393 9.9973E-05
0.175287 0.0469521 0.000152945 0.125483 0.367197 0.284729 9.9982E-05 9.9982E-05
0.126352 0.0419147 9.9973E-05 0.0828657 0.299963 0.448605 9.9973E-05 9.9973E-05
0.214354 0.0236236 0.0241938 0.0134301 0.364188 0.360011 9.9982E-05 9.9982E-05
0.211854 9.9982E-05 9.9982E-05 0.0131177 0.389417 0.271256 0.0760058 0.0381498
0.0897306 0.0845381 0.0535096 9.9982E-05 0.132469 0.614436 9.9982E-05 0.025117
0.0320773 0.079553 9.9991E-05 0.0400964 0.148858 0.575719 0.103421 0.0201742
0.0792502 0.0454346 0.0102798 0.115809 0.1671 0.476271 0.0270633 0.0787917
0.230177 9.9982E-05 9.9982E-05 0.0728099 0.309595 0.125276 0.197164 0.0647785
0.240582 0.148527 0.0100469 0.0536508 0.09183 0.413814 9.9991E-05 0.041449
0.0842312 0.0266241 9.9991E-05 0.0219614 0.0261841 0.585084 0.243273 0.0125424
0.149222 0.10132 0.0108316 0.175207 0.13241 0.0153844 0.415526 9.9991E-05
0.113048 0.103305 0.0124096 0.0929489 9.9991E-05 0.604961 0.0333548 0.0398732
0.0931324 0.0201131 9.9982E-05 0.154363 0.0932579 0.408631 0.230302 9.9982E-05
0.116079 0.115292 9.9991E-05 0.0648286 0.0793016 0.503062 0.0741515 0.0471859
0.109745 0.0277999 0.0448952 0.0585602 0.113745 0.288169 0.356986 9.9991E-05
0.0795493 9.9982E-05 0.0373353 0.202784 0.152268 0.19663 0.331234 9.9982E-05
0.0271474 0.00415201 0.0371191 0.144882 0.156366 0.420251 0.209981 9.9991E-05
9.9982E-05 0.205309 9.9982E-05 0.0942487 0.0771371 0.569098 0.0317514 0.0222561
0.102686 0.0791245 0.0161885 0.0691266 0.130461 0.385355 0.163119 0.05394
0.285225 9.9982E-05 0.0514265 0.12326 0.0760435 9.9982E-05 0.317181 0.146663
0.161082 0.0381795 0.0347705 0.107348 0.0678585 0.405083 0.0994861 0.0861931
0.201172 9.9973E-05 9.9973E-05 0.000547872 0.0381311 0.429489 0.33036 9.9973E-05
0.145249 9.9973E-05 0.00303192 9.9973E-05 0.117523 0.494789 0.239107 9.9973E-05
0.101293 0.134147 9.9982E-05 0.0778066 0.11055 0.485591 9.9982E-05 0.0904127
0.0176562 0.245597 0.0571058 9.9982E-05 9.9982E-05 0.156175 0.282713 0.240554
9.9964E-05 0.415968 0.049118 9.9964E-05 9.9964E-05 9.9964E-05 0.411476 0.123037
9.9964E-05 0.33465 0.0290144 9.9964E-05 9.9964E-05 9.9964E-05 0.476162 0.159774
9.9982E-05 0.289588 0.0347068 9.9982E-05 0.028217 0.0237477 0.275629 0.347912
0.0917471 9.9964E-05 9.9964E-05 0.0454566 9.9964E-05 0.669134 0.193263 9.9964E-05
9.9982E-05 0.160885 9.9982E-05 0.110009 0.0446244 0.531494 0.0767475 0.0760406
0.032673 9.9964E-05 9.9964E-05 9.9964E-05 0.00673461 0.228964 9.9964E-05 0.731229
0.134044 9.9982E-05 0.0223111 0.105503 0.00699037 0.216958 9.9982E-05 0.513993
0.0694366 0.080783 0.0514428 9.9991E-05 0.0603804 0.264735 0.0480669 0.425055
0.0803971 9.9982E-05 0.0377125 0.20203 0.0344099 0.321962 0.323289 9.9982E-05
0.0330721 0.0459484 0.0632416 0.0408466 9.9982E-05 0.567639 0.249052 9.9982E-05
0.0497225 9.9973E-05 9.9973E-05 0.236044 0.0373109 0.179256 0.497367 9.9973E-05
9.9973E-05 9.9973E-05 9.9973E-05 0.0118259 0.0376397 0.618911 0.30754 0.0237839
0.0756538 0.0245521 0.0015546 0.243463 0.0161135 0.482623 0.138845 0.017195
0.0311156 9.9991E-05 0.000559241 0.0854465 0.0794398 0.558502 0.209343 0.0354941
0.159302 9.9964E-05 9.9964E-05 0.244111 9.9964E-05 0.218919 0.377268 9.9964E-05
0.115522 0.0342412 0.011591 0.131624 0.0182248 0.531524 0.071972 0.0853004
0.0265 0.0287663 0.0109297 0.0194903 0.039265 0.665958 0.165265 0.0438259
0.035593 9.9955E-05 9.9955E-05 9.9955E-05 9.9955E-05 9.9955E-05 0.0099297 0.953978
0.00226699 9.9964E-05 9.9964E-05 0.0134022 9.9964E-05 0.0813745 9.9964E-05 0.902556
0.0330916 9.9973E-05 0.013126 0.0595515 9.9973E-05 0.255539 9.9973E-05 0.638392
9.9964E-05 9.9964E-05 9.9964E-05 0.0516218 0.0331466 0.265811 9.9964E-05 0.649021
9.9973E-05 0.0256799 9.9973E-05 9.9973E-05 0.00715306 0.153199 0.012742 0.800926
9.994E-05 9.994E-05 9.994E-05 9.994E-05 9.994E-05 9.994E-05 9.994E-05 0.9993
9.9946E-05 9.9946E-05 9.9946E-05 9.9946E-05 0.0362043 9.9946E-05 9.9946E-05 0.963196
9.9955E-05 9.9955E-05 9.9955E-05 0.00363608 9.9955E-05 0.134824 9.9955E-05 0.86104
9.9946E-05 9.9946E-05 9.9946E-05 9.9946E-05 0.0190932 9.9946E-05 9.9946E-05 0.980307
9.994E-05 9.994E-05 9.994E-05 9.994E-05 9.994E-05 9.994E-05 9.994E-05 0.9993
9.9946E-05 9.9946E-05 0.031306 9.9946E-05 9.9946E-05 9.9946E-05 9.9946E-05 0.968094
9.9982E-05 0.00460854 0.0738566 9.9982E-05 0.0134218 0.143374 0.00363647 0.760903
0.0245421 9.9964E-05 0.0295377 9.9964E-05 9.9964E-05 0.140955 9.9964E-05 0.804565
0.0115736 9.9964E-05 0.0246259 9.9964E-05 0.00208409 9.9964E-05 9.9964E-05 0.961316
9.9982E-05 0.0477049 0.00124458 0.104172 0.0711846 0.362958 9.9982E-05 0.412536
0.0734938 9.9982E-05 0.0638835 0.00223702 0.0249349 0.232404 9.9982E-05 0.602846
9.9964E-05 0.0572289 0.0142706 9.9964E-05 9.9964E-05 0.206511 9.9964E-05 0.72159
9.9964E-05 9.9964E-05 0.0241761 9.9964E-05 0.00409213 0.114085 9.9964E-05 0.857247
9.9946E-05 9.9946E-05 9.9946E-05 9.9946E-05 0.0138674 9.9946E-05 9.9946E-05 0.985533
0.00630805 0.0118552 0.023424 0.0142101 0.0278701 0.0214172 9.9991E-05 0.894815
9.9946E-05 9.9946E-05 0.0148907 9.9946E-05 9.9946E-05 9.9946E-05 9.9946E-05 0.98451
0.0359437 0.00177663 0.0357796 0.0236191 0.062888 0.197018 9.9991E-05 0.642875
0.0226227 9.9973E-05 0.022887 0.0584068 9.9973E-05 0.0319795 9.9973E-05 0.863804
0.0376479 0.288271 9.9973E-05 0.0486821 9.9973E-05 9.9973E-05 0.588743 0.0363566
9.9982E-05 0.184539 0.0153807 9.9982E-05 0.0989255 0.430554 0.255653 0.0147484
0.066527 0.191918 9.9982E-05 9.9982E-05 0.054491 0.479086 0.165253 0.0425248
0.0992483 0.186715 0.0520112 9.9982E-05 9.9982E-05 0.138624 0.413334 0.109868
0.0103712 0.061382 0.0612895 0.0868708 0.0233304 0.429164 0.197833 0.129759
0.0458979 0.18776 0.0867482 9.9982E-05 9.9982E-05 0.229989 0.385863 0.0635412
9.9973E-05 0.257519 0.00127719 0.116902 9.9973E-05 0.53155 0.0924521 9.9973E-05
0.0536737 0.130455 9.9973E-05 9.9973E-05 9.9973E-05 0.373231 0.299003 0.143337
0.00360429 0.0677929 0.0884416 0.0778925 0.0709561 0.426686 0.146764 0.117863
9.9973E-05 0.157974 0.0520107 9.9973E-05 9.9973E-05 0.324996 0.328085 0.136635
0.0993317 0.0990106 0.0836654 9.9982E-05 9.9982E-05 0.473429 0.168342 0.0760215
9.9964E-05 0.822116 9.9964E-05 9.9964E-05 0.0726331 0.0399534 0.0648976 9.9964E-05
9.9964E-05 0.89015 0.063009 0.00250529 9.9964E-05 9.9964E-05 9.9964E-05 0.0439357
9.9955E-05 0.871772 0.0869493 9.9955E-05 0.0407793 9.9955E-05 9.9955E-05 9.9955E-05
9.9964E-05 0.903867 0.0420142 9.9964E-05 0.0392634 0.0144554 9.9964E-05 9.9964E-05
9.9982E-05 0.732515 0.134621 9.9982E-05 0.0521503 0.00688266 0.0470248 0.0266069
9.9964E-05 0.804452 0.0937097 0.0363421 9.9964E-05 9.9964E-05 9.9964E-05 0.0650961
9.9955E-05 0.848342 0.0551771 9.9955E-05 9.9955E-05 9.9955E-05 9.9955E-05 0.0959809
9.9964E-05 0.858639 0.0335448 0.0992384 9.9964E-05 9.9964E-05 0.00817836 9.9964E-05
0.0464534 0.86536 0.0444111 9.9964E-05 9.9964E-05 9.9964E-05 9.9964E-05 0.0433759
9.9973E-05 0.780297 0.0332494 9.9973E-05 0.0167222 9.9973E-05 0.0542159 0.115215
0.133327 0.60109 0.049652 0.0110859 0.204545 9.9973E-05 9.9973E-05 9.9973E-05
0.044784 0.549617 0.0245811 9.9973E-05 0.380009 9.9973E-05 9.9973E-05 0.000709029
0.10636 0.517092 0.0331471 0.0235513 0.279548 9.9982E-05 0.0401016 9.9982E-05
0.138129 0.509013 9.9973E-05 0.0373559 0.284528 9.9973E-05 0.0306745 9.9973E-05
0.256204 0.0330025 0.0140914 0.0408679 0.119388 0.507877 9.9991E-05 0.0284689
0.312676 0.0968629 9.9982E-05 0.0539785 0.0431145 0.477493 9.9982E-05 0.0156749
0.16262 9.9982E-05 0.0149437 0.061032 0.152963 0.540186 9.9982E-05 0.0680558
0.295439 0.0425429 0.0424637 0.0530864 0.149298 0.377464 0.0367023 0.00300372
0.233791 9.9973E-05 0.0319468 0.0193882 0.545985 0.168589 9.9973E-05 9.9973E-05
0.205549 0.036627 0.0265593 0.0629614 9.9982E-05 0.597441 9.9982E-05 0.0706617
0.238906 0.0138859 9.9982E-05 0.0490595 0.0708066 0.603851 0.0232909 9.9982E-05
0.25505 9.9973E-05 9.9973E-05 9.9973E-05 0.102506 0.481161 0.120499 0.0404847
0.589912 9.9964E-05 9.9964E-05 9.9964E-05 9.9964E-05 0.317074 0.0212726 0.0713411
0.103574 0.0613761 0.00500406 0.0372953 0.153428 0.566744 9.9991E-05 0.0724787
0.364732 9.9973E-05 0.0382566 0.0471951 0.146444 0.403073 9.9973E-05 9.9973E-05
0.716431 9.9964E-05 9.9964E-05 0.149438 0.0432002 9.9964E-05 0.0905308 9.9964E-05
0.176382 0.0872234 0.0297365 0.00685862 0.135516 0.564083 9.9982E-05 9.9982E-05
0.48095 9.9973E-05 9.9973E-05 0.123536 0.00407835 0.252153 0.138982 9.9973E-05
0.39341 9.9982E-05 0.0452827 0.0418928 0.00199612 0.458254 0.058964 9.9982E-05
0.703219 0.0328137 9.9973E-05 0.0192762 0.177182 0.0672089 9.9973E-05 9.9973E-05
0.0114778 0.0716269 0.032492 9.9982E-05 0.747703 0.0345754 0.101925 9.9982E-05
9.9964E-05 0.0345069 9.9964E-05 9.9964E-05 0.817768 0.0420808 0.105245 9.9964E-05
9.9982E-05 0.0153013 0.00955005 0.0912707 0.872835 0.0080087 0.00283452 9.9982E-05
9.9955E-05 0.103983 9.9955E-05 0.066429 0.829088 9.9955E-05 9.9955E-05 9.9955E-05
9.9964E-05 9.9964E-05 9.9964E-05 9.9964E-05 0.818338 0.0453033 0.133513 0.0024456
9.9973E-05 0.0583925 9.9973E-05 9.9973E-05 0.8087 0.0400586 0.00953105 0.0830183
9.9964E-05 0.79668 0.0828489 9.9964E-05 9.9964E-05 0.0650273 9.9964E-05 0.0550438
9.9973E-05 0.758834 0.0393776 9.9973E-05 0.0750377 0.0560481 9.9973E-05 0.0704029
9.9964E-05 0.681745 0.0858602 9.9964E-05 9.9964E-05 0.110455 9.9964E-05 0.12154
9.9973E-05 0.714153 0.0447728 9.9973E-05 0.0810526 0.020363 9.9973E-05 0.139359
9.9982E-05 0.706686 0.0400475 9.9982E-05 0.0407297 0.0376417 0.0473698 0.127325
0.0948973 0.379968 9.9964E-05 9.9964E-05 0.507033 9.9964E-05 0.017702 9.9964E-05
0.10758 0.49839 0.00258704 0.0295265 0.361617 9.9973E-05 9.9973E-05 9.9973E-05
0.0643601 0.471742 9.9964E-05 0.0264164 0.437081 9.9964E-05 9.9964E-05 9.9964E-05
9.994E-05 9.994E-05 0.9993 9.994E-05 9.994E-05 9.994E-05 9.994E-05 9.994E-05
0.130683 0.388254 0.0163545 0.0268758 0.437396 9.9982E-05 0.000237111 9.9982E-05
9.9964E-05 0.261837 9.9964E-05 9.9964E-05 9.9964E-05 0.263912 0.125215 0.348637
0.113734 0.110557 0.0428762 9.9982E-05 0.0355014 0.499979 9.9982E-05 0.197152
9.9964E-05 0.199519 0.0112342 9.9964E-05 9.9964E-05 0.511938 9.9964E-05 0.276909
0.0497677 0.268626 0.0296128 9.9991E-05 0.0165615 0.339988 0.0639958 0.231347
9.9991E-05 0.0850556 0.0811914 0.0220101 0.187207 0.507363 0.00323554 0.113838
9.9955E-05 0.431773 9.9955E-05 9.9955E-05 9.9955E-05 9.9955E-05 0.287068 0.280659
0.109626 9.9973E-05 0.0339086 0.114012 0.282927 0.459227 9.9973E-05 9.9973E-05
0.0949574 9.9973E-05 9.9973E-05 0.147153 0.252199 0.364405 0.140985 9.9973E-05
0.0768941 0.0583672 0.0619072 0.0621155 0.435993 0.304523 9.9982E-05 9.9982E-05
0.0780508 9.9973E-05 9.9973E-05 0.204052 0.144869 0.508834 0.0638943 9.9973E-05
0.215441 9.9964E-05 9.9964E-05 0.410907 0.113386 9.9964E-05 0.259866 9.9964E-05
0.192768 0.0803215 0.050231 0.0717489 9.9991E-05 0.497605 0.0777821 0.0294438
0.108219 0.0572726 0.00144071 0.169632 0.147611 0.464073 0.0516521 9.9991E-05
0.159524 0.0352942 0.016316 0.0702048 0.389426 0.329035 9.9982E-05 9.9982E-05
0.243549 0.15601 9.9982E-05 0.0212284 0.103091 0.427082 9.9982E-05 0.0488406
0.261363 9.9973E-05 9.9973E-05 0.161879 0.265709 0.11493 0.195818 9.9973E-05
0.0791603 0.0242794 0.0131164 0.155551 0.137412 0.468466 0.0990918 0.0229231
0.101908 9.9964E-05 9.9964E-05 9.9964E-05 0.25326 0.554539 0.0898931 9.9964E-05
0.172535 0.15544 9.9991E-05 0.0303561 0.0246383 0.35139 0.0452309 0.220311
0.124443 9.9973E-05 9.9973E-05 0.135002 0.315269 0.380301 9.9973E-05 0.0446856
0.182278 9.9982E-05 0.0265718 0.076233 0.267298 0.428181 9.9982E-05 0.0192377
0.047085 9.9991E-05 0.000368424 0.176119 0.116929 0.482889 0.129177 0.047333
0.143682 0.0658476 9.9973E-05 0.102813 0.147394 0.539964 9.9973E-05 9.9973E-05
0.049742 0.0414947 9.9991E-05 0.0539743 0.108956 0.674645 0.0137776 0.0573106
0.100597 0.0962298 0.00961791 0.0114035 0.131042 0.597301 9.9991E-05 0.0537085
0.0346844 0.0106849 0.0445197 9.9991E-05 0.226794 0.526931 0.0931847 0.0631013
9.9955E-05 0.78408 9.9955E-05 9.9955E-05 9.9955E-05 0.131727 9.9955E-05 0.0836928
9.9973E-05 0.833205 0.00919435 0.0337203 9.9973E-05 0.0962335 9.9973E-05 0.027347
0.0246719 0.771428 9.9973E-05 9.9973E-05 0.0512872 0.108421 0.0438915 9.9973E-05
0.0512228 0.75714 0.0447363 0.0166432 0.0175911 0.0507838 9.9991E-05 0.061783
9.9964E-05 0.812127 0.0457143 0.00319883 9.9964E-05 0.13856 9.9964E-05 9.9964E-05
0.177134 9.9982E-05 0.00625853 9.9982E-05 0.556624 0.146823 0.025608 0.0873529
0.10308 0.0514239 0.0602659 0.122647 0.132111 0.447811 0.0602788 0.0223822
0.0308531 0.132776 0.0142828 9.9982E-05 9.9982E-05 0.428503 0.226581 0.166804
0.0349905 9.9991E-05 0.0126751 0.0405751 0.198559 0.665573 0.00181288 0.0457151
0.0177239 0.0441066 9.9982E-05 0.108353 0.25509 0.515571 0.0589563 9.9982E-05
0.0850655 9.9991E-05 0.0551649 0.0928564 0.353153 0.242697 0.119906 0.0510578
0.21358 0.081354 0.0615927 9.9973E-05 0.525691 9.9973E-05 0.117482 9.9973E-05
0.168144 0.00663959 0.0376071 9.9973E-05 0.293709 0.493601 9.9973E-05 9.9973E-05
0.0703884 0.0539601 0.0373361 0.145008 0.446466 0.105485 0.0544541 0.0869027
0.0794023 9.9982E-05 9.9982E-05 0.0330671 0.134857 0.472833 0.236395 0.0432455
0.190031 0.160023 9.9982E-05 0.0124855 0.474881 0.133919 9.9982E-05 0.028461
0.0434577 0.0406975 0.0529484 0.0500711 0.164761 0.517964 0.0285394 0.101561
0.159044 0.0440233 0.0131622 0.00890266 0.51452 0.208711 0.0363532 0.0152836
0.0694556 9.9991E-05 0.011694 0.100448 0.316703 0.28702 0.109121 0.105458
0.0735353 0.0020048 9.9991E-05 0.0815514 0.116486 0.508309 0.188662 0.0293511
9.9973E-05 9.9973E-05 9.9973E-05 0.190546 0.156614 0.351584 0.294714 0.00624206
0.0674484 9.9964E-05 9.9964E-05 9.9964E-05 0.0989558 0.560958 0.272238 9.9964E-05
0.11764 0.110979 0.0564605 0.0693425 9.9991E-05 0.486584 0.0795347 0.079359
0.0436282 9.9973E-05 9.9973E-05 0.136948 0.0794968 0.349556 0.390071 9.9973E-05
0.147775 0.125492 0.0151769 0.0608679 9.9982E-05 0.536927 0.113561 9.9982E-05
0.0491147 9.9982E-05 0.022843 0.0467687 0.0658855 0.581342 0.233846 9.9982E-05
0.0973804 9.9973E-05 9.9973E-05 0.0980548 0.0654026 0.160202 0.57866 9.9973E-05
0.0803332 9.9973E-05 9.9973E-05 0.114162 0.0423535 0.258987 0.503864 9.9973E-05
9.9973E-05 9.9973E-05 0.00629055 0.202023 0.109588 0.499782 0.182016 9.9973E-05
0.143721 9.9973E-05 9.9973E-05 0.15512 0.128779 0.155842 0.416239 9.9973E-05
0.0411749 0.0089643 9.9973E-05 9.9973E-05 0.156998 0.520993 0.27157 9.9973E-05
0.259215 9.9991E-05 0.0302907 0.012865 0.548649 0.082711 0.0358519 0.0303174
0.188843 9.9964E-05 9.9964E-05 0.243721 0.309072 0.257964 9.9964E-05 9.9964E-05
0.157336 9.9982E-05 0.052136 0.00615235 0.343107 0.406866 9.9982E-05 0.0342016
0.0447068 9.9982E-05 9.9982E-05 0.0287112 0.162813 0.5528 0.0986431 0.112126
0.222574 9.9982E-05 9.9982E-05 0.0320915 0.425873 0.2438 0.059708 0.015753
0.147743 0.0352057 0.0509026 0.101085 0.134581 0.40187 0.0480092 0.0806033
0.110597 0.0664618 0.0166075 9.9991E-05 0.194934 0.47479 0.0440322 0.0924774
0.095494 0.0280937 9.9982E-05 9.9982E-05 0.132973 0.439172 0.167467 0.136599
0.0969264 9.9991E-05 0.048098 0.0658785 0.178034 0.490899 0.0336382 0.0864263
0.0937767 0.0352982 0.0145329 0.0247572 0.278449 0.524295 9.9991E-05 0.0287909
0.267947 9.9973E-05 0.0110079 9.9973E-05 0.430538 0.248381 9.9973E-05 0.0418254
0.152685 9.9973E-05 9.9973E-05 0.0503215 0.371798 0.268532 9.9973E-05 0.156364
9.9973E-05 0.0151836 9.9973E-05 0.103037 0.198344 0.662998 9.9973E-05 0.0201372
0.149733 0.0304239 0.0461305 0.030158 0.138031 0.538082 9.9991E-05 0.0673417
0.0288732 0.015955 0.0389557 0.0914688 0.22166 0.44971 0.138997 0.0143804
0.0146251 9.9982E-05 9.9982E-05 0.116995 0.211947 0.523708 0.0427746 0.0897505
0.0573888 0.0195326 0.0305871 9.9991E-05 0.406091 0.364024 0.0790804 0.0431967
0.105698 0.0448702 9.9973E-05 0.00944056 0.207028 0.632663 9.9973E-05 9.9973E-05
9.9982E-05 0.0386558 9.9982E-05 0.0420207 0.313644 0.48957 0.0381251 0.0777848
0.10841 9.9982E-05 0.102828 0.0858229 0.102618 0.424374 9.9982E-05 0.175747
0.000685437 0.319636 0.0639471 9.9982E-05 9.9982E-05 0.492304 0.058403 0.0648237
0.0402072 0.103305 0.0710172 0.0901383 9.9991E-05 0.444206 0.00465478 0.246371
0.0903649 0.0879716 0.0468681 9.9991E-05 0.0455539 0.545272 0.0644595 0.11941
9.9991E-05 0.0357728 0.0525742 0.0938692 0.0558306 0.525131 0.0160171 0.220705
0.0606988 0.177718 0.0354213 0.0661065 9.9982E-05 0.488701 9.9982E-05 0.171154
0.00362974 9.9982E-05 0.00342242 0.163261 0.186365 0.493897 0.149225 9.9982E-05
0.129052 0.113536 0.0506924 9.9982E-05 0.0984731 0.415688 9.9982E-05 0.192359
0.201932 0.201522 9.9991E-05 0.0409648 0.0100908 0.00825488 0.378247 0.158889
9.9991E-05 0.0422645 0.0780975 0.00255398 0.202028 0.447731 0.0185059 0.208718
9.9991E-05 0.130299 0.012485 0.12738 0.0530429 0.510259 0.0073672 0.159067
9.9991E-05 0.126414 0.0452035 0.094833 0.0229407 0.559917 0.0243351 0.126257
0.0846581 0.145851 0.0708515 9.9991E-05 0.0107058 0.422272 0.232585 0.0329772
0.0434839 0.202498 9.9982E-05 0.0109522 9.9982E-05 0.559825 0.115909 0.0671317
9.9973E-05 0.0686133 0.00554883 9.9973E-05 9.9973E-05 0.572806 0.154418 0.198314
9.9973E-05 0.415813 0.0510719 0.0502508 9.9973E-05 9.9973E-05 0.318918 0.163647
0.0473787 0.119234 0.0017195 0.0347508 0.103478 0.458124 0.0211791 0.214136
0.026309 0.206684 0.0452789 0.0186252 9.9991E-05 0.538886 0.0335899 0.130528
0.0788706 0.110845 0.00518832 0.0377681 0.0234409 0.622957 0.0420936 0.0788366
9.9964E-05 0.165311 9.9964E-05 9.9964E-05 9.9964E-05 0.568568 0.102093 0.163629
9.9991E-05 0.131476 0.0110429 0.120491 0.0797995 0.482834 0.040012 0.134244
9.9982E-05 9.9982E-05 0.0353809 0.417879 0.0158631 0.392372 0.0139744 0.124331
9.9982E-05 0.129697 0.0394794 0.0742737 0.0830399 0.546464 0.126845 9.9982E-05
0.117929 9.9955E-05 9.9955E-05 0.78108 0.100491 9.9955E-05 9.9955E-05 9.9955E-05
0.0668247 9.9955E-05 9.9955E-05 0.902684 0.0299917 9.9955E-05 9.9955E-05 9.9955E-05
0.083593 0.0526815 0.0298931 0.243827 0.0113002 0.440751 0.0426755 0.0952791
9.9973E-05 0.0879924 9.9973E-05 0.13745 9.9973E-05 0.405463 0.0933629 0.275432
9.9982E-05 0.0543864 0.0200728 0.247179 9.9982E-05 0.237471 0.0482217 0.392469
9.9991E-05 0.153579 0.0250213 0.112857 0.00465934 0.18266 0.235814 0.285308
9.9982E-05 0.136289 0.0148533 0.258371 9.9982E-05 0.270445 0.0139129 0.30593
9.9982E-05 0.0431686 0.00879607 0.704542 9.9982E-05 0.0442768 0.112119 0.0868978
9.9982E-05 0.0378958 0.0487578 0.677574 9.9982E-05 0.0624943 0.0401721 0.132906
0.0237636 9.9973E-05 0.0168056 0.395979 9.9973E-05 0.478806 9.9973E-05 0.0843453
9.9973E-05 0.042124 0.000146106 0.471735 9.9973E-05 0.341024 9.9973E-05 0.144671
9.9973E-05 0.0278346 0.0410195 0.694503 9.9973E-05 0.0731262 9.9973E-05 0.163217
0.0152058 0.0707037 0.0122199 0.297982 0.0202439 0.434793 0.0440778 0.104774
9.9982E-05 0.00315814 0.014018 0.296886 9.9982E-05 0.585985 0.00442758 0.0953258
0.0331852 0.0995308 0.00204105 0.267841 0.0234989 0.427548 9.9991E-05 0.146255
0.0190407 0.0594263 9.9973E-05 0.595388 0.0468943 0.27895 9.9973E-05 9.9973E-05
0.114552 9.9982E-05 0.0894885 0.408937 0.0625598 0.312119 9.9982E-05 0.0121438
9.9991E-05 0.000794292 0.058205 0.425996 0.00957755 0.421812 0.02593 0.0575856
0.0324162 0.0203049 0.0207562 0.365273 0.0848462 0.372583 0.0959524 0.00786788
9.9991E-05 0.0194904 0.0280296 0.281633 0.0612541 0.429896 0.0455033 0.134094
9.9973E-05 9.9973E-05 0.00815852 0.405663 0.0568562 0.479035 0.0499874 9.9973E-05
9.9964E-05 0.0205632 9.9964E-05 0.717053 0.0884525 0.173532 9.9964E-05 9.9964E-05
0.0502625 9.9964E-05 9.9964E-05 0.392639 9.9964E-05 0.473476 9.9964E-05 0.0832222
0.0171745 0.114904 0.0243895 0.303163 0.00433186 0.46716 0.0506583 0.018219
0.0126773 9.9973E-05 9.9973E-05 0.788473 0.0159702 0.165067 9.9973E-05 0.0175119
9.9982E-05 0.0280219 0.0175982 0.532164 9.9982E-05 0.365925 0.00307151 0.0530203
0.0437132 0.0568495 0.0286819 0.295326 0.00936851 0.444492 9.9991E-05 0.12147
0.0990615 0.0388837 0.00709507 0.230209 0.0990942 0.525457 9.9982E-05 9.9982E-05
9.9982E-05 0.12311 0.0417831 9.9982E-05 0.023978 0.536245 0.0818094 0.192874
9.9991E-05 0.120113 0.0229382 0.180198 0.0632372 0.417298 0.067933 0.128183
9.9991E-05 0.126628 0.017409 0.0763044 0.035612 0.391874 0.120419 0.231654
9.9982E-05 0.0954327 0.062669 9.9982E-05 0.132023 0.393441 0.171886 0.144349
0.0706123 0.176148 9.9973E-05 9.9973E-05 0.111339 0.472948 9.9973E-05 0.168653
9.9991E-05 0.0318945 0.0294536 0.188064 0.0437841 0.397982 0.114546 0.194177
9.9964E-05 0.224055 9.9964E-05 0.649162 0.008562 9.9964E-05 9.9964E-05 0.117821
9.9991E-05 0.0801295 0.0388053 0.0688223 0.00677264 0.559284 0.0362142 0.209872
9.9973E-05 0.337442 0.0305905 0.372683 9.9973E-05 9.9973E-05 0.134539 0.124446
9.9973E-05 0.0698425 0.0141807 0.272874 9.9973E-05 0.512318 9.9973E-05 0.130485
0.103622 9.9955E-05 9.9955E-05 0.807508 9.9955E-05 0.0883701 9.9955E-05 9.9955E-05
0.0232859 9.9955E-05 0.00195874 0.974256 9.9955E-05 9.9955E-05 9.9955E-05 9.9955E-05
0.0262854 9.9964E-05 0.0300881 0.478367 9.9964E-05 0.46486 9.9964E-05 9.9964E-05
0.0186726 9.9964E-05 9.9964E-05 0.374629 9.9964E-05 0.58452 9.9964E-05 0.0217792
9.9955E-05 9.9955E-05 9.9955E-05 0.563213 0.0506748 0.385612 9.9955E-05 9.9955E-05
0.0577701 9.9964E-05 9.9964E-05 0.460001 9.9964E-05 0.481496 0.000333755 9.9964E-05
0.0770728 9.9964E-05 9.9964E-05 0.422645 9.9964E-05 0.492836 9.9964E-05 0.00704669
9.9973E-05 0.718875 0.0945777 0.0788941 9.9973E-05 0.0314783 9.9973E-05 0.0758746
9.9973E-05 0.662827 0.0619128 0.041763 0.114747 9.9973E-05 9.9973E-05 0.118449
9.9964E-05 0.84414 0.0629807 9.9964E-05 0.0296358 9.9964E-05 9.9964E-05 0.0628436
9.9973E-05 0.799073 0.142227 0.0335933 9.9973E-05 0.0175105 0.0072961 9.9973E-05
0.335141 9.9982E-05 0.0502546 0.0400908 0.0565141 0.458972 9.9982E-05 0.0588274
0.379252 0.0612701 9.9973E-05 0.0758846 9.9973E-05 0.452813 9.9973E-05 0.0304805
0.481908 9.9973E-05 0.0256202 0.0260503 0.0218554 0.444267 9.9973E-05 9.9973E-05
0.223762 0.0751836 0.0978563 9.9982E-05 0.00271957 0.570202 0.0300766 9.9982E-05
0.0476235 0.074884 9.9982E-05 9.9982E-05 0.197273 0.536543 0.129722 0.0137545
0.574134 0.0490917 9.9982E-05 0.0338356 0.0742903 0.223566 0.0448819 9.9982E-05
0.400419 9.9964E-05 0.0120759 9.9964E-05 9.9964E-05 0.546001 9.9964E-05 0.0411045
0.390823 9.9973E-05 0.0150018 0.152954 9.9973E-05 0.377513 0.0634073 9.9973E-05
9.9982E-05 0.243036 0.0487568 0.0538715 0.0270167 0.493233 9.9982E-05 0.133886
0.337644 9.9973E-05 9.9973E-05 0.121238 0.0632655 0.394194 0.0833583 9.9973E-05
0.596432 9.9964E-05 0.0143496 9.9964E-05 0.0480043 0.340814 9.9964E-05 9.9964E-05
0.337279 9.9955E-05 9.9955E-05 0.0960477 9.9955E-05 0.566173 9.9955E-05 9.9955E-05
0.3796 0.0495034 9.9973E-05 0.0629084 0.0924157 0.415272 9.9973E-05 9.9973E-05
0.34591 9.9955E-05 9.9955E-05 0.0679777 9.9955E-05 0.585612 9.9955E-05 9.9955E-05
0.335027 0.016392 0.055913 0.0516165 9.9982E-05 0.535837 9.9982E-05 0.00501413
0.923677 9.9946E-05 9.9946E-05 9.9946E-05 9.9946E-05 0.0757237 9.9946E-05 9.9946E-05
0.597052 0.0272124 9.9991E-05 0.0479284 0.0296257 0.221111 0.0483056 0.0286653
0.49264 0.00375378 0.0116022 0.00607531 0.102512 0.383217 9.9982E-05 9.9982E-05
0.799932 9.9955E-05 9.9955E-05 0.0653894 9.9955E-05 9.9955E-05 0.134179 9.9955E-05
0.364694 0.0472631 9.9982E-05 0.0797748 0.0636563 0.443855 9.9982E-05 0.000557328
0.593143 9.9973E-05 0.0140845 0.0835327 9.9973E-05 0.0838235 0.225116 9.9973E-05
0.775241 9.9955E-05 9.9955E-05 0.0570122 9.9955E-05 9.9955E-05 0.167247 9.9955E-05
0.242732 0.0595849 0.0278607 0.103597 0.00327077 0.543671 9.9991E-05 0.0191839
0.61351 0.0702639 0.00245471 9.9973E-05 0.0799433 0.233528 9.9973E-05 9.9973E-05
0.358204 9.9973E-05 0.0296344 9.9973E-05 0.115662 0.342594 9.9973E-05 0.153606
0.210664 9.9982E-05 0.0978095 0.104312 0.0604787 0.496684 9.9982E-05 0.0298519
0.371593 0.0233616 9.9964E-05 9.9964E-05 0.0973717 0.507274 9.9964E-05 9.9964E-05
0.0988787 9.9982E-05 9.9982E-05 0.142743 0.263904 0.374993 0.106151 0.0131312
0.42714 0.00829206 0.0147835 0.00921692 0.0564186 0.483949 9.9982E-05 9.9982E-05
0.362169 0.0121982 0.0423281 9.9982E-05 0.0995161 0.375779 9.9982E-05 0.10781
0.602789 9.9955E-05 9.9955E-05 9.9955E-05 9.9955E-05 0.327626 0.0690854 9.9955E-05
0.221271 0.0397496 9.9991E-05 0.0643621 0.0696556 0.464997 0.0717187 0.0681458
0.0236974 0.610098 0.0367672 9.9973E-05 0.259039 9.9973E-05 0.0700986 9.9973E-05
0.069439 0.687628 0.0703454 9.9991E-05 0.100925 0.0434478 0.0153297 0.0127842
0.000387992 0.704028 0.131298 9.9973E-05 0.0812328 9.9973E-05 0.0827528 9.9973E-05
0.0179307 0.715497 0.110639 9.9973E-05 0.101912 9.9973E-05 0.053721 9.9973E-05
0.017506 0.655005 0.0804382 9.9982E-05 0.199101 0.0324955 0.0152539 9.9982E-05
0.722437 0.0698412 9.9973E-05 9.9973E-05 0.050909 0.128067 9.9973E-05 0.0284465
0.620678 0.0490972 0.00872292 0.0110307 0.110533 0.164443 0.0353947 9.9991E-05
0.701411 9.9964E-05 9.9964E-05 0.0617451 9.9964E-05 0.154426 0.0820181 9.9964E-05
0.149548 0.0535159 0.10166 0.0270234 9.9991E-05 0.411511 0.113653 0.142988
0.169369 0.119028 0.0243773 9.9991E-05 0.0734609 0.443347 0.0875791 0.0827386
0.53181 0.0421298 0.0412871 9.9973E-05 9.9973E-05 0.276567 0.107907 9.9973E-05
0.1928 9.9973E-05 9.9973E-05 0.0592373 9.9973E-05 0.653157 0.0437452 0.0507609
0.544784 0.0319972 9.9973E-05 9.9973E-05 9.9973E-05 0.356271 0.0200181 0.0466294
0.209487 0.0482522 9.9973E-05 0.110611 0.0619517 0.569399 9.9973E-05 9.9973E-05
0.238387 0.0751277 0.0363542 9.9982E-05 0.0557828 0.487065 9.9982E-05 0.107084
0.58441 9.9964E-05 9.9964E-05 9.9964E-05 0.115073 0.249827 9.9964E-05 0.0502899
0.595116 9.9964E-05 0.0371491 9.9964E-05 0.0547028 0.312633 9.9964E-05 9.9964E-05
0.492233 9.9964E-05 0.024503 9.9964E-05 0.12884 0.354024 9.9964E-05 9.9964E-05
0.0181901 0.134178 9.9973E-05 9.9973E-05 0.0597756 0.625328 0.162228 9.9973E-05
0.555815 0.00665338 0.0283718 9.9973E-05 0.0121435 0.396716 9.9973E-05 9.9973E-05
0.437793 0.029689 9.9982E-05 9.9982E-05 0.00350092 0.423508 0.0281845 0.0771246
9.9982E-05 0.0902246 0.00344868 0.0483763 9.9982E-05 0.436695 0.0540565 0.366999
9.9982E-05 0.0867628 0.063797 9.9982E-05 0.0522604 0.262864 0.0553765 0.47874
9.9982E-05 0.0551371 0.00168364 0.0503428 9.9982E-05 0.376949 0.0342432 0.481444
9.9973E-05 0.0855627 0.0237441 9.9973E-05 9.9973E-05 0.33797 0.0789503 0.473473
9.9982E-05 0.0965316 0.032333 0.140278 9.9982E-05 0.448036 0.0484779 0.234143
0.228744 0.0197043 9.9973E-05 9.9973E-05 9.9973E-05 0.479725 0.238488 0.0330396
0.000263799 0.211653 0.0376423 0.019507 9.9991E-05 0.02371 0.0741933 0.632931
0.0157046 0.0940626 0.0282357 0.0344988 9.9991E-05 0.289167 0.0300269 0.508205
0.0973879 0.110727 0.0390156 9.9982E-05 9.9982E-05 0.408165 0.201781 0.142723
9.9973E-05 0.134491 0.0191927 9.9973E-05 0.0434457 0.595696 0.206875 9.9973E-05
0.0367854 0.0532067 0.0311931 0.0795212 0.0519442 0.45285 0.2944 9.9991E-05
0.0950312 0.13044 9.9982E-05 9.9982E-05 0.0727438 0.530248 0.149292 0.0220439
0.164605 0.150474 0.051019 0.0489711 0.0421087 0.517692 9.9991E-05 0.0250301
9.9973E-05 0.120562 0.0854017 9.9973E-05 9.9973E-05 0.340874 0.0210518 0.43181
0.058164 0.149084 9.9973E-05 9.9973E-05 0.00214234 0.507755 9.9973E-05 0.282555
9.9964E-05 0.036775 9.9964E-05 9.9964E-05 9.9964E-05 0.418283 0.0150811 0.529461
9.9982E-05 0.120145 0.0544269 0.0799721 0.0976793 0.378508 9.9982E-05 0.269069
0.026029 0.0588921 0.049887 0.0718454 9.9991E-05 0.218296 0.025174 0.549776
0.0376909 0.0843208 0.0356633 0.0663415 0.0519948 0.38724 9.9991E-05 0.336649
0.00244001 0.0999958 0.025033 0.115055 9.9996E-05 0.134744 0.0179048 0.604727
9.9991E-05 0.0758734 0.0286543 0.00853017 0.0474232 0.385916 0.0517723 0.401731
0.0640714 9.9964E-05 0.0461267 9.9964E-05 9.9964E-05 0.519898 0.369504 9.9964E-05
0.103617 0.197072 0.0116033 0.103228 0.0402782 0.160194 9.9991E-05 0.383908
0.0180729 0.104239 0.0602424 0.0231335 9.9991E-05 0.0767911 0.0295143 0.687907
0.0876349 0.126698 9.9973E-05 9.9973E-05 0.149373 0.19175 9.9973E-05 0.444244
0.155388 0.09516 0.0331739 9.9982E-05 0.224157 0.20386 0.28806 9.9982E-05
0.0964437 9.9982E-05 0.0473139 9.9982E-05 0.055851 0.543285 0.198976 0.0579303
0.0670646 0.0980841 0.0467139 0.0228491 0.0826049 0.348736 9.9991E-05 0.333847
9.9991E-05 0.0596731 0.0135758 0.0162817 0.0793776 0.52484 0.224999 0.0811525
0.0202039 0.127638 0.0261266 0.0124253 0.118063 0.537829 0.157615 9.9991E-05
0.04452 0.174043 0.0339029 9.9991E-05 0.0499373 0.406389 0.116922 0.174186
0.0137003 0.148553 0.0265516 0.112995 0.0302842 0.299973 0.0662343 0.301709
0.0911987 0.0755166 0.0595847 9.9982E-05 9.9982E-05 0.548384 0.158722 0.0663947
9.9982E-05 0.0418558 0.0495244 9.9982E-05 0.0367865 0.378877 0.0913056 0.401451
9.9991E-05 0.111739 0.00160453 0.072516 0.0107632 0.33481 0.00803154 0.460435
9.9973E-05 0.165303 9.9973E-05 0.0216817 9.9973E-05 0.11035 0.0848891 0.617476
0.0292869 0.0430318 0.007579 0.023333 0.116221 0.616116 0.164333 9.9991E-05
0.169382 0.0679748 0.0623808 9.9982E-05 0.0541518 0.454249 0.191661 9.9982E-05
0.0099327 9.9982E-05 0.0277577 9.9982E-05 0.0529145 0.17842 0.690985 0.0397905
0.0560551 0.0799688 9.9991E-05 0.0601302 0.0926242 0.491092 0.107281 0.112749
0.0872131 0.12718 0.0453165 0.0957608 0.130651 0.36023 0.109143 0.0445044
0.0247116 0.14706 0.107851 0.0749203 9.9991E-05 0.43733 0.0922141 0.115814
0.0992544 0.0641327 0.0663929 0.124385 9.9991E-05 0.43559 0.132236 0.0779097
9.9955E-05 0.227872 9.9955E-05 9.9955E-05 9.9955E-05 9.9955E-05 0.596718 0.17491
9.9964E-05 0.139125 0.0428003 9.9964E-05 9.9964E-05 9.9964E-05 0.734579 0.083095
0.0201137 0.128666 0.0143495 0.020672 0.0994293 0.283183 0.324977 0.10861
