0.0864637 0.0110783 9.9973E-05 9.9973E-05 0.0212281 0.0518502 0.82908 9.9973E-05
9.9955E-05 9.9955E-05 0.0569143 0.0141027 9.9955E-05 9.9955E-05 0.928483 9.9955E-05
0.0117414 0.101852 9.9973E-05 9.9973E-05 0.064972 0.0878731 0.733262 9.9973E-05
0.0742152 0.0447254 9.9973E-05 9.9973E-05 0.0863914 0.0342136 0.760154 9.9973E-05
9.9955E-05 9.9955E-05 0.106705 9.9955E-05 0.0546379 9.9955E-05 0.838158 9.9955E-05
0.0265056 9.9973E-05 9.9973E-05 0.0116021 0.0915726 9.9973E-05 0.55633 0.31369
9.9955E-05 9.9955E-05 9.9955E-05 9.9955E-05 0.00979719 9.9955E-05 0.798481 0.191222
0.0826065 9.9955E-05 9.9955E-05 9.9955E-05 9.9955E-05 9.9955E-05 0.680098 0.236796
0.0405081 9.99639E-05 9.99639E-05 0.0711782 9.99639E-05 0.0986922 0.789222 9.99639E-05
9.9964E-05 0.00262866 9.9964E-05 9.9964E-05 0.113251 9.9964E-05 0.654485 0.229236
0.00302886 9.9955E-05 9.9955E-05 9.9955E-05 9.9955E-05 9.9955E-05 0.746138 0.250334
0.475474 0.208503 0.0293736 0.166829 0.0808813 9.9982E-05 9.9982E-05 0.0387394
0.319443 0.613627 9.9964E-05 9.9964E-05 0.00187727 0.0646532 9.9964E-05 9.9964E-05
0.458287 0.314128 0.0764744 9.9973E-05 0.0393797 0.111431 9.9973E-05 9.9973E-05
0.342029 0.329773 0.0812335 9.9982E-05 0.0778475 0.143425 0.0254922 9.9982E-05
0.190908 0.388039 0.0386236 0.0684715 0.136453 0.0464947 0.080386 0.0506236
0.145671 0.624418 9.9964E-05 9.9964E-05 9.9964E-05 0.192648 0.0368639 9.9964E-05
0.295056 0.444496 9.9982E-05 0.091552 0.121583 9.9982E-05 0.00906549 0.0380474
0.332662 0.363983 9.9982E-05 0.0693865 0.0419829 0.152456 0.03933 9.9982E-05
0.570589 9.9982E-05 0.0702944 0.145017 0.0746087 9.9982E-05 0.0423841 0.0969066
0.204044 0.30699 0.0918138 0.13543 0.126275 0.0573778 9.9991E-05 0.0779689
0.1169 0.426812 0.202269 0.103443 0.0292405 0.0833674 9.9991E-05 0.0378673
0.163141 0.514663 9.9991E-05 0.102797 0.0816492 0.0254466 0.0146481 0.097555
0.307153 0.278435 0.0433165 0.164879 0.0715164 0.0167349 0.0436193 0.0743448
0.10938 0.535775 9.9991E-05 0.0294277 0.110562 0.0249034 0.101962 0.0878907
0.186321 0.532016 9.9982E-05 0.0222197 9.9982E-05 0.107735 0.0423069 0.109202
0.478043 0.200507 0.0253031 0.0929292 0.0959899 0.071612 9.9991E-05 0.0355162
0.395894 0.191767 9.9973E-05 0.142254 0.156071 0.113714 9.9973E-05 9.9973E-05
0.399273 0.277896 0.108536 0.183241 9.9982E-05 0.0252922 9.9982E-05 0.00556216
9.9955E-05 0.0868466 9.9955E-05 9.9955E-05 0.0901769 9.9955E-05 0.822477 9.9955E-05
9.9955E-05 0.115194 9.9955E-05 9.9955E-05 0.0262125 9.9955E-05 0.858094 9.9955E-05
0.0450313 0.18138 9.9964E-05 9.9964E-05 0.0148477 9.9964E-05 0.758341 9.9964E-05
9.9973E-05 0.133342 9.9973E-05 0.0641838 0.0822493 0.0320509 0.687874 9.9973E-05
0.0699081 0.54334 0.0973397 0.138339 9.9991E-05 0.0394187 0.0449627 0.0665912
0.0378267 0.479645 0.0185765 0.248416 0.0748398 9.9991E-05 0.105603 0.0349938
9.9973E-05 0.570087 0.0234902 0.247136 9.9973E-05 9.9973E-05 0.0315636 0.127423
0.489969 0.186928 0.0690965 0.0991549 9.9991E-05 0.0467302 0.0776178 0.0304038
0.0348564 0.344055 0.0268558 0.510734 0.0369291 9.9991E-05 0.0410766 0.00539244
0.112339 0.452515 0.0055147 0.248908 0.104861 0.0318716 0.0438906 9.9991E-05
9.9964E-05 0.704408 9.9964E-05 0.231234 9.9964E-05 0.0376862 9.9964E-05 0.0262716
0.0931471 0.480331 9.9982E-05 0.0194827 0.0170442 9.9982E-05 0.0678937 0.321901
0.0615379 0.547796 9.9982E-05 0.0877822 0.0545327 9.9982E-05 0.0821929 0.165958
0.104615 0.15034 9.9982E-05 0.648448 9.9982E-05 0.0377171 0.0341249 0.0245544
9.9973E-05 0.594025 9.9973E-05 9.9973E-05 0.0368001 0.0409163 0.053733 0.274226
0.00181019 0.521112 0.0730672 0.157376 0.116655 9.9991E-05 0.0548556 0.075024
0.038437 0.539798 0.0370694 0.187412 0.0971105 9.9991E-05 0.0639749 0.0360983
9.9964E-05 0.333462 0.0152572 0.606843 9.9964E-05 0.044038 9.9964E-05 9.9964E-05
9.9982E-05 0.659971 9.9982E-05 0.210573 0.0114507 0.0226784 0.0613906 0.0337356
0.0466486 0.502271 0.0626944 0.0516997 0.10677 0.121446 0.0094218 0.0990477
9.9964E-05 9.9964E-05 0.00612472 0.782516 9.9964E-05 0.189266 0.0216932 9.9964E-05
0.406128 0.184979 0.0630827 0.1873 9.9982E-05 0.0240248 9.9982E-05 0.134286
0.188233 0.0698777 0.226511 0.136383 9.9982E-05 0.207873 9.9982E-05 0.170923
0.0939611 0.57358 0.202229 9.9982E-05 9.9982E-05 0.0148023 0.0691175 0.0461096
0.0578367 0.537641 0.0399411 9.9982E-05 0.113204 9.9982E-05 0.126367 0.124811
0.0985181 0.622783 9.9991E-05 0.0827421 0.0379445 0.119817 0.0129359 0.0251594
0.380966 0.139252 0.00739024 0.263033 9.9991E-05 0.0715466 0.0470163 0.0906964
0.256597 0.600286 9.9973E-05 0.100356 9.9973E-05 0.0344947 9.9973E-05 0.00796663
0.0342243 0.477271 0.129713 9.9991E-05 0.157966 0.07721 0.0193222 0.104194
0.254823 0.321347 0.063548 0.0703896 0.0944158 0.0474676 0.0676737 0.0803349
0.374378 0.0794082 0.00799773 0.123081 0.0362497 0.25185 0.0855663 0.0414693
0.147366 0.481779 9.9982E-05 0.157666 0.0766821 0.114915 0.0213915 9.9982E-05
0.239899 0.418459 0.109082 0.0199859 0.0263116 0.159315 0.0268473 9.9991E-05
0.501164 0.0442129 0.00459195 0.191175 9.9991E-05 0.102524 0.01196 0.144273
0.197019 0.47459 0.0508135 0.0950304 9.9982E-05 0.145912 9.9982E-05 0.0364354
0.0524985 0.66445 0.127251 0.0774306 9.9982E-05 0.0549231 9.9982E-05 0.0232478
0.0879761 0.577842 0.146858 9.9973E-05 9.9973E-05 9.9973E-05 0.090113 0.0969105
0.270895 0.273415 0.0889372 0.151866 0.0803039 0.134383 9.9982E-05 9.9982E-05
0.113633 0.434572 9.9973E-05 0.186916 0.0938183 0.170761 9.9973E-05 9.9973E-05
0.180979 0.591425 0.0151216 9.9973E-05 9.9973E-05 0.150723 0.0614518 9.9973E-05
0.392893 0.234877 0.129979 0.115649 9.9991E-05 0.110906 0.0104405 0.00515455
0.0882128 0.562522 9.9955E-05 0.348766 9.9955E-05 9.9955E-05 9.9955E-05 9.9955E-05
0.0549316 0.223561 9.9964E-05 0.697038 9.9964E-05 9.9964E-05 0.0240701 9.9964E-05
0.0565558 0.532627 0.0689867 0.12996 0.0495027 0.0103396 0.116121 0.0359074
9.9964E-05 9.9964E-05 0.0200141 0.885941 9.9964E-05 0.037386 9.9964E-05 0.0562592
9.9964E-05 9.9964E-05 0.112816 0.84215 9.9964E-05 0.0412998 9.9964E-05 0.00333457
9.9955E-05 0.312817 9.9955E-05 0.672173 9.9955E-05 9.9955E-05 9.9955E-05 0.0145103
0.0295569 0.506116 9.9973E-05 0.360574 9.9973E-05 0.0868546 0.0165988 9.9973E-05
0.0800967 0.647958 9.9991E-05 0.0962178 0.0109299 0.0182557 0.138929 0.00751364
0.0143867 0.514733 9.9964E-05 0.418661 9.9964E-05 0.0518195 9.9964E-05 9.9964E-05
0.129634 0.145447 9.9973E-05 0.646592 0.0440393 9.9973E-05 0.0339886 9.9973E-05
0.175368 0.263616 9.9964E-05 0.487888 9.9964E-05 9.9964E-05 0.0727291 9.9964E-05
0.10843 0.567003 9.9982E-05 0.182027 0.0244649 0.0509108 0.0669642 9.9982E-05
0.0146746 0.254919 0.0280668 0.559963 0.0643463 9.9982E-05 0.0778309 9.9982E-05
0.0465482 0.459725 0.0352753 0.407666 9.9982E-05 9.9982E-05 0.0307472 0.0198385
9.9964E-05 0.336223 0.0501053 0.559157 9.9964E-05 9.9964E-05 9.9964E-05 0.0541151
9.9982E-05 9.9982E-05 0.121288 0.710934 0.0273727 0.0681827 0.00790455 0.0641188
0.0980613 0.596624 0.0230669 0.208115 9.9982E-05 0.0500567 0.0238757 9.9982E-05
0.0520382 0.131583 9.9964E-05 9.9964E-05 0.0203848 9.9964E-05 0.795594 9.9964E-05
9.9964E-05 0.0812114 0.00259657 9.9964E-05 9.9964E-05 0.00147534 0.914317 9.9964E-05
9.9964E-05 0.0899983 9.9964E-05 9.9964E-05 0.0145099 0.0459065 0.849186 9.9964E-05
9.9955E-05 0.0378698 9.9955E-05 9.9955E-05 9.9955E-05 0.167157 0.794473 9.9955E-05
9.9964E-05 0.12342 9.9964E-05 9.9964E-05 0.0161773 0.00605381 0.853949 9.9964E-05
9.9964E-05 0.052729 9.9964E-05 0.0155726 9.9964E-05 0.0909622 0.840336 9.9964E-05
9.9955E-05 0.0975155 9.9955E-05 9.9955E-05 9.9955E-05 0.0204287 0.881556 9.9955E-05
9.9973E-05 0.527817 9.9973E-05 0.302288 0.016088 0.0363966 0.117111 9.9973E-05
0.0615332 0.602814 0.00665836 0.157091 0.0327968 9.9991E-05 0.119658 0.0193483
0.0778543 0.0583538 0.0562806 0.753147 9.9973E-05 9.9973E-05 0.0540648 9.9973E-05
9.9982E-05 0.541821 0.00766779 0.193613 0.0900401 9.9982E-05 0.109024 0.0576339
0.0195996 0.445135 9.9973E-05 0.4203 9.9973E-05 9.9973E-05 0.0747021 0.0399636
9.9964E-05 0.655225 0.0063424 0.303185 9.9964E-05 9.9964E-05 0.0348479 9.9964E-05
0.00336975 0.522268 0.0820923 0.288327 0.0510229 9.9982E-05 9.9982E-05 0.0527196
9.9964E-05 0.456045 9.9964E-05 0.44242 0.0654223 0.0357127 9.9964E-05 9.9964E-05
0.249116 9.9973E-05 0.0736271 0.634864 9.9973E-05 9.9973E-05 0.0269015 0.0151921
0.144496 0.41894 0.0663571 0.167794 0.0764789 0.0581362 0.0676973 9.9991E-05
0.0747383 0.564852 9.9982E-05 0.207783 0.0587669 9.9982E-05 0.05297 0.0406896
0.119056 0.544393 0.0855859 0.0869774 0.0419356 0.0513211 0.045246 0.0254848
9.9973E-05 0.208696 9.9973E-05 0.564801 0.0427864 9.9973E-05 0.0175077 0.165909
9.9991E-05 0.582143 0.0596615 0.255431 0.00658805 0.0305187 0.0269237 0.0386337
0.118065 0.40513 0.0844809 0.327748 0.0447766 9.9991E-05 0.00416066 0.0155394
9.9955E-05 0.268163 9.9955E-05 0.60667 0.124667 9.9955E-05 9.9955E-05 9.9955E-05
0.0133958 0.44674 9.9964E-05 0.474538 9.9964E-05 9.9964E-05 0.0649268 9.9964E-05
0.0542438 0.491959 9.9982E-05 0.297789 9.9982E-05 0.125913 0.0263076 0.00358764
0.369131 0.220318 0.223213 0.0339178 0.0159015 0.137318 9.9982E-05 9.9982E-05
0.277478 0.44399 9.9991E-05 0.00870894 0.0317185 0.0229163 0.0833322 0.131756
0.165843 0.466746 0.0165903 0.0833641 0.069617 0.0488722 0.106779 0.0421882
0.0291257 0.579274 0.0581747 0.113366 0.023259 9.9991E-05 0.0865719 0.110128
0.342936 0.56314 0.0259256 9.9964E-05 9.9964E-05 0.0675986 9.9964E-05 9.9964E-05
0.205789 0.652993 0.0941953 0.0122402 9.9973E-05 9.9973E-05 0.0344825 9.9973E-05
0.376006 0.483035 0.0517209 0.0422424 0.0130685 9.9982E-05 0.0337272 9.9982E-05
0.138046 0.46559 0.0544213 0.0877138 0.0433381 0.144804 9.9991E-05 0.065986
0.115876 0.524158 0.0217607 0.00706397 9.9991E-05 0.152112 0.0689696 0.10996
0.125506 0.567084 0.00342159 0.171174 9.9973E-05 9.9973E-05 9.9973E-05 0.132514
0.37654 0.561832 9.9964E-05 0.0589113 9.9964E-05 0.00231606 9.9964E-05 9.9964E-05
0.145012 0.673068 0.0338619 0.0204145 9.9982E-05 0.0224231 9.9982E-05 0.105021
0.0943656 0.533802 0.136898 0.0104099 0.0791843 9.9991E-05 0.105221 0.0400197
0.244287 0.552665 0.0865843 0.0332012 0.082963 9.9973E-05 9.9973E-05 9.9973E-05
0.101395 0.498708 0.0545448 9.9991E-05 0.0658949 0.0151979 0.048434 0.215726
0.224141 0.554259 0.0794973 0.010715 0.0692748 0.0184966 9.9991E-05 0.0435171
0.28603 0.430624 0.0484576 9.9982E-05 9.9982E-05 0.216006 0.011454 0.00722831
0.165284 0.705435 0.011144 9.9964E-05 9.9964E-05 0.117737 9.9964E-05 9.9964E-05
0.137649 0.663565 0.0850222 9.9964E-05 9.9964E-05 0.113364 9.9964E-05 9.9964E-05
0.372609 0.245442 0.0690621 0.202528 0.0517647 0.0583934 9.9982E-05 9.9982E-05
0.279907 0.164445 0.195764 0.0639386 0.0343355 0.200093 9.9991E-05 0.0614166
0.20543 0.551479 0.044793 0.112963 9.9982E-05 0.0682299 9.9982E-05 0.016905
0.293471 0.046939 0.251386 0.257827 0.0495248 0.0952666 9.9991E-05 0.00548518
0.389353 0.339321 0.0891601 0.129934 9.9973E-05 9.9973E-05 0.0519317 9.9973E-05
0.318319 0.419799 0.0225199 0.184431 9.9973E-05 9.9973E-05 9.9973E-05 0.0546307
0.399373 0.355154 0.00728209 0.189279 9.9973E-05 9.9973E-05 0.0486122 9.9973E-05
0.485989 0.378092 9.9982E-05 0.053435 0.00234068 9.9982E-05 0.00543199 0.0745106
0.0843262 0.558016 0.0340973 0.0436674 0.00679771 9.9991E-05 0.0869053 0.18609
0.0981706 0.589269 0.0122157 0.0716198 0.0145914 0.127115 0.0869184 9.9991E-05
0.168445 0.524408 0.0304607 0.148382 0.0442623 0.0710646 9.9991E-05 0.0128781
0.371871 0.100781 0.0591606 0.193225 0.0430525 0.184145 9.9991E-05 0.0476658
9.9982E-05 0.531033 0.0205531 0.0617054 9.9982E-05 0.0878176 0.13328 0.165411
0.0145292 0.411098 0.0622069 0.161663 0.0506713 0.0382771 0.070799 0.190755
0.131123 9.9982E-05 0.140092 0.142646 9.9982E-05 0.153129 0.0625869 0.370223
9.9991E-05 0.614096 0.107039 0.0556872 0.0140544 0.0814994 0.0943541 0.0331697
0.102381 0.290904 0.143373 0.147366 0.0104634 0.181703 0.0429382 0.0808711
0.0629145 0.554227 0.104697 0.0349502 0.0071253 0.120748 0.0578899 0.0574482
0.0777117 0.190198 0.0494389 0.0967655 9.9982E-05 0.317006 9.9982E-05 0.268679
0.103759 0.141288 0.120892 0.10696 9.9991E-05 0.100305 0.0784889 0.348207
0.0911606 0.359154 0.197695 0.0687026 9.9991E-05 0.0135866 0.0529194 0.216682
0.0308457 0.428548 0.0545482 0.0361515 0.0895618 0.00976752 0.0784342 0.272143
0.101012 0.394341 0.0176804 0.0595188 0.0296479 0.107987 0.120135 0.169678
0.0967798 9.9991E-05 0.133851 0.180785 0.15362 0.184858 0.0128113 0.237196
0.0808621 0.488351 0.107299 0.102953 0.0753726 9.9991E-05 0.0617941 0.0832688
0.0458536 0.275302 9.9973E-05 0.195118 9.9973E-05 0.0517746 9.9973E-05 0.431651
0.0855973 0.398048 0.0128317 0.261841 9.9982E-05 0.0982097 9.9982E-05 0.143273
0.0689954 0.610722 0.08712 0.108499 0.0174135 9.9991E-05 0.0705814 0.0365686
9.9973E-05 0.0982192 9.9973E-05 9.9973E-05 0.238715 0.182389 0.26272 0.217656
9.9964E-05 9.9964E-05 9.9964E-05 9.9964E-05 0.0346838 0.517045 0.392591 0.0552811
9.9973E-05 9.9973E-05 0.0716012 9.9973E-05 0.0644259 0.505942 0.288688 0.0690439
0.0282838 0.0427138 9.9982E-05 9.9982E-05 0.313261 0.264176 0.26055 0.0908152
9.9955E-05 0.650129 9.9955E-05 9.9955E-05 9.9955E-05 0.00303082 9.9955E-05 0.34634
0.0754375 0.59589 0.101739 9.9982E-05 9.9982E-05 0.0426196 0.082024 0.102089
0.00827895 0.332392 9.9964E-05 0.0290303 0.629898 9.9964E-05 9.9964E-05 9.9964E-05
0.114486 0.385189 9.9973E-05 0.0550418 0.427396 0.0175868 9.9973E-05 9.9973E-05
0.0693432 0.296992 0.0113948 0.103691 0.448224 9.9982E-05 0.0701549 9.9982E-05
0.00644035 0.265823 0.139808 0.0932606 0.0219169 9.9982E-05 9.9982E-05 0.472551
0.0619502 0.5249 0.105789 0.099342 0.0496681 0.00213777 0.0820834 0.0741295
0.0183634 0.103833 0.200882 0.0867096 0.0387885 0.111084 9.9991E-05 0.440239
9.9973E-05 0.615306 0.0786633 0.0208366 9.9973E-05 9.9973E-05 0.00541461 0.27948
0.0516899 0.368888 0.206893 0.145815 9.9982E-05 9.9982E-05 0.0473768 0.179137
0.0301843 0.502366 0.0512753 9.9991E-05 0.0343169 0.0633031 0.0082772 0.310178
0.0510657 0.119803 0.154316 0.211985 9.9982E-05 0.0938048 9.9982E-05 0.368824
0.0649977 0.525899 0.0192806 0.0760931 0.0853547 0.0318087 0.0587826 0.137783
0.043986 0.45301 0.0768321 9.9991E-05 0.0347408 0.00473918 0.0792015 0.307391
9.9955E-05 0.00815543 9.9955E-05 9.9955E-05 0.976626 0.0147189 9.9955E-05 9.9955E-05
9.9955E-05 9.9955E-05 9.9955E-05 0.0328997 0.914713 9.9955E-05 9.9955E-05 0.0518874
0.0645491 0.200509 0.027915 0.051403 0.651275 9.9982E-05 0.00414969 9.9982E-05
0.028016 0.282394 9.9955E-05 9.9955E-05 0.68909 9.9955E-05 9.9955E-05 9.9955E-05
0.0390952 0.156656 9.99696E-05 9.99696E-05 0.782739 9.99696E-05 9.99696E-05 0.0211101
9.994E-05 9.994E-05 9.994E-05 9.994E-05 0.9993 9.994E-05 9.994E-05 9.994E-05
0.0044076 9.9973E-05 9.9973E-05 0.0174152 0.955326 9.9973E-05 0.0117225 0.0108289
9.9946E-05 0.102149 9.9946E-05 9.9946E-05 0.897251 9.9946E-05 9.9946E-05 9.9946E-05
9.9955E-05 0.0164556 9.9955E-05 0.0177131 0.965331 9.9955E-05 9.9955E-05 9.9955E-05
9.9946E-05 9.9946E-05 0.00573193 9.9946E-05 0.993668 9.9946E-05 9.9946E-05 9.9946E-05
9.994E-05 9.994E-05 9.994E-05 9.994E-05 0.9993 9.994E-05 9.994E-05 9.994E-05
9.9964E-05 0.212276 0.00433172 9.9964E-05 0.734632 9.9964E-05 0.0483597 9.9964E-05
0.0273915 0.0817233 9.9964E-05 9.9964E-05 0.801203 0.0892823 9.9964E-05 9.9964E-05
9.9946E-05 9.9946E-05 9.9946E-05 0.00615154 0.993249 9.9946E-05 9.9946E-05 9.9946E-05
0.137996 0.303795 9.9982E-05 0.0864765 0.348315 9.9982E-05 0.103461 0.0197565
0.0377077 0.187034 9.9973E-05 9.9973E-05 0.645599 0.0624038 0.0669558 9.9973E-05
9.9955E-05 0.202535 9.9955E-05 9.9955E-05 0.69083 0.106135 9.9955E-05 9.9955E-05
0.0499241 0.0419815 9.9955E-05 9.9955E-05 0.907595 9.9955E-05 9.9955E-05 9.9955E-05
9.9964E-05 9.9964E-05 9.9964E-05 0.00260581 0.969182 0.0275166 0.000295624 9.9964E-05
9.9955E-05 0.0969515 9.9955E-05 9.9955E-05 0.851393 0.051156 9.9955E-05 9.9955E-05
9.9946E-05 9.9946E-05 9.9946E-05 9.9946E-05 0.992826 9.9946E-05 0.00657474 9.9946E-05
9.9973E-05 0.207228 0.081544 9.9973E-05 0.657482 9.9973E-05 0.0101443 0.0433018
0.0201757 9.9964E-05 0.0139749 0.0833019 0.882148 9.9964E-05 9.9964E-05 9.9964E-05
9.9973E-05 9.9973E-05 0.0610279 0.0280107 9.9973E-05 0.315339 0.220661 0.374661
0.0215315 0.355324 0.0827539 0.011662 0.103258 0.0774488 0.157331 0.19069
9.9982E-05 0.378477 9.9982E-05 0.0494637 0.030013 0.0195596 0.2261 0.296187
9.9982E-05 0.150317 0.0273626 9.9982E-05 0.0574413 0.316735 0.115947 0.331997
9.9982E-05 0.448678 9.9982E-05 0.00122218 0.109955 0.109073 0.157398 0.173475
9.9991E-05 0.182199 0.011862 0.0717101 0.0573035 0.287404 0.145482 0.243938
0.000173783 0.295665 0.0604675 0.125004 0.192245 0.0419829 0.174844 0.109617
9.9973E-05 0.27565 9.9973E-05 9.9973E-05 0.101528 0.196974 0.0529939 0.372554
9.9991E-05 0.446227 0.0682821 0.00446591 0.0961122 0.134779 0.0908459 0.159188
9.9982E-05 0.290439 0.0183275 9.9982E-05 0.16606 0.166436 0.0998 0.258737
9.9991E-05 0.286903 0.0158411 0.0599749 0.162379 0.0633999 0.186359 0.225043
0.0386378 0.00697091 0.0437291 9.9973E-05 9.9973E-05 9.9973E-05 0.817467 0.0928954
0.00681685 9.9982E-05 0.0156863 9.9982E-05 0.0552003 0.0167135 0.900473 0.00491011
0.0284569 9.9955E-05 9.9955E-05 9.9955E-05 9.9955E-05 0.00163565 0.969408 9.9955E-05
0.014876 0.023691 9.9973E-05 0.00512281 9.9973E-05 0.0152782 0.940732 9.9973E-05
0.0712345 0.0100062 9.9973E-05 9.9973E-05 0.0619352 0.0179459 0.838578 9.9973E-05
9.9955E-05 9.9955E-05 9.9955E-05 9.9955E-05 0.0847408 0.0744522 0.840307 9.9955E-05
0.0210343 0.0275415 9.9973E-05 9.9973E-05 0.0691275 0.0222769 0.85972 9.9973E-05
9.9973E-05 9.9973E-05 0.054736 9.9973E-05 0.0507966 0.00632847 0.867196 0.0206425
9.9964E-05 0.0533286 9.9964E-05 0.00959545 9.9964E-05 0.0868906 0.849786 9.9964E-05
0.0215962 0.0293175 9.9973E-05 9.9973E-05 0.042533 0.139706 0.766547 9.9973E-05
0.200395 9.9973E-05 0.0392675 0.148914 9.9973E-05 9.9973E-05 0.598656 0.0124669
0.294849 9.9973E-05 0.0232314 0.0519994 9.9973E-05 0.0541002 0.57552 9.9973E-05
0.269883 9.9973E-05 0.0749534 0.0744466 9.9973E-05 0.111772 0.468645 9.9973E-05
0.31947 9.9973E-05 0.0966235 0.0809623 9.9973E-05 9.9973E-05 0.489119 0.0135259
0.128748 0.470784 0.0853653 0.273544 9.9973E-05 9.9973E-05 0.0412576 9.9973E-05
9.9982E-05 0.457821 0.193652 0.265189 0.00243104 0.00620465 0.0745016 9.9982E-05
0.209348 0.444702 0.0115155 0.137797 0.0590504 9.9982E-05 9.9982E-05 0.137387
0.232367 0.431955 9.9973E-05 0.233865 9.9973E-05 0.0365303 0.0649828 9.9973E-05
0.552898 0.144673 0.0490829 0.117469 0.0277572 9.9982E-05 9.9982E-05 0.10792
0.00333386 0.605856 0.0196409 0.17889 0.0350897 0.00116776 0.0793519 0.07667
0.112608 0.58711 9.9973E-05 0.251481 0.00329856 0.0452022 9.9973E-05 9.9973E-05
0.102337 0.506979 0.0244002 0.276054 9.9982E-05 0.044661 9.9982E-05 0.0453686
9.9964E-05 0.261115 9.9964E-05 0.572793 0.0969806 9.9964E-05 9.9964E-05 0.0687113
0.0895754 0.518755 0.0105224 0.14224 0.0630308 0.00538562 9.9991E-05 0.170391
0.0750808 0.46852 0.0384139 0.334785 0.0139216 9.9991E-05 0.0217354 0.0474437
0.0870414 9.9955E-05 0.170164 0.742295 9.9955E-05 9.9955E-05 9.9955E-05 9.9955E-05
0.216667 0.510125 9.9973E-05 0.177464 9.9973E-05 0.0806737 9.9973E-05 0.0147709
9.9973E-05 0.251674 0.0433219 0.492661 9.9973E-05 0.109626 9.9973E-05 0.102417
0.0241475 0.503242 0.0139047 0.349939 9.9982E-05 0.0483255 9.9982E-05 0.0602415
0.170743 0.0923428 9.9973E-05 0.703111 0.0017332 9.9973E-05 0.0317697 9.9973E-05
0.650358 9.9955E-05 9.9955E-05 9.9955E-05 9.9955E-05 9.9955E-05 0.106582 0.24256
0.633189 9.9964E-05 9.9964E-05 9.9964E-05 0.0248438 9.9964E-05 0.0692479 0.272319
0.732709 9.9955E-05 9.9955E-05 9.9955E-05 9.9955E-05 9.9955E-05 0.0271018 0.23969
0.702713 9.9955E-05 9.9955E-05 9.9955E-05 9.9955E-05 9.9955E-05 0.0872603 0.209527
0.670696 9.9964E-05 9.9964E-05 9.9964E-05 0.0329519 9.9964E-05 0.0199706 0.275982
0.712653 0.0561089 9.9973E-05 9.9973E-05 0.0280416 9.9973E-05 0.0530609 0.149835
9.9955E-05 0.13243 9.9955E-05 9.9955E-05 9.9955E-05 0.0472811 0.819789 9.9955E-05
0.0169694 0.11777 9.9973E-05 9.9973E-05 0.00866602 0.0728462 0.783448 9.9973E-05
9.9973E-05 0.128588 0.00555922 9.9973E-05 0.0832389 0.0257709 0.756543 9.9973E-05
0.0860265 0.0458629 9.9973E-05 9.9973E-05 0.123216 0.0633127 0.681281 9.9973E-05
0.0423512 0.0514645 9.9973E-05 9.9973E-05 0.105462 0.045604 0.754818 9.9973E-05
0.392515 9.9964E-05 9.9964E-05 0.0834006 9.9964E-05 9.9964E-05 0.442057 0.0816274
0.33168 9.9973E-05 0.060232 0.0422095 9.9973E-05 9.9973E-05 0.463051 0.102527
0.441783 9.9964E-05 0.0306605 0.0784548 9.9964E-05 9.9964E-05 0.448702 9.9964E-05
0.068715 0.110309 9.9964E-05 9.9964E-05 0.0439305 9.9964E-05 0.776645 9.9964E-05
0.45087 9.9964E-05 9.9964E-05 0.118911 9.9964E-05 0.0468545 0.382965 9.9964E-05
0.0111395 0.303773 9.9973E-05 9.9973E-05 0.31974 0.233611 0.131436 9.9973E-05
0.0629965 0.556473 9.9973E-05 9.9973E-05 0.162145 9.9973E-05 0.215043 0.0030424
9.9964E-05 0.555784 9.9964E-05 9.9964E-05 0.229788 0.00714284 0.206885 9.9964E-05
9.9982E-05 0.314672 9.9982E-05 0.103666 0.214163 0.0503412 0.201019 0.11594
0.0285643 0.536452 0.0156991 9.9991E-05 0.212295 0.107919 0.0801118 0.0188582
9.9964E-05 9.9964E-05 9.9964E-05 9.9964E-05 0.259763 0.300763 0.321466 0.117609
0.258961 0.43607 0.14283 0.100247 9.9973E-05 9.9973E-05 9.9973E-05 0.0615921
0.197205 0.387642 0.24799 0.0422141 9.9973E-05 0.12465 9.9973E-05 9.9973E-05
0.478801 0.289745 0.102238 9.9973E-05 9.9973E-05 0.0715996 0.0573164 9.9973E-05
0.166672 0.444826 0.245015 0.118692 9.9973E-05 0.0244949 9.9973E-05 9.9973E-05
0.168328 9.9964E-05 0.353791 0.278477 9.9964E-05 0.199005 9.9964E-05 9.9964E-05
0.105198 0.559421 0.12337 9.9982E-05 9.9982E-05 0.103245 0.0733127 0.0352539
0.141191 0.405243 0.121121 0.181516 0.0855437 0.0131124 0.0306363 0.0216356
0.434106 0.362339 0.0660324 0.0879872 9.9973E-05 0.049236 9.9973E-05 9.9973E-05
0.0803599 0.544727 0.0310073 0.118659 9.9982E-05 9.9982E-05 0.0706553 0.154392
0.259271 0.131879 0.152209 0.201401 9.9982E-05 0.16663 9.9982E-05 0.0884097
0.115052 0.462055 0.105158 0.058632 0.0112111 0.126533 9.9991E-05 0.121258
0.268495 0.594939 9.9964E-05 0.116432 9.9964E-05 0.0197342 9.9964E-05 9.9964E-05
0.14994 0.318413 9.9991E-05 0.0668929 0.200545 0.118013 0.0473207 0.0987745
0.310593 0.367671 0.20595 0.046453 9.9982E-05 0.0609591 9.9982E-05 0.00817392
0.257285 0.415176 0.136863 0.0375284 0.0510123 0.0333916 9.9991E-05 0.0686446
0.0855367 0.342548 0.145488 0.0884394 0.116081 9.9982E-05 9.9982E-05 0.221707
0.195122 0.517062 0.118433 0.0759001 9.9982E-05 0.036709 9.9982E-05 0.0565729
0.185368 0.613953 0.0351426 0.0601706 0.0336975 0.0235058 0.0480623 9.9991E-05
0.114261 0.439453 0.0732266 0.137017 0.112783 0.0323982 0.090762 9.9991E-05
0.226275 0.519472 0.0651332 0.0930925 9.9982E-05 0.0386548 0.0571722 9.9982E-05
9.9955E-05 0.129825 9.9955E-05 9.9955E-05 0.134585 9.9955E-05 0.735091 9.9955E-05
9.9973E-05 0.0845123 9.9973E-05 0.00479185 0.0537716 9.9973E-05 0.803638 0.0529862
0.015109 9.9982E-05 9.9982E-05 0.0993178 0.030265 0.0090265 0.748709 0.0973731
0.064456 9.9982E-05 0.00849233 0.0451793 0.0757478 0.019048 0.786877 9.9982E-05
9.9964E-05 0.0805969 9.9964E-05 9.9964E-05 0.038255 9.9964E-05 0.838865 0.0418829
0.549544 0.248614 9.9964E-05 0.0547305 9.9964E-05 0.146712 9.9964E-05 9.9964E-05
0.163636 0.361667 0.128084 0.108939 0.0788079 0.0421765 0.0377198 0.0789713
9.9991E-05 0.409442 0.0672469 0.0322778 0.130208 0.0788255 0.173637 0.108263
0.174054 0.671874 0.00625302 0.0564631 9.9982E-05 0.0403588 0.0507967 9.9982E-05
0.217684 0.529705 0.0244856 0.089662 9.9982E-05 0.0687435 0.0695199 9.9982E-05
0.22679 0.266297 0.172965 9.9982E-05 0.029384 0.171599 9.9982E-05 0.132765
0.605318 0.0396614 9.9982E-05 0.057839 9.9982E-05 0.203127 0.0745963 0.0192579
0.319386 0.519475 0.0133905 0.0595015 9.9982E-05 9.9982E-05 0.0824831 0.00556388
0.468508 0.16159 0.175783 0.0332534 0.0648158 9.9991E-05 0.0681427 0.0278069
0.112536 0.429751 0.0424706 0.246149 0.0241995 0.140555 9.9991E-05 0.00423867
0.503732 0.144757 0.103033 0.0952334 9.9982E-05 0.0398809 0.113163 9.9982E-05
0.123704 0.57279 0.00419138 0.0579568 0.0799027 0.0330143 0.0616269 0.0668131
0.487548 0.202424 0.05874 0.0462364 9.9991E-05 0.000331026 0.0777361 0.126885
0.257476 0.381152 0.131887 0.0710158 9.9991E-05 0.0925258 0.00646807 0.0593758
0.0498977 0.474707 0.133776 9.9982E-05 9.9982E-05 0.121583 0.0232089 0.196627
0.0285361 0.13626 0.140121 9.9973E-05 0.0765365 9.9973E-05 9.9973E-05 0.618247
0.0159605 0.525344 9.9973E-05 0.0348076 9.9973E-05 9.9973E-05 0.0468376 0.37675
0.00570801 0.484348 0.0775265 0.00430702 0.0124846 9.9991E-05 0.112942 0.302584
9.9964E-05 0.269887 0.144418 0.041906 9.9964E-05 9.9964E-05 9.9964E-05 0.543389
0.134121 0.488133 0.00273247 0.0945924 0.003694 0.0153805 0.0549739 0.206373
0.0182077 0.447876 0.111463 0.0486061 9.9991E-05 0.0780964 0.0650569 0.230594
0.0366949 9.9973E-05 0.138536 0.100071 9.9973E-05 0.0272111 9.9973E-05 0.697187
9.9973E-05 0.130848 0.118146 0.141242 9.9973E-05 0.066091 9.9973E-05 0.543374
0.0694993 0.431928 0.0863377 0.00913113 9.9973E-05 9.9973E-05 9.9973E-05 0.402804
0.0626195 0.0921065 0.093532 0.196529 9.9982E-05 0.00545931 9.9982E-05 0.549553
0.033423 0.361507 9.9973E-05 0.0978978 9.9973E-05 0.0502953 9.9973E-05 0.456577
0.641892 0.144025 0.00127435 0.133671 9.9973E-05 0.0788377 9.9973E-05 9.9973E-05
0.288168 0.302204 0.264831 0.112496 9.9973E-05 0.0320014 9.9973E-05 9.9973E-05
0.400123 0.261105 0.0871494 0.127343 0.0351711 0.0889086 9.9982E-05 9.9982E-05
0.15645 0.595095 0.0210414 0.0256916 0.0249849 0.120245 9.9991E-05 0.0563911
0.486571 0.272276 9.9964E-05 0.237217 9.9964E-05 0.00353625 9.9964E-05 9.9964E-05
0.170197 0.629306 0.0415022 9.9982E-05 0.00438115 0.141122 0.013292 9.9982E-05
0.209606 0.600606 0.023561 0.0387775 0.0404542 0.070328 9.9991E-05 0.0165673
0.272022 0.412183 0.0167283 0.0823033 0.0921178 0.124446 9.9982E-05 9.9982E-05
0.249585 0.458119 0.10193 0.0436014 0.0881774 0.0206528 9.9991E-05 0.0378339
0.300118 0.412526 9.9982E-05 0.143731 0.0509707 9.9982E-05 0.0583355 0.0341197
0.511443 0.224952 9.9964E-05 0.183599 0.0796058 9.9964E-05 9.9964E-05 9.9964E-05
0.426765 0.270817 0.0716594 0.10883 0.121629 9.9973E-05 9.9973E-05 9.9973E-05
0.260177 0.563536 0.0751143 0.0598005 0.0410722 9.9973E-05 9.9973E-05 9.9973E-05
0.0831347 0.600974 0.0481778 0.0399834 9.9991E-05 0.185091 0.0256233 0.0169158
0.253656 0.455863 0.137081 0.00146946 9.9973E-05 0.151631 9.9973E-05 9.9973E-05
0.211877 0.48721 0.129493 0.0456664 9.9973E-05 0.125454 9.9973E-05 9.9973E-05
0.452999 0.374322 9.9964E-05 9.9964E-05 0.00644914 0.16583 9.9964E-05 9.9964E-05
0.279008 0.579091 0.0800901 9.9964E-05 0.0614111 9.9964E-05 9.9964E-05 9.9964E-05
0.315234 0.481088 0.0694525 0.0127822 0.107589 9.9982E-05 0.0136534 9.9982E-05
0.219284 0.551094 9.9982E-05 0.0417558 0.0553937 0.101879 0.0303932 9.9982E-05
9.9982E-05 0.403008 9.9982E-05 0.0282212 0.133418 0.051022 0.311904 0.0722264
9.9991E-05 0.397206 0.0887523 0.0452103 0.260779 0.0654104 0.0746298 0.0679124
9.9982E-05 0.523583 0.00251732 9.9982E-05 0.0720125 0.0781145 0.155083 0.16849
0.0480222 0.625952 0.10558 9.9973E-05 0.0854634 0.134683 9.9973E-05 9.9973E-05
9.9982E-05 0.472119 0.122335 0.00362543 0.150432 0.00920385 0.242085 9.9982E-05
0.229425 0.406908 0.213573 9.9982E-05 0.00744698 0.00698439 9.9982E-05 0.135463
0.118522 0.557443 0.0330947 9.9982E-05 0.106115 0.0686998 0.115926 9.9982E-05
9.9982E-05 0.0340326 9.9982E-05 0.165914 0.0825416 0.364825 0.137175 0.215312
0.119922 0.464923 0.0122006 0.0175543 0.13358 0.0802531 0.108507 0.0630598
0.083684 0.526302 0.07329 0.0117176 0.120012 0.0293005 0.155594 9.9991E-05
0.147306 0.409562 0.092771 9.9982E-05 0.223366 0.0519462 0.0748489 9.9982E-05
0.137181 0.274713 0.026278 0.0471872 0.113844 0.232708 0.102315 0.0657729
9.9982E-05 0.552032 0.000334629 0.0407178 0.145165 0.184098 0.0774531 9.9982E-05
0.0484002 0.443652 0.0470017 9.9991E-05 0.207789 0.0837293 0.149085 0.0202428
9.9973E-05 9.9973E-05 0.013085 0.0414982 0.10956 0.526159 0.309398 9.9973E-05
9.9991E-05 0.448003 0.0208531 0.0812749 0.180706 0.0213973 0.153647 0.0940191
9.9991E-05 0.465695 0.00665363 0.000525071 0.275837 0.0573631 0.123371 0.0704549
0.0318319 0.570808 9.9991E-05 0.0441597 0.0931049 0.196177 0.0467303 0.0170884
9.9964E-05 0.584035 9.9964E-05 9.9964E-05 0.119398 0.207247 0.0889196 9.9964E-05
0.00923661 0.422203 0.0935639 0.0281223 0.183783 0.000268325 0.1731 0.0897236
0.00648218 0.303059 0.408748 0.0705639 0.107736 9.9991E-05 0.033102 0.0702093
0.0289795 0.419398 0.180084 0.110661 0.0882221 0.0439081 0.0497493 0.0789977
0.062243 9.9955E-05 0.810145 0.127113 9.9955E-05 9.9955E-05 9.9955E-05 9.9955E-05
0.024746 9.9973E-05 0.908956 0.062752 9.9973E-05 9.9973E-05 0.00208049 0.00116562
0.0685572 0.403486 0.386986 9.9973E-05 0.110899 9.9973E-05 0.0297719 9.9973E-05
9.99789E-05 0.370921 0.13646 9.99789E-05 0.29661 0.123474 0.0722352 9.99789E-05
9.9973E-05 0.34795 0.22804 9.9973E-05 0.295354 0.0605118 0.0678444 9.9973E-05
0.0196525 0.188828 0.154005 0.0478333 0.217924 0.256691 0.114967 9.9991E-05
9.9973E-05 0.329304 0.174096 9.9973E-05 0.212411 0.119366 0.164523 9.9973E-05
9.9982E-05 0.0246124 0.684264 9.9982E-05 0.0225103 0.237606 0.0140852 0.0167221
9.9973E-05 0.162889 0.590568 9.9973E-05 0.0430968 0.194703 0.00844224 9.9973E-05
9.9964E-05 0.580716 0.315537 9.9964E-05 0.0554001 0.0479464 9.9964E-05 9.9964E-05
9.9964E-05 0.390245 0.450517 9.9964E-05 0.103614 9.9964E-05 0.0552249 9.9964E-05
9.9973E-05 0.11378 0.662646 9.9973E-05 0.113293 0.0551151 0.0548665 9.9973E-05
0.0254154 0.44754 0.280913 0.0526132 0.09442 9.9991E-05 0.0788983 0.0201007
9.9982E-05 0.46268 0.346583 9.9982E-05 0.0893255 0.0434591 0.0347936 0.0229579
0.0209097 0.417156 0.167174 9.9991E-05 0.15233 0.102591 0.0634226 0.0763177
0.0508546 0.277366 0.518345 0.0871563 9.9973E-05 9.9973E-05 9.9973E-05 0.0659778
0.105638 0.291473 0.470342 0.0622151 0.0303932 9.9991E-05 0.00314299 0.0366953
0.108822 0.439161 0.235677 9.9982E-05 0.0596737 9.9982E-05 0.0259989 0.130467
0.0635771 0.349258 0.388335 0.0366444 9.9982E-05 9.9982E-05 0.107459 0.0545271
0.114417 0.403531 0.194976 0.0479612 0.121721 9.9991E-05 0.0614032 0.0558905
9.9964E-05 0.445115 0.41706 9.9964E-05 9.9964E-05 0.0117943 9.9964E-05 0.125631
0.0447005 0.156351 0.736683 9.9964E-05 9.9964E-05 9.9964E-05 9.9964E-05 0.0618654
9.9973E-05 0.467786 0.320075 0.0509156 0.100695 9.9973E-05 0.0602297 9.9973E-05
0.0486351 0.54704 0.07579 0.0567645 9.9991E-05 0.084837 0.0845183 0.102316
0.0275477 0.240136 0.688761 0.0431553 9.9964E-05 9.9964E-05 9.9964E-05 9.9964E-05
9.9982E-05 0.395958 0.490743 9.9982E-05 0.022768 0.0289448 0.00347204 0.0579146
0.0160882 0.639996 0.234967 0.0090736 9.9982E-05 9.9982E-05 0.0503595 0.0493153
9.9973E-05 0.463793 0.28363 0.152242 9.9973E-05 9.9973E-05 0.0663383 0.0336968
9.9982E-05 0.469505 0.0918342 0.0322673 0.194303 9.9982E-05 0.170969 0.0409213
0.0634636 0.410523 0.0806735 9.9991E-05 0.140044 0.0338509 0.152469 0.118876
0.0616796 0.258569 0.0282958 0.00344763 0.255157 0.143293 0.0977527 0.151805
0.138036 0.196911 0.0993281 9.9991E-05 0.357291 0.0370648 0.0437276 0.127542
0.0988554 0.495374 0.01975 0.101567 0.105285 0.0165077 0.132234 0.0304261
9.9982E-05 0.36345 0.228738 9.9982E-05 0.180869 0.00230157 0.0962393 0.128202
9.9973E-05 9.9973E-05 0.557193 9.9973E-05 0.127336 0.164292 0.133245 0.0176334
0.0671265 0.521575 0.00312598 9.9982E-05 0.224065 9.9982E-05 0.00279465 0.181113
9.9964E-05 9.9964E-05 0.446681 9.9964E-05 0.0849656 0.162125 0.305829 9.9964E-05
9.9973E-05 0.460877 0.285525 9.9973E-05 0.192736 0.0244587 0.0361033 9.9973E-05
9.9955E-05 0.0698017 0.798195 0.131503 9.9955E-05 9.9955E-05 9.9955E-05 9.9955E-05
9.9955E-05 9.9955E-05 0.881267 0.0981976 9.9955E-05 9.9955E-05 0.0200353 9.9955E-05
0.00543873 0.442068 0.494834 9.9964E-05 9.9964E-05 9.9964E-05 9.9964E-05 0.0572594
9.9964E-05 0.57194 0.370553 9.9964E-05 0.0519766 9.9964E-05 0.00513013 9.9964E-05
9.9955E-05 0.335041 0.605087 9.9955E-05 9.9955E-05 9.9955E-05 9.9955E-05 0.0593723
9.9955E-05 0.453689 0.419978 0.125833 9.9955E-05 9.9955E-05 9.9955E-05 9.9955E-05
9.9946E-05 0.526962 0.472439 9.9946E-05 9.9946E-05 9.9946E-05 9.9946E-05 9.9946E-05
9.9973E-05 0.0849715 0.0878083 9.9973E-05 0.0315921 0.0135734 0.781755 9.9973E-05
0.131209 9.9982E-05 0.049961 9.9982E-05 0.122225 0.00268903 0.672411 0.0213053
0.0289762 9.9955E-05 9.9955E-05 9.9955E-05 0.112258 9.9955E-05 0.858266 9.9955E-05
9.9964E-05 0.0476873 0.00642412 9.9964E-05 9.9964E-05 0.0302637 0.915225 9.9964E-05
0.0230048 0.549731 0.0371718 0.30209 9.9982E-05 0.00904066 0.0787617 9.9982E-05
0.0361127 0.546428 9.9964E-05 0.366425 9.9964E-05 9.9964E-05 0.0506338 9.9964E-05
0.00877379 0.545837 9.9955E-05 0.444889 9.9955E-05 9.9955E-05 9.9955E-05 9.9955E-05
0.0322367 0.592858 0.00656953 0.166196 9.9982E-05 9.9982E-05 0.166149 0.035791
0.125616 0.537519 9.9982E-05 0.0824006 0.0454547 9.9982E-05 0.0424039 0.166406
0.147864 0.273867 0.0197252 0.471804 9.9982E-05 9.9982E-05 0.00862964 0.0779101
0.00807385 0.701897 9.9955E-05 0.289529 9.9955E-05 9.9955E-05 9.9955E-05 9.9955E-05
9.9964E-05 0.317935 0.0707459 0.482477 9.9964E-05 9.9964E-05 9.9964E-05 0.128442
0.00184811 0.463324 0.00472441 9.9982E-05 0.162458 0.176693 0.190753 9.9982E-05
0.0129148 0.45332 0.09398 0.351716 0.0370802 0.0139734 9.9991E-05 0.0369152
0.144517 0.311783 0.0141979 0.495778 9.9973E-05 0.0334253 9.9973E-05 9.9973E-05
0.0359317 0.592455 0.0724407 0.26699 9.9973E-05 0.0318822 9.9973E-05 9.9973E-05
0.0167284 0.452005 9.9964E-05 0.502531 9.9964E-05 9.9964E-05 0.0283355 9.9964E-05
9.9973E-05 0.592316 0.0222934 0.35541 9.9973E-05 0.000968891 0.0287116 9.9973E-05
0.0332147 0.587605 0.0843917 0.237034 0.0040249 9.9991E-05 0.0174289 0.0362001
9.9955E-05 0.0653977 0.0527917 0.881311 9.9955E-05 9.9955E-05 9.9955E-05 9.9955E-05
9.9991E-05 0.251492 0.043121 0.610091 0.00772423 0.00940262 0.0404826 0.0375857
0.0628838 0.347655 0.0160831 0.557126 9.9973E-05 0.0159522 9.9973E-05 9.9973E-05
9.9955E-05 9.9955E-05 9.9955E-05 0.955454 9.9955E-05 0.0420736 9.9955E-05 0.00197299
0.110346 0.503331 0.0161551 0.327907 9.9982E-05 9.9982E-05 0.0257996 0.0162607
9.9964E-05 0.0724646 9.9964E-05 0.629238 9.9964E-05 0.116932 9.9964E-05 0.180966
9.9955E-05 9.9955E-05 0.0780873 0.741429 9.9955E-05 0.179984 9.9955E-05 9.9955E-05
9.9991E-05 0.565294 0.048845 0.260402 0.0343061 0.0529774 0.0263641 0.0117118
0.124665 0.282236 9.9973E-05 0.568456 0.00408792 9.9973E-05 0.0202556 9.9973E-05
0.102701 0.436858 9.9982E-05 0.31902 0.0507459 0.00204151 9.9982E-05 0.0884336
9.9982E-05 0.491025 9.9982E-05 0.178854 0.0673661 0.0157076 0.141581 0.105267
0.0246129 0.517628 9.9964E-05 0.445411 9.9964E-05 0.0119485 9.9964E-05 9.9964E-05
0.318983 0.240136 0.175554 0.124313 0.0373757 0.0804824 9.9991E-05 0.0230564
0.00366888 0.493071 0.00925755 0.362948 0.0633988 9.9982E-05 9.9982E-05 0.0674551
0.0945009 0.483919 9.99905E-05 0.272945 0.0132503 9.99905E-05 0.0759255 0.0592589
9.9955E-05 0.325307 9.9955E-05 0.651301 9.9955E-05 9.9955E-05 9.9955E-05 0.0228919
9.9982E-05 0.44287 0.0494596 0.266535 0.0793084 9.9982E-05 0.0970712 0.0645554
0.220679 9.9973E-05 0.0307988 9.9973E-05 9.9973E-05 0.00730862 0.628669 0.112244
0.0853382 0.0330709 9.9982E-05 0.12429 9.9982E-05 0.0268629 0.699468 0.0307699
0.11226 9.9973E-05 9.9973E-05 0.0210688 9.9973E-05 0.0592246 0.781976 0.0251705
0.0715324 9.9982E-05 0.0236431 0.0505455 9.9982E-05 0.0237758 0.813335 0.0169679
0.150067 9.9955E-05 9.9955E-05 9.9955E-05 9.9955E-05 9.9955E-05 0.69823 0.151203
0.142691 0.127429 9.9982E-05 0.65383 0.0404415 0.00792858 0.0274799 9.9982E-05
0.140164 0.155515 9.9973E-05 0.632103 9.9973E-05 9.9973E-05 0.0686463 0.00327125
9.9973E-05 0.177591 0.052568 0.665446 0.0302823 9.9973E-05 9.9973E-05 0.0738125
0.0107048 0.452511 9.9991E-05 0.211501 0.0883898 0.0777275 0.0765654 0.0825011
9.9991E-05 0.50101 0.0557225 0.256167 0.0497305 0.0122824 0.102481 0.022507
9.9982E-05 0.266618 0.0336769 0.552619 0.0447657 9.9982E-05 0.0155236 0.0865968
9.9973E-05 0.590229 0.0451115 0.216713 0.0227076 9.9973E-05 9.9973E-05 0.124938
9.9973E-05 0.366125 9.9973E-05 0.487689 0.0751704 9.9973E-05 0.0302143 0.0405012
0.0259217 0.550052 0.0735188 0.252094 0.00686305 9.9991E-05 0.0214834 0.069967
0.0800768 0.551483 0.0051228 0.267372 9.9982E-05 9.9982E-05 0.0701018 0.0256438
0.103635 0.17193 9.9973E-05 0.642019 0.052061 9.9973E-05 9.9973E-05 0.0300555
0.068632 0.4131 9.9964E-05 0.493634 9.9964E-05 9.9964E-05 9.9964E-05 0.0242338
0.19631 0.324802 9.9955E-05 0.478389 9.9955E-05 9.9955E-05 9.9955E-05 9.9955E-05
0.0523232 0.578548 9.9973E-05 9.9973E-05 9.9973E-05 0.0345634 0.103634 0.230631
0.0174934 0.395936 9.9964E-05 0.520923 9.9964E-05 9.9964E-05 0.065248 9.9964E-05
9.9973E-05 0.392138 9.9973E-05 0.424437 0.0609629 9.9973E-05 0.0957394 0.026423
0.0429938 0.381274 9.9982E-05 0.00993926 0.44097 9.9982E-05 0.0197331 0.10489
9.9973E-05 0.331703 9.9973E-05 9.9973E-05 0.473417 0.0437509 0.0681805 0.0826487
9.9982E-05 0.409297 0.0105937 9.9982E-05 0.412161 0.0411069 0.0613096 0.0653319
9.9973E-05 0.324843 9.9973E-05 9.9973E-05 0.399562 0.185881 0.0827041 0.00671033
0.0205123 0.460766 0.0426882 9.9982E-05 0.307947 9.9982E-05 0.130306 0.0375809
9.9973E-05 0.489897 9.9973E-05 0.276861 0.0052418 0.0554742 9.9973E-05 0.172225
9.9964E-05 0.0548338 9.9964E-05 9.9964E-05 0.570735 0.175194 0.198838 9.9964E-05
9.9973E-05 0.312063 9.9973E-05 0.016763 0.510096 0.00134847 0.15943 9.9973E-05
0.0652026 0.356197 9.9991E-05 0.108407 0.139683 0.211145 0.028466 0.0907995
9.9955E-05 0.552937 9.9955E-05 9.9955E-05 9.9955E-05 9.9955E-05 0.089445 0.357118
0.0606917 0.269987 0.0333682 9.9982E-05 0.0612365 9.9982E-05 0.11161 0.462907
0.0122216 0.474049 9.9982E-05 9.9982E-05 0.103228 0.0105188 0.0235894 0.376193
0.0476126 0.623713 9.9973E-05 9.9973E-05 9.9973E-05 0.085955 0.0282244 0.214195
9.9973E-05 0.381243 9.9973E-05 9.9973E-05 0.405917 0.020622 0.168642 0.0232757
0.0820892 0.405106 9.9973E-05 9.9973E-05 0.337263 0.0747225 0.100519 9.9973E-05
0.00800724 0.336398 9.9973E-05 9.9973E-05 0.569595 9.9973E-05 0.0388491 0.0468513
0.0349531 0.553149 0.00606667 9.9991E-05 0.242874 0.0345592 0.119911 0.00838711
9.9973E-05 0.348001 0.018462 9.9973E-05 0.476539 0.132276 0.0244221 9.9973E-05
0.0598981 0.339222 0.0234278 0.0169863 0.30804 0.0616595 0.121556 0.0692108
9.9991E-05 0.221623 0.0570148 0.0126621 0.533723 0.0393682 0.109347 0.0261606
0.100775 0.31091 0.0220185 9.9982E-05 0.369089 0.0816704 0.115337 9.9982E-05
9.9973E-05 0.478353 9.9973E-05 9.9973E-05 0.0735857 0.0277459 0.0169186 0.403097
9.9982E-05 0.42339 0.0346597 9.9982E-05 0.233462 0.0613888 0.176128 0.0707718
9.9973E-05 0.145823 9.9973E-05 9.9973E-05 0.628863 0.0042109 0.199564 0.0212393
0.107443 0.350339 9.9964E-05 9.9964E-05 0.396087 9.9964E-05 0.145731 9.9964E-05
0.183017 0.116665 9.9973E-05 9.9973E-05 0.0347249 9.9973E-05 0.0964832 0.56881
9.9955E-05 0.511802 9.9955E-05 9.9955E-05 0.103105 9.9955E-05 9.9955E-05 0.384593
0.0979495 0.316679 0.0927765 9.9982E-05 0.342754 9.9982E-05 0.0856496 0.0639921
0.00770756 0.547907 9.9973E-05 9.9973E-05 0.0573638 9.9973E-05 0.144859 0.241862
0.00898074 0.413793 9.9973E-05 9.9973E-05 0.0459834 9.9973E-05 0.164372 0.366571
9.9973E-05 0.417498 9.9973E-05 0.0820556 0.171752 0.103695 0.2247 9.9973E-05
0.0295359 0.214362 0.129544 0.00391233 0.318547 0.141434 0.142272 0.020393
0.053472 0.530897 9.9982E-05 9.9982E-05 0.153253 0.086929 0.0419911 0.133257
9.9982E-05 0.41948 0.0142489 0.0861054 0.382512 0.00542772 0.0920259 9.9982E-05
0.0236236 0.368579 0.0094745 9.9982E-05 0.47013 0.085199 0.0427941 9.9982E-05
9.9973E-05 0.184324 0.00704087 9.9973E-05 0.566893 0.11967 0.121772 9.9973E-05
0.0826052 0.535437 0.023977 0.0106571 9.9991E-05 0.146385 0.0272188 0.17362
9.9955E-05 0.418203 9.9955E-05 9.9955E-05 9.9955E-05 9.9955E-05 0.0965155 0.484782
9.9973E-05 0.118718 9.9973E-05 9.9973E-05 0.0165926 0.159903 0.0457147 0.658772
0.039645 0.470006 9.9982E-05 0.0838455 0.0931016 9.9982E-05 0.109004 0.204198
0.205009 0.376331 0.0860275 0.00276215 0.0121347 0.0205731 0.170814 0.126349
9.9982E-05 0.490688 9.9982E-05 0.109709 0.0634809 0.266497 0.0577205 0.0117037
0.0804927 0.512607 9.9982E-05 9.9982E-05 0.0675148 0.255639 0.0175441 0.0660024
0.0227197 0.0238302 9.9973E-05 9.9973E-05 0.0453553 0.888235 9.9973E-05 0.0195604
