0.888638 0.0391996 9.9991E-05 0.0720628
0.970978 0.0169818 0.00338674 0.00865393
0.753778 0.0650708 9.9991E-05 0.181051
0.783491 0.0613429 9.9991E-05 0.155066
0.881775 0.00509502 9.9991E-05 0.11303
0.673166 0.0658381 0.147668 0.113328
0.866624 0.0520014 0.0330282 0.0483467
0.75919 0.173031 0.0326049 0.0351738
0.906899 0.0929014 9.9982E-05 9.9982E-05
0.716168 0.00157958 0.0937912 0.188461
0.828334 0.017127 0.154439 9.9991E-05
9.999E-05 0.557138 0.24084 0.201921
9.999E-05 0.341765 0.304626 0.353509
0.0133722 0.522806 0.248485 0.215336
9.999E-05 0.4695 0.149064 0.381336
0.0958271 0.265665 0.300238 0.33827
0.0203909 0.169378 0.387861 0.42237
9.9991E-05 0.268298 0.386092 0.345509
0.107409 0.441109 0.198285 0.253198
0.0966543 0.714452 0.159179 0.0297146
9.9991E-05 0.345757 0.366949 0.287194
0.0338447 0.253242 0.366096 0.346817
9.9991E-05 0.212375 0.405624 0.381901
9.9991E-05 0.402086 0.343089 0.254725
0.0321558 0.16095 0.3045 0.502394
0.0633536 0.25138 0.202857 0.48241
0.0210863 0.538918 0.217469 0.222527
0.0406022 0.520936 0.150746 0.287716
0.0191896 0.535504 0.293023 0.152283
0.801253 9.9982E-05 9.9982E-05 0.198547
0.807362 0.0157342 9.9991E-05 0.176804
0.746363 0.0711489 9.9991E-05 0.182388
0.720094 9.9991E-05 0.0409743 0.238831
0.0333799 0.180283 0.451793 0.334544
0.104789 0.137975 0.509382 0.247854
9.9991E-05 0.00735033 0.703709 0.288841
0.0796594 0.626609 0.190484 0.103247
0.01602 0.0815553 0.735366 0.167058
0.0111704 0.216921 0.416456 0.355453
9.9991E-05 0.00643213 0.536138 0.45733
0.0586827 0.0755132 0.510539 0.355265
0.00756021 0.22834 0.395953 0.368147
0.0801419 0.219433 0.669379 0.0310455
0.0467345 0.100289 0.424114 0.428862
0.00804715 0.0730885 0.531364 0.3875
9.9991E-05 0.0572198 0.412666 0.530014
0.0116222 9.9991E-05 0.829588 0.15869
9.9991E-05 0.0716221 0.482074 0.446204
0.0206886 0.0786941 0.530686 0.369931
0.182279 0.0057528 0.811868 9.9991E-05
9.9991E-05 0.51109 0.419157 0.0696531
0.166772 0.215908 0.609878 0.00744198
9.9991E-05 0.286163 0.311163 0.402574
0.00484933 0.198483 0.314925 0.481743
0.00301251 0.139815 0.438223 0.418949
0.114519 0.387017 0.431128 0.067337
9.9991E-05 0.275571 0.372575 0.351753
0.0253537 0.1484 0.351167 0.475079
0.0909021 0.331134 0.370379 0.207585
0.23962 0.415759 0.27623 0.0683904
0.0214136 0.197526 0.421331 0.359729
0.0307012 0.259097 0.372094 0.338107
0.0742687 0.578387 0.347245 9.9991E-05
9.9991E-05 0.271504 0.426053 0.302343
9.9982E-05 9.9982E-05 0.539601 0.460199
0.0354949 0.163455 0.41851 0.382541
0.0882026 0.351375 0.383698 0.176724
9.9991E-05 0.178062 0.395356 0.426482
9.9991E-05 0.177656 0.389191 0.433053
0.0446025 0.459585 0.399832 0.0959806
9.9991E-05 0.0333463 0.669366 0.297188
9.9991E-05 0.18695 0.711155 0.101795
0.0501149 0.165168 0.396099 0.388618
0.0560101 0.0136002 0.93029 9.9991E-05
0.049819 0.0949453 0.855136 9.9991E-05
9.9991E-05 0.0725283 0.804593 0.122779
9.9991E-05 0.133484 0.619399 0.247017
0.0468086 0.171646 0.319881 0.461664
0.0110768 0.0818853 0.646713 0.260325
0.0640094 0.269765 0.552024 0.114202
0.0621694 0.273626 0.561785 0.10242
0.0666335 0.101442 0.468672 0.363253
9.9991E-05 0.175639 0.622702 0.201559
9.9991E-05 0.117515 0.6345 0.247886
0.045225 0.000665404 0.809103 0.145007
0.114372 0.0317749 0.853753 9.9991E-05
9.9991E-05 0.117057 0.558462 0.324381
0.79226 0.0572592 9.9991E-05 0.15038
0.904402 9.9982E-05 9.9982E-05 0.0953983
0.868684 9.9982E-05 9.9982E-05 0.131116
0.878154 9.9991E-05 0.0205569 0.101189
0.83577 9.9991E-05 0.0255308 0.138599
0.904577 9.9982E-05 9.9982E-05 0.0952226
0.904598 9.9991E-05 0.000988345 0.0943137
0.0543767 0.245673 0.316292 0.383658
0.0850529 0.0935951 0.418549 0.402803
0.0348438 0.155504 0.809552 9.9991E-05
9.9991E-05 0.131788 0.494847 0.373265
9.9991E-05 0.221055 0.512672 0.266172
0.0619007 9.9991E-05 0.592908 0.345091
9.9991E-05 0.055262 0.65579 0.288848
9.9982E-05 9.9982E-05 0.663571 0.336229
0.0594608 0.300071 0.640368 9.9991E-05
0.0555647 0.2359 0.317278 0.391258
9.9982E-05 9.9982E-05 0.546273 0.453527
0.00728702 0.190339 0.331513 0.470861
0.0828475 0.00786421 0.790321 0.118967
9.9982E-05 9.9982E-05 0.6673 0.3325
0.0141245 0.0767745 0.691061 0.21804
9.9982E-05 9.9982E-05 0.744378 0.255422
0.0981424 0.063139 0.602436 0.236283
0.0126044 0.136278 0.436013 0.415105
0.124943 0.346965 0.380687 0.147405
0.0696824 0.411765 0.185802 0.332751
0.0996302 0.215284 0.308194 0.376892
0.0109104 0.277717 0.205322 0.506051
9.9991E-05 0.400271 0.337426 0.262203
9.9991E-05 0.269608 0.289384 0.440908
9.9991E-05 0.409212 0.318246 0.272442
0.0803469 0.215775 0.433857 0.27002
9.9991E-05 0.208081 0.356194 0.435625
0.00592016 0.285835 0.339262 0.368984
9.9991E-05 0.420258 0.28703 0.292612
9.9991E-05 0.28435 0.31727 0.398281
9.9991E-05 0.129177 0.396175 0.474548
9.9991E-05 0.317813 0.293872 0.388214
9.9991E-05 0.2007 0.350267 0.448933
9.9991E-05 0.247497 0.344624 0.407779
0.119911 0.297792 0.3643 0.217998
9.9991E-05 0.222986 0.261641 0.515273
9.9991E-05 0.158668 0.367103 0.47413
9.9991E-05 0.406809 0.376167 0.216924
0.119589 0.386595 0.409251 0.0845651
0.0580827 0.265936 0.331009 0.344973
0.00382205 0.357583 0.582038 0.0565573
0.0315715 0.507552 0.325006 0.13587
9.9991E-05 0.355113 0.407048 0.237739
9.9991E-05 0.438936 0.369252 0.191711
9.9991E-05 0.578853 0.242196 0.178851
9.9991E-05 0.122819 0.483627 0.393454
0.111743 0.143211 0.347166 0.39788
9.9991E-05 0.308045 0.332043 0.359812
0.0616725 0.437244 0.425657 0.0754259
0.12562 0.141868 0.411991 0.320522
0.073512 0.0668729 0.532687 0.326928
0.279369 0.135187 0.585344 9.9991E-05
0.0175586 0.0562381 0.464719 0.461485
0.156749 0.15788 0.490478 0.194894
0.0736746 0.114261 0.480531 0.331533
0.201202 0.0893921 0.596403 0.113004
0.20534 0.109248 0.67639 0.00902151
0.0714663 0.156039 0.568217 0.204278
0.0014724 0.124851 0.523537 0.350139
0.128788 0.150496 0.433063 0.287654
0.232394 0.0911826 0.605653 0.0707703
0.040302 0.120432 0.456729 0.382538
9.9991E-05 0.0991503 0.775228 0.125521
9.9991E-05 0.189747 0.582855 0.227298
0.0199001 0.220441 0.341022 0.418637
0.426909 0.00470015 0.248836 0.319556
0.79532 9.9991E-05 0.0807242 0.123856
0.686009 9.9991E-05 0.24479 0.0691011
0.507557 0.0565413 0.0250558 0.410846
9.9991E-05 0.00652648 0.61432 0.379054
0.00630632 0.161038 0.43281 0.399845
9.9991E-05 0.0565648 0.0211249 0.92221
0.0564417 0.221815 0.0928478 0.628896
0.0952566 0.0736828 0.205242 0.625818
0.0716161 0.0345347 0.747932 0.145917
0.0247626 0.128451 0.412068 0.434718
0.129146 0.0315032 0.780782 0.0585683
0.0114501 0.0772502 0.536756 0.374544
0.0659606 0.183252 0.522586 0.228202
0.00443637 0.104689 0.541045 0.349829
0.125147 0.0842311 0.781306 0.00931613
9.9991E-05 0.0893806 0.472769 0.43775
0.129893 0.11265 0.426013 0.331445
0.0740691 9.9982E-05 9.9982E-05 0.925731
0.0333844 9.9982E-05 9.9982E-05 0.966416
0.0446091 0.0278875 0.0967618 0.830742
9.9982E-05 0.0715765 9.9982E-05 0.928223
0.05257 0.0418901 9.9991E-05 0.90544
0.0660654 9.9982E-05 9.9982E-05 0.933735
0.0701027 9.9982E-05 9.9982E-05 0.929697
0.0202599 9.9982E-05 9.9982E-05 0.97954
0.0480695 9.9982E-05 9.9982E-05 0.951731
0.0643978 9.9982E-05 9.9982E-05 0.935402
0.0877619 9.9982E-05 9.9982E-05 0.912038
0.12941 0.0335808 9.9991E-05 0.836909
0.12771 9.9982E-05 9.9982E-05 0.87209
0.0628445 9.9982E-05 9.9982E-05 0.936956
0.129323 0.110044 0.105954 0.654679
0.105785 0.0866959 0.0605663 0.746953
0.15 0.00660866 9.9991E-05 0.843292
0.112734 9.9982E-05 9.9982E-05 0.887066
0.0924422 9.9982E-05 9.9982E-05 0.907358
0.0629648 9.9982E-05 9.9982E-05 0.936835
0.108181 9.9982E-05 9.9982E-05 0.891619
0.0825776 0.071291 0.0752404 0.770891
0.145917 9.9982E-05 9.9982E-05 0.853883
0.559006 9.9982E-05 0.440794 9.9982E-05
0.185407 0.176809 0.318949 0.318835
0.179189 0.128729 0.354389 0.337693
0.37795 9.9991E-05 0.451845 0.170105
0.135188 0.116732 0.283444 0.464637
0.348699 9.9991E-05 0.467798 0.183404
0.179756 0.136811 0.344046 0.339388
0.225506 9.9991E-05 0.455745 0.318648
0.19299 0.00990903 0.376129 0.420972
0.222145 9.9991E-05 0.327183 0.450572
0.170494 0.0288887 0.475849 0.324768
0.869871 0.111554 0.000885093 0.0176898
0.909833 9.9982E-05 9.9982E-05 0.0899673
0.984183 0.0156173 9.9982E-05 9.9982E-05
0.924912 0.0387593 9.9991E-05 0.0362289
0.857327 0.0884033 9.9991E-05 0.0541702
0.928906 9.9982E-05 9.9982E-05 0.0708938
0.896541 9.9982E-05 9.9982E-05 0.103259
0.928636 0.00709327 0.0394047 0.0248658
0.923204 9.9982E-05 9.9982E-05 0.0765963
0.871838 9.9982E-05 9.9982E-05 0.127962
0.651599 0.22646 0.121841 9.9991E-05
0.61116 0.379827 0.00891254 9.9991E-05
0.591068 0.330593 0.0782393 9.9991E-05
0.527418 0.356982 0.1155 9.9991E-05
0.0223152 0.114668 0.555461 0.307556
9.9991E-05 0.113881 0.598398 0.287621
9.9991E-05 0.263017 0.416588 0.320294
0.0438281 0.319963 0.462322 0.173888
9.9991E-05 0.661801 0.272443 0.0656564
0.00279093 0.0943845 0.503786 0.399039
9.9991E-05 0.131232 0.583752 0.284917
9.9991E-05 0.130978 0.612338 0.256584
9.9982E-05 9.9982E-05 0.825209 0.174591
0.0456492 0.164774 0.4334 0.356177
9.9991E-05 0.186931 0.641158 0.171811
0.0178587 0.159676 0.822365 9.9991E-05
0.021208 0.126831 0.527236 0.324725
0.071449 0.0262055 0.841842 0.0605036
9.9991E-05 0.0296223 0.655412 0.314865
0.0741568 0.232106 0.693638 9.9991E-05
0.144943 0.84586 0.00909654 9.9991E-05
0.13107 0.780803 0.0880269 9.9991E-05
0.0760191 0.912505 0.0113756 9.9991E-05
0.122009 0.839741 0.0381498 9.9991E-05
0.0350426 0.894146 0.0623813 0.00843002
0.0384903 0.889858 9.9991E-05 0.0715517
0.850924 9.9991E-05 0.00463432 0.144342
0.809434 0.0874112 9.9991E-05 0.103055
0.776112 9.9982E-05 9.9982E-05 0.223688
0.747367 0.0599759 9.9991E-05 0.192557
0.797281 0.0305843 9.9991E-05 0.172034
0.421757 0.558554 0.0195888 9.9991E-05
0.504154 0.485186 0.0105601 9.9991E-05
0.476826 0.4633 0.0597739 9.9991E-05
0.763824 0.0586754 9.9991E-05 0.177401
0.446041 0.535046 0.018813 9.9991E-05
0.288906 9.9991E-05 0.171916 0.539077
0.108497 0.0686425 0.254421 0.568439
0.202881 0.00506441 0.169362 0.622693
0.260486 9.9991E-05 0.253252 0.486162
0.108398 0.116596 0.269728 0.505278
0.602023 9.9991E-05 0.103179 0.294699
9.9991E-05 0.312363 0.46988 0.217657
9.9991E-05 0.252912 0.533074 0.213914
0.0349848 0.579038 0.207446 0.178531
9.9991E-05 0.220385 0.487723 0.291792
0.0794278 0.230403 0.690069 9.9991E-05
0.069229 0.11815 0.467892 0.344729
0.0254805 0.220967 0.446717 0.306835
9.9991E-05 0.51829 0.296798 0.184812
9.9991E-05 0.264147 0.305899 0.429854
0.0409357 0.328638 0.630326 9.9991E-05
0.0143458 0.245106 0.460475 0.280073
9.9991E-05 0.284395 0.406584 0.308921
0.177955 0.0659161 0.36256 0.393569
9.9991E-05 0.301415 0.515164 0.183321
0.00140485 0.291866 0.453848 0.252881
0.0281212 0.159859 0.502112 0.309908
9.9991E-05 0.251762 0.441654 0.306484
9.9991E-05 0.16786 0.397517 0.434523
0.00755255 0.173186 0.488933 0.330328
0.0528228 0.174459 0.40864 0.364078
0.759732 9.9982E-05 9.9982E-05 0.240068
0.837595 9.9991E-05 0.00582407 0.156481
0.799012 0.0799826 0.0537663 0.0672388
0.835868 0.0524081 0.0158188 0.0959051
0.836709 0.00258015 9.9991E-05 0.160611
0.0442865 0.668325 0.161112 0.126277
0.0175973 0.268529 0.373981 0.339893
0.186363 0.0990263 0.237286 0.477325
9.9991E-05 0.315823 0.228975 0.455102
0.00492456 0.362748 0.302428 0.329899
0.0514047 0.455437 0.308789 0.184369
0.192614 0.664627 0.142659 9.9991E-05
9.9991E-05 0.385114 0.31093 0.303855
0.084399 0.544171 0.293235 0.0781953
0.0661508 0.210988 0.411105 0.311756
0.131056 0.608714 0.21163 0.0486
0.00841614 0.292547 0.26724 0.431797
0.0435039 0.661348 0.183736 0.111412
0.0293332 0.39796 0.322319 0.250388
9.9991E-05 0.192263 0.481542 0.326095
0.108155 0.159531 0.59309 0.139224
0.0352073 0.18589 0.47083 0.308073
0.0754248 0.00883005 0.529673 0.386072
0.0223187 0.143162 0.672426 0.162094
0.0554012 0.0810747 0.422504 0.441021
0.0508638 0.052141 0.629878 0.267117
0.0597558 0.131032 0.809112 9.9991E-05
0.117889 9.9991E-05 0.846903 0.035109
0.017329 0.146401 0.600996 0.235274
0.106453 0.128619 0.764828 9.9991E-05
0.0440992 0.129832 0.682562 0.143506
0.0142322 0.683044 0.219862 0.0828617
9.9991E-05 0.368823 0.500523 0.130554
0.0324934 0.46019 0.217486 0.28983
9.9991E-05 0.243876 0.317894 0.43813
9.9991E-05 0.520302 0.37127 0.108328
0.0397057 0.23444 0.377426 0.348428
9.9991E-05 0.271833 0.340132 0.387935
9.9991E-05 0.298824 0.330163 0.370913
9.9991E-05 0.286394 0.326223 0.387283
9.9991E-05 0.398728 0.314193 0.286979
9.9991E-05 0.581136 0.223174 0.19559
9.9991E-05 0.449209 0.331661 0.21903
9.9991E-05 0.250939 0.367435 0.381527
0.0160871 0.295088 0.326314 0.362511
0.100572 0.209665 0.490872 0.198891
9.9991E-05 0.335368 0.309732 0.3548
9.9991E-05 0.534797 0.211253 0.253849
9.9991E-05 0.242089 0.345155 0.412656
9.9991E-05 0.336653 0.277206 0.386041
0.0455654 0.212771 0.338771 0.402893
0.299148 0.0650624 0.229294 0.406496
0.140794 9.9991E-05 0.338108 0.520998
0.0832787 0.143015 0.333896 0.439811
0.056968 0.086479 0.382253 0.474301
0.19402 0.0265815 0.279069 0.500329
9.9991E-05 0.261756 0.498739 0.239404
0.11949 0.110281 0.323742 0.446488
0.438046 9.9991E-05 0.481235 0.0806193
0.127085 0.14335 0.198963 0.530601
0.0923422 0.107145 0.322093 0.47842
0.0797791 0.139599 0.255073 0.525549
0.21312 0.0573052 0.378584 0.350991
0.153262 9.9991E-05 0.367948 0.478691
0.0760276 0.0987083 0.315221 0.510043
0.686853 9.9991E-05 0.199609 0.113438
0.160598 0.0717552 0.24577 0.521876
0.10817 0.0383236 0.261461 0.592046
0.0128184 0.0625989 0.443787 0.480795
0.0842481 0.0589739 0.290074 0.566704
0.17148 0.136165 0.291037 0.401318
0.0629257 0.10342 0.536554 0.2971
0.0642769 0.0854088 0.570266 0.280049
0.0310439 0.208311 0.760545 9.9991E-05
0.0816661 0.162318 0.755915 9.9991E-05
0.0460992 0.0758396 0.533304 0.344757
0.143451 0.0203264 0.282985 0.553237
0.105595 9.9991E-05 0.320787 0.573519
0.326019 0.0173077 0.329224 0.32745
0.181259 0.120783 0.219766 0.478191
0.204179 0.0645715 0.664423 0.0668266
0.239786 9.9991E-05 0.657721 0.102393
0.00538264 0.0428865 0.539617 0.412114
0.0285897 0.0782392 0.538248 0.354923
0.173655 0.0315627 0.608403 0.186379
0.0353303 0.0701252 0.481109 0.413435
0.0134371 0.0322166 0.506156 0.448191
0.0703877 0.128035 0.423978 0.3776
0.00684861 0.141776 0.749514 0.101861
0.0386946 0.0910371 0.666191 0.204077
0.0439133 0.0953062 0.551811 0.30897
0.0663956 0.14616 0.515511 0.271934
0.0585056 0.100761 0.427072 0.413661
9.9991E-05 0.0949717 0.71828 0.186648
0.0368666 0.192058 0.737339 0.0337371
0.0235564 9.9991E-05 0.652793 0.323551
0.0368244 0.186741 0.381387 0.395047
0.0156174 0.152109 0.732239 0.100035
0.0505537 9.9991E-05 0.744944 0.204402
0.0142049 0.072495 0.499055 0.414245
0.0350931 0.0290894 0.600652 0.335166
0.147118 0.0974348 0.246913 0.508534
0.138959 0.0681291 0.374322 0.41859
0.173223 0.124289 0.253484 0.449003
0.217357 0.0519871 0.371486 0.359169
0.142576 0.138735 0.279627 0.439062
0.181934 0.0603982 0.367454 0.390214
0.380339 9.9991E-05 0.570827 0.0487337
0.024674 0.134104 0.302445 0.538777
0.586041 9.9991E-05 0.341474 0.0723848
0.0676901 0.000314127 0.429996 0.501999
0.0586698 9.9982E-05 0.94113 9.9982E-05
0.123058 0.0536904 0.823152 9.9991E-05
9.9991E-05 0.0299529 0.744 0.225947
0.0337518 0.0479985 0.561966 0.356284
0.0173011 0.0422937 0.803013 0.137393
9.9991E-05 0.105804 0.609073 0.285023
9.9982E-05 9.9982E-05 0.743395 0.256405
0.831602 9.9991E-05 0.0700941 0.0982037
0.751737 0.134361 9.9991E-05 0.113802
0.875625 0.00985117 9.9991E-05 0.114424
0.946722 9.9982E-05 9.9982E-05 0.0530776
0.0235368 0.170398 0.439356 0.36671
9.9991E-05 0.12604 0.545247 0.328613
9.9991E-05 0.0577923 0.654866 0.287242
0.0808814 0.0481164 0.544704 0.326298
0.0218124 0.202721 0.417075 0.358391
0.0217038 0.131349 0.728149 0.118798
9.9991E-05 0.0601262 0.613559 0.326215
9.9982E-05 9.9982E-05 0.880155 0.119645
0.200956 0.137416 0.151563 0.510065
9.9991E-05 0.0240322 0.672359 0.303509
9.9991E-05 0.254432 0.563647 0.181821
9.9982E-05 9.9982E-05 0.734004 0.265796
9.9991E-05 0.140973 0.656009 0.202918
9.9982E-05 9.9982E-05 0.694813 0.304987
0.0246362 0.0787619 0.593287 0.303315
0.00269062 9.9982E-05 0.997109 9.9982E-05
0.055608 9.9991E-05 0.83005 0.114242
0.00384503 0.144141 0.716082 0.135932
0.0196104 9.9982E-05 0.98019 9.9982E-05
9.9991E-05 0.19436 0.524473 0.281067
0.106327 9.9982E-05 0.893473 9.9982E-05
0.103455 9.9982E-05 0.896346 9.9982E-05
9.9982E-05 9.9982E-05 0.626567 0.373233
0.0533092 0.141116 0.769588 0.0359862
9.9991E-05 0.175909 0.583547 0.240444
0.0410657 0.00355885 0.518834 0.436542
9.9991E-05 0.070126 0.64098 0.288794
9.9991E-05 0.335458 0.42983 0.234612
9.9991E-05 0.0447414 0.637474 0.317685
0.0183867 0.17702 0.537144 0.267449
9.9991E-05 0.0521502 0.841476 0.106274
0.0156358 0.16238 0.428883 0.393101
0.650564 0.282647 0.0504555 0.0163334
0.739376 0.118895 0.0776094 0.0641192
0.86311 0.13669 9.9982E-05 9.9982E-05
0.855402 0.119749 0.0247496 9.9991E-05
0.7262 0.245647 0.023555 0.00459731
0.0316984 0.251277 0.645659 0.0713656
0.0922211 0.190239 0.713475 0.00406521
9.9982E-05 9.9982E-05 0.952952 0.0468481
0.0803132 0.0316155 0.459685 0.428386
0.0351887 0.127033 0.395903 0.441876
0.11341 9.9991E-05 0.810724 0.0757661
0.0306346 0.0337548 0.540742 0.394869
0.0664609 0.000305791 0.699501 0.233733
9.9991E-05 0.0327889 0.616913 0.350198
0.00775919 0.0754039 0.503977 0.41286
0.029349 0.199824 0.659629 0.111198
9.9991E-05 0.151512 0.66932 0.179068
9.9991E-05 0.195457 0.629154 0.175289
0.102182 0.0919536 0.420259 0.385606
9.9991E-05 0.124001 0.644303 0.231595
0.0115664 0.0719832 0.652722 0.263729
0.0232459 0.0853542 0.122475 0.768924
0.135105 9.9991E-05 0.224885 0.63991
0.0927868 0.0522417 0.162725 0.692246
0.208798 0.0106093 0.0921463 0.688446
0.0845318 0.139615 0.134348 0.641505
9.9982E-05 9.9982E-05 0.693802 0.305998
0.357853 9.9982E-05 9.9982E-05 0.641947
0.151531 9.9991E-05 0.141042 0.707328
0.137429 9.9991E-05 0.452049 0.410422
0.106417 0.0807391 0.473033 0.339811
0.135599 0.116703 0.481905 0.265793
0.0957565 0.139181 0.387809 0.377254
0.0213733 0.0970357 0.467282 0.414309
0.247871 0.00513647 0.0261921 0.720801
0.107233 0.146992 0.109841 0.635934
0.0791573 9.9991E-05 0.118256 0.802487
0.111805 0.180531 0.0545949 0.653069
0.165758 9.9991E-05 0.104866 0.729276
0.148961 9.9991E-05 0.218544 0.632395
0.166729 0.019961 0.0782589 0.735051
0.151897 9.9991E-05 0.18072 0.667284
0.0983799 9.9991E-05 0.614394 0.287126
0.218749 0.0802008 0.124716 0.576334
0.222841 9.9991E-05 0.0022874 0.774772
0.0890619 0.173666 0.163696 0.573576
0.202791 0.297311 0.417813 0.0820851
9.9991E-05 0.180019 0.36345 0.456431
0.151011 0.0720525 0.19694 0.579997
0.0412708 0.123317 0.434005 0.401407
0.141948 0.0743274 0.444679 0.339046
0.213011 0.00637727 0.322423 0.458189
0.253924 0.0307764 0.229962 0.485337
9.9991E-05 0.10689 0.398504 0.494506
0.155648 0.0130521 0.200695 0.630605
0.0710103 0.00318613 0.198946 0.726858
0.3042 9.9982E-05 9.9982E-05 0.6956
0.0712452 0.148803 0.427514 0.352438
0.140392 0.0948282 0.539581 0.225198
0.312675 0.0127034 0.638513 0.0361092
0.113485 0.0296562 0.488117 0.368742
0.0730005 0.328949 0.316577 0.281473
0.149252 0.01047 0.429114 0.411164
0.0633785 0.091158 0.444746 0.400718
0.532783 9.9991E-05 0.332128 0.134989
0.565044 9.9991E-05 0.405784 0.0290721
0.215329 0.0409064 0.488639 0.255125
0.493347 9.9991E-05 0.305003 0.20155
0.580693 9.9991E-05 0.200229 0.218978
0.144479 9.9991E-05 0.512248 0.343173
0.277783 0.00994935 0.358349 0.353919
0.390266 0.026705 0.368719 0.21431
0.473877 9.9991E-05 0.342097 0.183926
0.142646 0.0452796 0.383192 0.428883
0.351692 9.9991E-05 0.428474 0.219734
0.663493 9.9991E-05 0.312489 0.0239177
0.166951 0.0863472 0.280116 0.466586
0.183708 0.151069 0.213364 0.451859
0.25557 0.145962 0.176014 0.422454
0.10399 0.0661878 0.178839 0.650982
0.102892 0.132169 0.27828 0.486659
0.146951 0.0047274 0.316466 0.531856
0.113883 0.115821 0.231085 0.539211
0.30547 0.0944585 0.107708 0.492364
0.129253 0.135748 0.187271 0.547728
0.202531 0.000621331 0.194659 0.602189
0.286517 0.0411711 0.266604 0.405707
0.166836 0.153187 0.366453 0.313525
0.119464 0.171309 0.263745 0.445481
0.159166 0.112483 0.255889 0.472462
0.0621434 0.0217017 0.510419 0.405736
0.24679 0.124218 0.108124 0.520868
0.169562 0.0584606 0.252147 0.519831
0.488643 9.9991E-05 0.221504 0.289753
0.0910973 0.0805707 0.224438 0.603894
0.312287 9.9991E-05 0.254561 0.433052
0.799353 0.109044 0.0657547 0.0258481
0.054422 0.80383 0.059371 0.0823772
0.0503201 0.94948 9.9982E-05 9.9982E-05
0.0177627 0.982037 9.9982E-05 9.9982E-05
9.9982E-05 0.976014 9.9982E-05 0.0237857
0.0209674 0.944448 9.9991E-05 0.0344847
9.9982E-05 0.990555 9.9982E-05 0.00924482
0.0530031 0.946797 9.9982E-05 9.9982E-05
0.219614 0.780186 9.9982E-05 9.9982E-05
0.921765 0.0235009 9.9991E-05 0.0546338
0.823845 0.132734 9.9991E-05 0.0433206
0.875941 0.0165664 0.0106101 0.0968821
0.83093 0.126212 0.0235538 0.019304
0.891559 0.0294815 9.9991E-05 0.0788596
0.902798 0.0523971 0.00359817 0.0412071
0.77416 0.0875863 9.9991E-05 0.138154
0.890277 0.000501817 9.9991E-05 0.109121
0.745264 0.0837408 0.0640267 0.106968
0.904735 9.9982E-05 9.9982E-05 0.0950653
0.977968 0.0218324 9.9982E-05 9.9982E-05
0.865541 0.0046063 0.027916 0.101937
0.959332 0.0195501 9.9991E-05 0.0210178
0.897207 0.00176682 9.9991E-05 0.100926
0.819674 0.042638 9.9991E-05 0.137588
0.82488 9.9982E-05 9.9982E-05 0.17492
0.762138 9.9982E-05 9.9982E-05 0.237662
0.76455 9.9982E-05 9.9982E-05 0.23525
0.794976 9.9991E-05 0.0170532 0.187871
0.161199 0.0800703 0.514326 0.244405
0.0364745 0.0428677 0.576293 0.344365
0.0624794 0.0696885 0.462191 0.405641
0.207641 0.0631882 0.729071 9.9991E-05
0.120854 0.166656 0.385419 0.327072
0.327831 0.069183 0.602886 9.9991E-05
0.0635925 0.0528847 0.436164 0.447359
0.115875 0.234489 0.492469 0.157168
0.0517398 0.170777 0.462849 0.314634
0.0427149 0.0828208 0.565524 0.308941
0.151988 0.153239 0.51619 0.178583
0.0571563 0.055753 0.45466 0.432431
0.0192835 0.221996 0.421557 0.337163
0.0275278 0.5264 0.417413 0.0286593
0.212511 0.0615444 0.725845 9.9991E-05
0.248698 0.0693283 0.669297 0.0126769
0.00962332 0.145144 0.43526 0.409973
0.0810272 0.0809492 0.517715 0.320308
0.0954426 0.00491336 0.577601 0.322043
0.00783435 0.021253 0.529958 0.440954
0.242185 9.9991E-05 0.361361 0.396354
0.118808 0.118431 0.209263 0.553498
0.449384 0.175746 0.134842 0.240028
0.0537736 0.167649 0.370263 0.408314
0.171804 0.169478 0.245943 0.412775
0.599518 9.9991E-05 0.299265 0.101117
0.303791 9.9991E-05 0.326667 0.369443
0.355494 0.130996 0.14985 0.363659
0.27193 0.222024 0.154106 0.351939
0.0748873 0.0675576 0.366295 0.49126
0.153696 0.120181 0.277385 0.448739
0.0584339 0.196833 0.258187 0.486546
0.233499 0.0987605 0.325011 0.342729
0.445514 0.033464 0.171238 0.349785
