9.9991E-05 0.0180717 0.0133835 0.968445
0.0234969 9.9991E-05 0.0053941 0.971009
0.112484 0.00986876 9.9991E-05 0.877547
0.0602237 0.0538023 0.0367206 0.849253
0.0456018 0.0609007 9.9991E-05 0.893397
0.109207 0.0838111 0.159674 0.647307
0.0493948 9.9991E-05 0.0440981 0.906407
9.999E-05 0.0367998 0.15822 0.80488
9.9982E-05 9.9982E-05 0.154108 0.845692
0.134347 0.0510436 0.0660153 0.748594
0.0588667 9.9991E-05 0.124791 0.816242
0.394708 0.0338188 0.560591 0.0108824
0.562707 0.131994 0.222886 0.0824128
0.288122 0.0992454 0.523666 0.0889667
0.321036 0.19537 0.410906 0.0726874
0.375522 0.152245 0.279615 0.192617
0.591795 0.165561 0.241741 0.000902925
0.558138 0.100565 0.308518 0.0327787
0.410937 0.0762884 0.332552 0.180223
0.00305918 0.110663 0.803384 0.0828939
0.473804 0.143434 0.347658 0.0351037
0.448157 0.199427 0.326671 0.0257442
0.721033 0.00202837 0.210939 0.0659996
0.38995 0.107465 0.420734 0.0818503
0.697174 0.0984645 0.118138 0.0862244
0.588758 0.14674 0.173006 0.0914957
0.321518 0.0578289 0.510487 0.110167
0.233279 0.220424 0.4886 0.0576975
0.319668 0.0402807 0.582975 0.0570761
0.019606 0.107753 9.9991E-05 0.872541
0.113938 0.0348966 9.9991E-05 0.851065
0.129642 0.0369779 9.9991E-05 0.83328
0.12352 0.0766626 9.9991E-05 0.799717
0.666701 0.0251281 0.259824 0.048347
0.668327 0.0488028 0.204628 0.0782424
0.754009 0.0364314 0.183011 0.026548
0.235292 0.0104445 0.581463 0.1728
0.603789 0.0305079 0.365603 9.9991E-05
0.655507 0.00381015 0.253555 0.0871278
0.822992 0.0686535 0.0583697 0.0499847
0.717092 0.00219058 0.104929 0.175789
0.806546 9.9991E-05 0.0627956 0.130558
0.398051 9.9991E-05 0.577806 0.0240431
0.726668 0.0776805 0.0815369 0.114115
0.689815 0.0875585 0.0731102 0.149516
0.595037 0.184668 0.108449 0.111847
0.615919 9.9991E-05 0.378127 0.00585438
0.780624 0.106035 0.113241 9.9991E-05
0.587403 0.105853 0.164347 0.142397
0.10481 9.9991E-05 0.790963 0.104127
0.337035 9.9991E-05 0.642263 0.0206028
0.191282 0.0747253 0.669727 0.0642661
0.619652 0.0843758 0.228066 0.0679055
0.626843 0.141449 0.144218 0.0874902
0.634842 0.108715 0.206834 0.049609
0.297851 9.9991E-05 0.574181 0.127868
0.748672 9.9991E-05 0.195176 0.0560519
0.686824 0.151708 0.0769382 0.0845295
0.559817 9.9991E-05 0.325772 0.114312
0.161092 0.0420612 0.523264 0.273583
0.715049 9.9991E-05 0.201744 0.0831073
0.558187 0.0269729 0.271249 0.14359
0.164914 9.9991E-05 0.72355 0.111436
0.588439 0.0779047 0.328897 0.0047596
0.637568 0.148128 0.187604 0.0267005
0.562234 0.175837 0.201643 0.0602858
0.427644 0.0111268 0.446758 0.114471
0.527331 0.124557 0.336364 0.0117473
0.672396 0.0556135 0.168428 0.103562
0.333961 9.9991E-05 0.586539 0.0794003
0.781576 9.9991E-05 0.206627 0.0116972
0.496833 9.9982E-05 0.502967 9.9982E-05
0.644037 0.0100374 0.226257 0.119668
0.255875 9.9982E-05 0.743925 9.9982E-05
0.261719 9.9982E-05 0.738081 9.9982E-05
0.549579 9.9982E-05 0.450221 9.9982E-05
0.64346 9.9991E-05 0.329797 0.0266437
0.484414 0.0945515 0.232501 0.188534
0.616746 0.0206038 0.320879 0.0417713
0.475391 9.9991E-05 0.475769 0.0487398
0.469222 9.9991E-05 0.474416 0.0562621
0.725605 0.0627637 0.0883942 0.123237
0.542958 0.0112924 0.385926 0.0598246
0.626818 0.0437848 0.3056 0.0237971
0.672699 9.9982E-05 0.327101 9.9982E-05
0.233942 0.00800246 0.757955 9.9991E-05
0.69549 0.132 0.109367 0.0631434
0.0911657 0.0382718 9.9991E-05 0.870463
0.0609443 9.9982E-05 9.9982E-05 0.938856
0.0617632 0.0496159 9.9991E-05 0.888521
9.9982E-05 0.0668106 9.9982E-05 0.932989
0.104584 0.00680074 9.9991E-05 0.888515
0.0210175 0.0863267 9.9991E-05 0.892556
0.0181168 0.0484784 9.9991E-05 0.933305
0.696596 0.0343982 0.122309 0.146697
0.644404 0.186823 0.134378 0.0343953
0.328984 9.9991E-05 0.642146 0.0287699
0.649996 0.0611728 0.142213 0.146618
0.691714 9.9991E-05 0.258952 0.0492335
0.796484 9.9991E-05 0.121266 0.0821497
0.673107 0.091591 0.19318 0.0421219
0.599494 0.135971 0.264435 9.9991E-05
0.229302 9.9991E-05 0.699657 0.0709412
0.534901 0.110737 0.155471 0.198891
0.822828 9.9991E-05 0.0688231 0.108249
0.680815 0.0796562 0.158333 0.0811952
0.553195 0.0195586 0.427147 9.9991E-05
0.749113 0.00810882 0.242678 9.9991E-05
0.694939 0.00860589 0.24623 0.0502249
0.626865 0.0276392 0.345396 9.9991E-05
0.612361 9.9991E-05 0.323158 0.0643809
0.700481 9.9991E-05 0.0640675 0.235351
0.34283 0.0468441 0.545596 0.0647295
0.391461 0.117053 0.281393 0.210094
0.595662 0.150692 0.138844 0.114802
0.646422 0.115279 0.163499 0.0747998
0.642589 0.0112277 0.259122 0.087061
0.589327 0.129898 0.248658 0.0321171
0.505314 0.102713 0.341672 0.0503012
0.65428 0.0897251 0.172894 0.0831014
0.747323 0.0839412 0.0697682 0.0989675
0.716151 9.9991E-05 0.24349 0.0402584
0.62381 0.0317358 0.315165 0.0292891
0.710859 0.0197516 0.137429 0.13196
0.671743 0.15359 0.0621008 0.112566
0.716245 0.100103 0.181238 0.00241341
0.562604 0.131431 0.195034 0.110931
0.543643 0.254394 0.201863 9.9991E-05
0.339624 0.0809292 0.460536 0.11891
0.733669 0.127436 0.124861 0.0140331
0.772924 0.0746565 0.0813262 0.0710933
0.35441 0.102538 0.489893 0.0531584
0.114832 0.155897 0.706462 0.022809
0.613236 0.0609505 0.223847 0.101967
0.127866 0.104662 0.767373 9.9991E-05
0.374299 9.9991E-05 0.550281 0.07532
0.561728 0.025558 0.391547 0.0211676
0.483162 9.9991E-05 0.465719 0.0510191
0.398724 0.0127766 0.54301 0.0454892
0.666042 0.110424 0.112745 0.11079
0.625947 0.0889336 0.14656 0.138559
0.690012 0.0400579 0.172957 0.0969735
0.150422 0.120496 0.728981 9.9991E-05
0.693756 9.9991E-05 0.0813235 0.224821
0.568511 0.158795 0.241666 0.0310279
0.0548291 0.0280548 0.693749 0.223367
0.748158 0.0130014 9.9991E-05 0.238741
0.41492 0.0623892 0.373225 0.149466
0.557955 0.105686 0.237144 0.0992156
0.284492 0.0938949 0.514246 0.107368
0.340991 9.9991E-05 0.536217 0.122692
0.545269 0.059368 0.337812 0.0575513
0.553743 0.153144 0.271832 0.0212813
0.412259 0.101119 0.268711 0.21791
0.0813714 0.225251 0.606057 0.0873208
0.528339 0.102851 0.177255 0.191555
0.533331 9.9982E-05 0.466469 9.9982E-05
0.608892 0.0583954 0.323888 0.00882423
0.621348 0.118938 0.114424 0.14529
0.164553 0.309318 0.142507 0.383623
9.9991E-05 0.211212 0.185701 0.602987
9.9991E-05 0.243576 0.274841 0.481482
0.076529 0.369609 0.149898 0.403964
0.834305 0.0266213 0.138974 9.9991E-05
0.660474 0.0440713 0.115455 0.18
0.232403 0.767397 9.9982E-05 9.9982E-05
0.352566 0.498649 0.129724 0.0190608
0.426427 0.391585 0.0611844 0.120804
0.49478 0.0714842 0.409665 0.0240709
0.501843 0.258507 0.216916 0.0227329
0.258029 0.139642 0.602229 9.9991E-05
0.74594 9.9991E-05 0.199213 0.0547473
0.522063 0.135636 0.341462 0.000839143
0.646016 0.123417 0.202547 0.0280203
0.263965 0.0982436 0.6247 0.0130911
0.594898 0.207701 0.1973 9.9991E-05
0.632539 0.118489 0.222498 0.0264732
0.00570449 0.994096 9.9982E-05 9.9982E-05
0.101761 0.898039 9.9982E-05 9.9982E-05
0.298394 0.595263 0.0573861 0.0489572
0.228712 0.7046 0.0386928 0.0279957
0.155126 0.791893 9.9991E-05 0.0528807
9.998E-05 0.9997 9.998E-05 9.998E-05
9.998E-05 0.9997 9.998E-05 9.998E-05
0.115995 0.883805 9.9982E-05 9.9982E-05
0.031577 0.968223 9.9982E-05 9.9982E-05
9.998E-05 0.9997 9.998E-05 9.998E-05
9.998E-05 0.9997 9.998E-05 9.998E-05
0.212559 0.772673 9.9991E-05 0.0146677
0.125388 0.846952 9.9991E-05 0.0275596
9.998E-05 0.9997 9.998E-05 9.998E-05
0.323067 0.432025 0.163707 0.0812009
0.272414 0.712452 0.00301676 0.012117
0.109323 0.827502 9.9991E-05 0.0630757
0.0399799 0.94659 9.9991E-05 0.0133298
0.00882345 0.990977 9.9982E-05 9.9982E-05
0.0960105 0.895789 0.00711828 0.00108252
9.998E-05 0.9997 9.998E-05 9.998E-05
0.219701 0.684548 0.0763693 0.0193808
0.090589 0.892866 9.9991E-05 0.0164451
9.9991E-05 0.155714 0.488257 0.355929
0.451432 0.0752322 0.203407 0.269928
0.477293 0.0648291 0.166259 0.291619
0.215944 0.161598 0.356372 0.266086
0.46741 0.213266 0.168687 0.150637
0.257978 0.210832 0.239205 0.291985
0.452206 0.121748 0.269449 0.156597
0.354071 0.237189 0.242526 0.166214
0.566742 0.188541 0.0360919 0.208625
0.377948 0.244177 0.172612 0.205263
0.483116 0.164118 0.168997 0.183769
0.0277218 9.9991E-05 0.100171 0.872007
9.9982E-05 0.0362789 9.9982E-05 0.963521
0.0231749 9.9982E-05 9.9982E-05 0.976625
0.00323403 9.9991E-05 0.00131167 0.995354
0.00922049 0.00949477 0.0531371 0.928148
9.9982E-05 0.0845061 9.9982E-05 0.915294
9.9982E-05 0.0647526 9.9982E-05 0.935047
0.0177998 9.9991E-05 0.0443141 0.937786
0.0496025 0.00188402 9.9991E-05 0.948413
9.9991E-05 0.129302 0.00657138 0.864026
9.9982E-05 9.9982E-05 0.346833 0.652967
0.0122775 9.9991E-05 0.33307 0.654553
9.9982E-05 9.9982E-05 0.404083 0.595717
0.0160445 9.9991E-05 0.436033 0.547823
0.607933 0.0495245 0.289796 0.052746
0.620729 0.0674746 0.288062 0.0237344
0.669543 0.0501233 0.21638 0.0639537
0.512796 9.9991E-05 0.430205 0.0568988
0.307292 9.9991E-05 0.610793 0.0818153
0.791528 0.0766392 0.110637 0.0211956
0.73448 0.0377535 0.211102 0.016664
0.666768 9.9991E-05 0.298381 0.0347512
0.615041 0.0430525 0.341806 9.9991E-05
0.734853 0.0642312 0.146195 0.054721
0.612032 9.9991E-05 0.350394 0.037474
0.110284 0.0291626 0.860454 9.9991E-05
0.631842 0.049006 0.236943 0.0822084
0.439028 0.0355815 0.524353 0.00103748
0.736424 0.0586046 0.204871 9.9991E-05
0.364018 9.9991E-05 0.615476 0.0204057
0.0647503 9.9991E-05 0.710228 0.224921
0.0865944 9.9991E-05 0.687434 0.225871
0.0385186 9.9991E-05 0.789403 0.171979
0.026595 9.9991E-05 0.774637 0.198668
0.130247 0.0316204 0.694842 0.143291
0.19713 0.0145507 0.608386 0.179934
0.00386104 0.0770493 9.9991E-05 0.91899
0.0632766 0.0572169 9.9991E-05 0.879407
0.0716734 0.181549 9.9991E-05 0.746678
0.050358 0.134499 0.0220316 0.793112
0.0726075 0.10913 9.9991E-05 0.818163
9.9982E-05 9.9982E-05 0.482766 0.517034
9.9982E-05 9.9982E-05 0.473323 0.526477
9.9982E-05 9.9982E-05 0.460738 0.539062
0.0896099 0.0692782 0.00919765 0.831914
9.9982E-05 9.9982E-05 0.528367 0.471433
0.306803 0.433912 0.0155443 0.243741
0.556424 0.307063 0.0511236 0.0853888
0.498372 0.276493 9.9991E-05 0.225034
0.399821 0.2486 0.0356743 0.315905
0.581835 0.14921 0.130398 0.138557
9.9991E-05 0.374912 0.158649 0.466339
0.598171 0.00750447 0.339954 0.0543703
0.451508 0.0495632 0.474639 0.0242893
0.377085 9.9991E-05 0.472117 0.150697
0.600307 0.0187509 0.361431 0.0195113
9.9982E-05 0.0287397 0.97106 9.9982E-05
0.642955 0.103459 0.17579 0.0777965
0.535274 0.0767047 0.282427 0.105594
0.450096 9.9991E-05 0.465703 0.0841007
0.536041 0.143349 0.230564 0.0900457
0.188828 0.0480872 0.762985 9.9991E-05
0.489315 0.167325 0.34326 9.9991E-05
0.610925 0.0766798 0.293738 0.0186567
0.466761 0.241222 0.188414 0.103604
0.439065 0.0891937 0.471642 9.9991E-05
0.600334 9.9991E-05 0.329564 0.0700019
0.596733 0.0459349 0.338466 0.0188668
0.575183 0.0578758 0.310864 0.0560777
0.7259 0.0942056 0.129812 0.0500817
0.703893 0.041168 0.113138 0.141802
0.603424 0.0849214 0.155178 0.156477
0.0841028 0.13857 9.9991E-05 0.777227
0.0987763 0.0568973 9.9991E-05 0.844226
0.0639269 0.0290457 0.0773642 0.829663
0.00650561 0.0837046 0.0680829 0.841707
0.143818 9.9982E-05 9.9982E-05 0.855982
0.323859 0.0574072 0.569892 0.0488414
0.727879 0.00973201 0.169781 0.0926077
0.503966 0.229018 0.0690399 0.197975
0.681094 0.109811 0.14473 0.0643645
0.62901 0.0421996 0.21769 0.111101
0.287643 0.147297 0.510455 0.0546043
0.0838388 9.9991E-05 0.682496 0.233566
0.626605 0.062095 0.265502 0.0457977
0.220462 0.0687484 0.570135 0.140655
0.54688 0.0827279 0.327163 0.0432289
0.203699 9.9991E-05 0.601148 0.195053
0.614327 0.0697691 0.198151 0.117753
0.273151 0.0170398 0.578369 0.13144
0.325911 0.189215 0.471336 0.0135376
0.538035 0.108883 0.286008 0.0670747
0.375944 0.071541 0.462626 0.0898898
0.641359 0.0469039 0.156096 0.155641
0.673623 0.0484005 0.0906372 0.187339
0.526508 9.9991E-05 0.433578 0.0398146
0.603055 0.126331 0.208981 0.0616334
0.630935 0.0429654 0.258777 0.067323
0.29542 0.00224723 0.702233 9.9991E-05
0.396396 0.0150289 0.576075 0.0124998
0.610877 9.9991E-05 0.342859 0.0461638
0.337485 9.9991E-05 0.623398 0.0390175
0.617133 9.9991E-05 0.322445 0.0603216
0.155479 0.0770157 0.700093 0.0674125
0.240382 0.121538 0.637981 9.9991E-05
0.385957 0.100602 0.445335 0.068107
0.600709 0.187337 0.169646 0.042308
0.449454 9.9982E-05 0.550346 9.9982E-05
0.429065 0.138824 0.397304 0.0348075
0.656482 0.114714 0.15882 0.0699842
0.536341 0.145214 0.31123 0.00721546
0.448079 0.209773 0.307232 0.0349163
0.519384 0.0943127 0.305886 0.0804173
0.357013 0.0812152 0.536592 0.02518
0.405215 0.11305 0.424925 0.0568099
0.620462 0.114049 0.265389 9.9991E-05
0.717482 0.0865893 0.118417 0.0775122
0.498077 0.0261249 0.320187 0.155611
0.538975 0.172814 0.288111 9.9991E-05
0.397073 0.0538785 0.381838 0.16721
0.69264 0.0459886 0.22315 0.0382222
0.514536 0.127472 0.314349 0.0436417
0.481948 0.165332 0.253684 0.0990361
0.437646 0.154195 0.026091 0.382068
0.529552 0.291602 0.019602 0.159243
0.494803 0.238908 0.127113 0.139176
0.617167 0.176563 0.172273 0.0339967
0.474863 0.284783 0.0688886 0.171465
0.541227 0.0801058 0.378567 9.9991E-05
0.610211 0.134638 0.0523885 0.202762
0.0161958 0.217107 0.476967 0.28973
0.614606 0.171323 0.0532623 0.160809
0.506155 0.246149 0.148168 0.0995271
0.440564 0.327648 0.16221 0.0695777
0.332148 0.165191 0.252218 0.250443
0.512964 0.235848 0.0353628 0.215825
0.538744 0.286902 0.0532417 0.121112
9.9991E-05 0.223256 0.260029 0.516615
0.529024 0.23233 0.0463847 0.192261
0.575386 0.23628 0.118691 0.0696425
0.727028 0.15651 0.0201424 0.0963196
0.57695 0.205396 9.9991E-05 0.217554
0.586705 0.140916 0.0559078 0.216471
0.538463 0.0743634 0.320088 0.0670859
0.64309 0.0913539 0.131553 0.134003
0.145437 0.0397401 0.814723 9.9991E-05
0.151673 0.0328592 0.815367 9.9991E-05
0.557059 0.140878 0.237243 0.0648205
0.382497 0.420884 0.0842471 0.112372
0.372978 0.410525 0.112767 0.10373
0.119925 0.43139 0.300598 0.148087
0.397923 0.305529 0.120119 0.176428
0.162434 0.177811 0.574157 0.0855971
0.198415 0.20637 0.448815 0.1464
0.663649 0.175889 0.112527 0.0479343
0.546971 0.206445 0.21734 0.0292449
0.173336 0.250641 0.524584 0.0514388
0.528748 0.223949 0.18132 0.065983
0.545175 0.196817 0.206594 0.0514138
0.577255 0.144097 0.234148 0.0444998
0.480497 9.9991E-05 0.494954 0.0244495
0.439007 0.0800488 0.472685 0.00825877
0.634146 0.0232512 0.208762 0.133841
0.473247 0.127233 0.393422 0.00609741
0.415584 0.216284 0.309788 0.0583439
0.620074 0.0539676 0.292661 0.0332972
0.38125 0.014252 0.604398 9.9991E-05
0.684759 0.0926954 0.192522 0.0300237
0.670066 0.0661476 0.210605 0.0531809
0.374647 0.0575703 0.567683 9.9991E-05
0.509235 0.0868115 0.379713 0.0242411
0.613712 0.087056 0.196291 0.102942
0.488427 0.136257 0.36282 0.0124955
0.385014 0.32021 0.133972 0.160803
0.595653 0.121467 0.10155 0.18133
0.332401 0.356022 0.160189 0.151387
0.389573 0.243984 0.211636 0.154807
0.393448 0.280593 0.230915 0.0950445
0.465843 0.230409 0.159119 0.144629
9.9991E-05 0.273165 0.557651 0.169084
0.670604 0.261723 9.9991E-05 0.0675724
9.9991E-05 0.218113 0.35532 0.426467
0.616144 0.224495 0.0934788 0.0658818
0.290357 0.0129821 0.696561 9.9991E-05
0.120527 0.0215266 0.857846 9.9991E-05
0.712362 0.00967549 0.277863 9.9991E-05
0.726704 0.0622585 0.18216 0.0288773
0.537048 0.0380305 0.424822 9.9991E-05
0.678257 9.9991E-05 0.267508 0.0541343
0.66468 0.10423 0.230991 9.9991E-05
0.0294401 0.0753812 0.0809415 0.814237
9.9991E-05 0.150616 0.125169 0.724115
9.9982E-05 0.0517507 9.9982E-05 0.948049
0.0330723 9.9982E-05 9.9982E-05 0.966728
0.632869 0.0672809 0.29975 9.9991E-05
0.731482 0.000700599 0.183543 0.0842754
0.719313 9.9982E-05 0.280488 9.9982E-05
0.738286 0.0186125 0.147725 0.0953767
0.640101 0.0473237 0.204178 0.108398
0.475792 0.0166847 0.475516 0.0320073
0.782103 0.0576552 0.160142 9.9991E-05
0.582334 9.9991E-05 0.400895 0.0166712
0.47098 0.218801 0.0707198 0.239499
0.536817 0.112527 0.350555 9.9991E-05
0.600782 9.9982E-05 0.399018 9.9982E-05
0.770188 9.9982E-05 0.229612 9.9982E-05
0.679137 9.9991E-05 0.30285 0.0179131
0.80994 9.9991E-05 0.163492 0.0264685
0.747611 9.9991E-05 0.198885 0.0534046
0.366166 9.9982E-05 0.633635 9.9982E-05
0.460174 0.0229055 0.516821 9.9991E-05
0.574219 9.9982E-05 0.425581 9.9982E-05
0.24067 9.9982E-05 0.75913 9.9982E-05
0.663807 9.9991E-05 0.274287 0.0618059
0.342055 0.00311247 0.654733 9.9991E-05
0.19293 0.00651959 0.80045 9.9991E-05
0.71808 0.0680616 0.155951 0.0579076
0.513297 9.9991E-05 0.478154 0.00844875
0.650967 0.0418728 0.30706 9.9991E-05
0.719294 0.110086 0.107673 0.0629474
0.719788 9.9991E-05 0.246328 0.0337842
0.322524 0.194612 0.482764 9.9991E-05
0.626571 0.0328392 0.301789 0.038801
0.689669 0.0204196 0.255497 0.0344143
0.584686 9.9982E-05 0.415114 9.9982E-05
0.60359 0.125966 0.256345 0.0140992
0.0157602 9.9991E-05 0.264424 0.719716
0.087096 9.9991E-05 0.104596 0.808208
9.9982E-05 9.9982E-05 0.150447 0.849353
9.9982E-05 9.9982E-05 0.126609 0.873191
0.0621363 9.9991E-05 0.131708 0.806056
0.438651 9.9991E-05 0.514084 0.0471655
0.362265 9.9991E-05 0.574551 0.0630844
0.472603 9.9982E-05 0.527197 9.9982E-05
0.639057 0.17043 0.150644 0.0398685
0.722581 0.0771952 0.0787951 0.121429
0.570639 0.0213523 0.407908 9.9991E-05
0.64022 0.150783 0.199673 0.00932418
0.569598 0.0204673 0.307044 0.102891
0.754226 9.9991E-05 0.22682 0.0188548
0.788082 0.0103991 0.159083 0.0424353
0.530925 9.9982E-05 0.468875 9.9982E-05
0.648529 9.9982E-05 0.351271 9.9982E-05
0.646213 9.9991E-05 0.328573 0.025114
0.683408 0.00206234 0.1543 0.16023
0.676994 9.9991E-05 0.252588 0.0703175
0.686667 0.0157266 0.287954 0.00965223
0.381096 0.452522 0.0921188 0.0742632
0.403287 0.478641 0.00154975 0.116523
0.426249 0.45977 9.9991E-05 0.113881
0.270983 0.568699 9.9991E-05 0.160218
0.510622 0.296172 9.9991E-05 0.193106
0.730951 0.0105727 0.238289 0.0201867
9.9991E-05 0.7646 0.00589882 0.229401
0.275556 0.539152 0.0466634 0.138629
0.476586 0.202369 0.103807 0.217238
0.716562 0.0412729 0.0877335 0.154431
0.485744 0.0382153 0.285046 0.190995
0.639945 0.100206 0.149876 0.109972
0.679033 0.0656169 0.102295 0.153055
0.287775 0.535183 9.9991E-05 0.176942
0.40832 0.431269 0.0655621 0.0948481
0.425811 0.499534 9.9991E-05 0.0745549
0.47106 0.410026 0.0222785 0.096636
0.218965 0.586028 0.0645897 0.130418
0.45758 0.372715 9.9991E-05 0.169606
0.162037 0.617269 0.0400163 0.180677
0.362359 0.487299 0.0351268 0.115215
0.639036 0.0678324 0.191802 0.101329
0.295309 0.387446 0.0860897 0.231155
0.200659 0.654339 9.9991E-05 0.144903
0.473581 0.393709 9.9991E-05 0.132609
0.374564 9.9991E-05 0.426122 0.199214
0.668566 0.129819 0.182738 0.0188763
0.474727 0.316788 0.0542269 0.154259
0.613534 0.0419212 0.192361 0.152184
0.620774 9.9991E-05 0.179583 0.199543
0.394335 0.24691 0.103666 0.25509
0.322505 0.379919 0.113746 0.183829
0.676954 0.130737 0.0467747 0.145534
0.443933 0.412083 9.99907E-05 0.143884
0.326987 0.569295 9.9991E-05 0.103618
0.157012 0.632257 0.00765328 0.203078
0.644718 0.145365 0.0811236 0.128794
0.663419 9.9991E-05 0.204486 0.131995
0.17629 0.147145 0.552374 0.124191
0.592825 0.170302 9.9991E-05 0.236773
0.463794 0.107592 0.336442 0.092171
0.616853 0.116317 0.0349471 0.231883
0.542706 0.1483 0.175748 0.133245
9.9991E-05 0.264415 0.375928 0.359557
9.9991E-05 0.228983 0.349239 0.421678
0.304713 0.161263 0.320906 0.213118
9.9991E-05 0.312609 0.322537 0.364753
9.9991E-05 0.319707 0.188357 0.491835
0.396921 0.205651 0.203016 0.194412
0.37638 0.22303 0.12878 0.271809
0.210096 0.210313 0.272114 0.307477
0.106096 0.256703 0.29822 0.338981
0.480389 0.212319 0.151592 0.1557
0.150108 0.238574 0.401449 0.209869
9.9991E-05 0.165074 0.324628 0.510198
0.529235 0.200978 0.0784935 0.191293
0.291361 0.306521 0.164454 0.237664
0.450557 0.179005 0.0386018 0.331836
0.552139 0.279628 9.9991E-05 0.168133
0.535566 0.112537 0.130734 0.221164
0.626022 0.16518 0.0414257 0.167372
0.478104 0.255235 0.0876002 0.17906
0.352338 0.226082 9.9991E-05 0.42148
0.614851 0.185681 9.9991E-05 0.199368
0.518156 0.224226 9.9991E-05 0.257517
0.266249 0.291018 0.152692 0.290041
0.359524 0.176758 0.290727 0.17299
0.513674 0.197365 0.115762 0.173198
0.502561 0.248532 0.079775 0.169132
0.760439 0.154348 9.9991E-05 0.0851132
0.381622 0.305413 9.9991E-05 0.312865
0.554116 0.199272 0.0850563 0.161556
0.163422 0.315919 0.107795 0.412863
0.448042 0.270031 0.0910377 0.190889
0.197974 0.36961 0.189401 0.243015
9.9991E-05 0.0120431 0.15391 0.833947
0.18337 9.9991E-05 0.630453 0.186077
9.9982E-05 9.9982E-05 0.841646 0.158154
0.0206108 9.9991E-05 0.785346 0.193944
0.0601525 9.9991E-05 0.79168 0.148067
0.0822532 0.0139819 0.720132 0.183633
0.127399 9.9991E-05 0.753633 0.118868
9.9982E-05 9.9982E-05 0.764443 0.235357
0.0293321 9.9991E-05 0.592164 0.378404
9.9991E-05 0.0148543 0.0287002 0.956346
0.05667 0.0242003 0.0771694 0.84196
0.0175907 0.058362 9.9991E-05 0.923947
0.0590009 9.9991E-05 0.061258 0.879641
0.0609107 0.00524909 9.9991E-05 0.93374
9.9991E-05 0.0259089 0.078825 0.895166
9.9991E-05 0.185821 0.0728652 0.741214
0.0598147 0.0863245 9.9991E-05 0.853761
0.114553 0.0647773 0.0786756 0.741994
0.0176861 0.0627109 9.9991E-05 0.919503
9.9982E-05 9.9982E-05 0.0268531 0.972947
0.0819895 0.0287958 0.010875 0.87834
9.9982E-05 0.00967899 9.9982E-05 0.990121
0.0369232 0.0368558 9.9991E-05 0.926121
0.048866 0.065653 0.00490051 0.88058
0.0965333 0.0638322 9.9991E-05 0.839535
0.0312651 0.158645 9.9991E-05 0.80999
0.11869 0.105235 9.9991E-05 0.775975
0.114215 0.0762381 9.9991E-05 0.809447
0.493276 0.0646193 0.279058 0.163047
0.82055 9.9991E-05 0.0291695 0.15018
0.699188 9.9991E-05 0.0777362 0.222976
0.232731 0.0474745 0.602488 0.117306
0.646596 9.9991E-05 0.171244 0.18206
0.185659 0.12656 0.519934 0.167847
0.708942 0.135087 0.0797141 0.0762569
0.557791 9.9991E-05 0.307019 0.13509
0.672424 9.9991E-05 0.238444 0.0890321
0.634433 0.0431565 0.297568 0.0248431
0.556671 0.035637 0.2834 0.124292
0.771769 0.01307 0.101718 0.113443
0.70357 0.0513783 0.113877 0.131175
0.0781459 0.128744 0.79301 9.9991E-05
0.097214 0.0185716 0.80112 0.0830947
0.209574 0.0789304 0.569346 0.14215
0.572983 0.159075 0.136204 0.131738
0.58578 0.0441725 0.202234 0.167813
0.696287 9.9991E-05 0.115282 0.188331
0.704029 0.110766 0.101869 0.0833355
0.615143 0.109074 0.0260366 0.249746
0.587051 0.178933 9.9991E-05 0.233916
0.163829 0.184605 0.225843 0.425723
0.669315 0.102776 0.047984 0.179925
0.402335 0.187972 0.121792 0.287902
9.9991E-05 0.228716 0.312687 0.458497
0.336784 0.224555 0.115743 0.322917
0.268937 0.230915 0.151931 0.348216
0.498453 0.0878373 0.0681134 0.345596
0.522803 0.193519 0.122726 0.160952
0.511135 0.228444 0.0275162 0.232905
0.566679 0.183681 0.0731284 0.176512
0.390257 0.243442 0.145447 0.220853
0.30923 0.214367 9.9991E-05 0.476302
