0.889915 0.109985 9.9991E-05
0.951968 0.0479321 9.9991E-05
0.80558 0.19432 9.9991E-05
0.798114 0.201786 9.9991E-05
0.840383 0.159517 9.9991E-05
0.668344 0.101463 0.230193
0.86853 0.0857651 0.0457048
0.77907 0.0799379 0.140992
0.930175 9.9991E-05 0.069725
0.745802 0.194893 0.059305
0.807139 0.0669301 0.125931
0.0743572 0.147218 0.778425
0.0215019 0.347752 0.630746
0.136526 0.159855 0.703619
0.0625764 0.285671 0.651753
0.131926 0.390689 0.477384
0.0204278 0.423351 0.556221
0.0015812 0.359906 0.638513
0.193964 0.22648 0.579556
0.251617 9.9991E-05 0.748283
0.0360772 0.290839 0.673084
0.0571867 0.302043 0.640771
9.9991E-05 0.321759 0.678141
0.0744901 0.244289 0.681221
0.0574773 0.549607 0.392915
0.0405406 0.404379 0.55508
0.172606 0.136027 0.691366
0.138864 0.271117 0.590019
0.0905772 0.134284 0.775139
0.793123 0.206777 9.9991E-05
0.800532 0.199368 9.9991E-05
0.762569 0.191833 0.0455981
0.706551 0.252731 0.0407177
0.0215021 0.306739 0.671759
0.0142487 0.324947 0.660804
9.9991E-05 0.386045 0.613855
0.232945 0.0272593 0.739796
9.9991E-05 0.229996 0.769904
0.0387362 0.37047 0.590794
9.9991E-05 0.468526 0.531374
0.0678689 0.355168 0.576963
0.115016 0.312393 0.57259
0.111849 0.035845 0.852306
0.043182 0.38245 0.574368
9.9991E-05 0.407378 0.592522
0.0748229 0.499746 0.425432
9.9991E-05 0.176253 0.823647
9.9991E-05 0.402836 0.597064
0.0998744 0.411714 0.488412
0.193406 9.9991E-05 0.806494
0.0853133 9.9991E-05 0.914587
0.166724 0.028211 0.805065
0.00900113 0.365887 0.625112
0.0737309 0.41969 0.50658
0.00610575 0.385093 0.608801
0.193032 0.00061618 0.806352
9.9991E-05 0.346803 0.653097
0.120516 0.363635 0.515849
0.159327 0.190089 0.650584
0.334188 0.038779 0.627033
0.0306208 0.435645 0.533734
0.0867079 0.313276 0.600016
0.213324 9.9991E-05 0.786576
9.9991E-05 0.260855 0.739045
0.0112077 0.440001 0.548791
0.0685965 0.414587 0.516817
0.134543 0.206066 0.659391
0.0521622 0.285155 0.662682
0.053011 0.348362 0.598627
0.125444 0.0418439 0.832712
9.9991E-05 0.242744 0.757156
0.0383458 0.0764546 0.8852
9.9991E-05 0.380688 0.619212
0.0700339 9.9991E-05 0.929866
9.999E-05 9.999E-05 0.9998
9.9991E-05 0.152111 0.847789
9.9991E-05 0.245823 0.754077
0.0793494 0.391186 0.529465
0.000790522 0.24243 0.756779
0.0865563 0.090282 0.823162
0.0713362 0.0990973 0.829566
0.0815095 0.451898 0.466593
0.0112988 0.168286 0.820415
9.9991E-05 0.315792 0.684108
9.9991E-05 0.14732 0.85258
0.0898695 9.9991E-05 0.910031
9.9991E-05 0.352795 0.647105
0.799678 0.200222 9.9991E-05
0.892894 0.107006 9.9991E-05
0.833675 0.166225 9.9991E-05
0.874353 0.125547 9.9991E-05
0.849501 0.150399 9.9991E-05
0.861761 0.138139 9.9991E-05
0.878792 0.121108 9.9991E-05
0.0476372 0.354225 0.598138
0.00595694 0.366893 0.627151
0.0715266 9.9991E-05 0.928373
0.0308583 0.395277 0.573865
0.018051 0.260863 0.721086
9.9991E-05 0.403625 0.596275
0.0299873 0.330166 0.639847
9.9991E-05 0.308024 0.691876
0.142268 9.9991E-05 0.857632
0.110239 0.312093 0.577667
9.9991E-05 0.460228 0.539672
0.0356931 0.391101 0.573206
0.00534241 0.182811 0.811847
9.9991E-05 0.303693 0.696207
9.9991E-05 0.313893 0.686007
9.9991E-05 0.293913 0.705987
0.0503385 0.169297 0.780365
0.0770605 0.342656 0.580284
0.155132 0.136742 0.708126
0.179366 0.259653 0.560981
0.127181 0.357221 0.515598
0.0747721 0.409401 0.515827
0.0823077 0.226416 0.691277
0.0289023 0.368132 0.602966
0.0821657 0.303729 0.614106
0.0532734 0.326983 0.619744
0.0215494 0.399476 0.578974
9.9991E-05 0.310772 0.689128
0.017345 0.260105 0.722551
0.0153557 0.383483 0.601161
0.0144406 0.470017 0.515543
9.9991E-05 0.434318 0.565582
0.0180337 0.398855 0.583112
0.0139155 0.417672 0.568413
0.239463 0.195377 0.56516
9.9991E-05 0.365843 0.634057
0.0229892 0.353969 0.623041
0.100507 0.140415 0.759078
0.177856 0.0713822 0.750761
0.0447605 0.335911 0.619329
0.0332095 0.069671 0.897119
0.167058 0.0812854 0.751657
0.0135629 0.188305 0.798132
0.15599 0.0515134 0.792496
0.123518 0.119269 0.757213
0.029219 0.381272 0.589509
0.0935281 0.398887 0.507585
0.0324673 0.315451 0.652081
0.116536 0.0754663 0.807998
0.107422 0.350915 0.541663
9.9991E-05 0.348829 0.651071
0.29234 9.9991E-05 0.70756
0.0238283 0.430617 0.545555
0.1354 0.199956 0.664644
0.0833284 0.35897 0.557701
0.179896 0.120819 0.699285
0.198461 0.025932 0.775607
0.0364228 0.182659 0.780918
0.134765 0.281043 0.584193
0.161468 0.403833 0.434699
0.209497 0.139598 0.650905
0.0212364 0.409386 0.569378
9.9991E-05 0.135894 0.864006
0.0244291 0.239836 0.735735
9.9991E-05 0.421682 0.578218
0.404316 0.399449 0.196234
0.746265 0.204807 0.0489273
0.652955 0.167129 0.179916
0.460127 0.447046 0.0928272
9.9991E-05 0.370284 0.629616
0.0379468 0.481341 0.480713
9.9991E-05 0.907082 0.0928176
0.0713282 0.664515 0.264157
0.0836499 0.696859 0.219491
0.0641673 0.177209 0.758624
0.0690565 0.324996 0.605947
0.0857604 0.0714478 0.842792
9.9991E-05 0.396594 0.603306
0.061339 0.288388 0.650273
9.9991E-05 0.403532 0.596368
0.103468 0.0926265 0.803905
0.0125611 0.450511 0.536928
0.0397829 0.408838 0.551379
0.0397907 0.960109 9.9991E-05
0.0420832 0.957817 9.9991E-05
0.125823 0.731355 0.142822
0.0169681 0.928431 0.0546008
0.109051 0.890849 9.9991E-05
0.0320911 0.967809 9.9991E-05
0.0715897 0.92831 9.9991E-05
0.00441773 0.995482 9.9991E-05
0.0270675 0.972833 9.9991E-05
0.0428664 0.957034 9.9991E-05
0.0246369 0.975263 9.9991E-05
0.0946591 0.905241 9.9991E-05
0.102593 0.866395 0.0310124
0.0575427 0.942357 9.9991E-05
0.0479562 0.6446 0.307444
0.0965184 0.848121 0.0553604
0.135071 0.864829 9.9991E-05
0.0953348 0.904565 9.9991E-05
0.0249427 0.974957 9.9991E-05
0.0714207 0.928479 9.9991E-05
0.0195825 0.980318 9.9991E-05
0.0986894 0.773378 0.127933
0.083842 0.916058 9.9991E-05
0.517261 0.049504 0.433235
0.194779 0.322022 0.483199
0.168098 0.389701 0.442201
0.319536 0.217507 0.462957
0.225917 0.43633 0.337754
0.321044 0.233499 0.445458
0.17878 0.348525 0.472696
0.200827 0.373125 0.426048
0.115673 0.43503 0.449296
0.188619 0.486908 0.324473
0.166576 0.41505 0.418374
0.852816 0.0536468 0.0935376
0.897117 0.102783 9.9991E-05
0.976183 0.0237167 9.9991E-05
0.93279 0.0671098 9.9991E-05
0.903497 0.0964029 9.9991E-05
0.877575 0.122325 9.9991E-05
0.875679 0.124221 9.9991E-05
0.911515 0.0883854 9.9991E-05
0.893281 0.106619 9.9991E-05
0.844123 0.155777 9.9991E-05
0.744425 9.9991E-05 0.255475
0.713067 0.00592901 0.281004
0.670612 9.9991E-05 0.329288
0.604901 9.9991E-05 0.394999
9.9991E-05 0.330943 0.668957
9.9991E-05 0.255451 0.744449
9.9991E-05 0.341261 0.658639
0.0225137 0.1579 0.819587
0.118918 0.012975 0.868107
0.00671591 0.386359 0.606925
9.9991E-05 0.330593 0.669307
9.9991E-05 0.264739 0.735161
9.9991E-05 0.25003 0.74987
9.9991E-05 0.364857 0.635043
9.9991E-05 0.235074 0.764826
0.0253654 9.9991E-05 0.974535
0.0655456 0.362257 0.572198
0.00352673 0.106925 0.889548
9.9991E-05 0.289086 0.710814
0.0328516 0.0125985 0.95455
0.354788 9.9991E-05 0.645112
0.331205 9.9991E-05 0.668695
0.314282 9.9991E-05 0.685618
0.352227 9.9991E-05 0.647673
0.24511 9.9991E-05 0.75479
0.308961 0.0133469 0.677692
0.835674 0.164226 9.9991E-05
0.815014 0.184886 9.9991E-05
0.717753 0.282147 9.9991E-05
0.791736 0.208105 0.000159363
0.828472 0.162847 0.00868107
0.559089 9.9991E-05 0.440811
0.638001 9.9991E-05 0.361899
0.587877 9.9991E-05 0.412023
0.799334 0.200566 9.9991E-05
0.553896 9.9991E-05 0.446004
0.273082 0.552979 0.173939
0.0898388 0.576341 0.333821
0.135512 0.704852 0.159636
0.305914 0.414592 0.279494
0.0691705 0.523591 0.407239
0.566961 0.337856 0.0951836
0.0518023 0.220121 0.728076
0.065077 0.190222 0.744701
0.178105 0.142272 0.679623
9.9991E-05 0.276144 0.723756
0.106172 9.9991E-05 0.893728
0.0814455 0.31656 0.601995
0.0235339 0.292767 0.683699
0.145919 0.120404 0.733677
0.0949968 0.388291 0.516713
0.08724 9.9991E-05 0.91266
0.035872 0.289301 0.674827
0.0226068 0.314233 0.66316
0.138463 0.417737 0.4438
0.00486822 0.156509 0.838623
0.049269 0.241705 0.709026
0.0149743 0.303631 0.681394
9.9991E-05 0.26365 0.73625
9.9991E-05 0.446012 0.553888
0.0518069 0.364142 0.584051
0.0762173 0.304155 0.619628
0.756009 0.243891 9.9991E-05
0.818532 0.181368 9.9991E-05
0.808009 0.106354 0.0856366
0.784565 0.142559 0.0728766
0.804557 0.195343 9.9991E-05
0.192422 0.0742657 0.733312
0.0743788 0.388278 0.537343
0.219827 0.463512 0.316661
9.9991E-05 0.472241 0.527659
0.0443852 0.266044 0.689571
0.148027 0.197676 0.654297
0.312747 9.9991E-05 0.687153
9.9991E-05 0.332642 0.667258
0.214835 0.0899018 0.695264
0.09154 0.253282 0.655178
0.309639 9.9991E-05 0.690261
0.0708324 0.471443 0.457725
0.247954 0.0484249 0.703621
0.119022 0.176286 0.704692
0.116632 0.28286 0.600508
0.0955406 0.161818 0.742642
0.0318776 0.364268 0.603854
0.0601241 0.383851 0.556024
0.0502578 0.158001 0.791741
0.092415 0.359826 0.547759
9.9991E-05 0.335975 0.663925
0.0702428 9.9991E-05 0.929657
0.0477212 0.106547 0.845732
9.9991E-05 0.321427 0.678473
0.111602 9.9991E-05 0.888298
0.011417 0.234159 0.754424
0.179026 9.9991E-05 0.820874
9.9991E-05 0.140048 0.859852
0.0916904 0.255491 0.652819
9.9991E-05 0.450838 0.549062
0.0120444 0.0924656 0.89549
0.0763082 0.309859 0.613832
0.0845131 0.388489 0.526998
0.0613634 0.332173 0.606463
0.0187882 0.335605 0.645607
0.0678469 0.267626 0.664527
0.0632522 0.135131 0.801617
0.0499706 0.197222 0.752808
9.9991E-05 0.347778 0.652122
0.0809825 0.408839 0.510179
0.0714633 0.240336 0.688201
9.9991E-05 0.360136 0.639764
0.170825 0.205872 0.623303
9.9991E-05 0.378029 0.621871
0.116579 0.346977 0.536444
0.0539658 0.383155 0.562879
0.329793 0.396956 0.273251
0.179476 0.555284 0.26524
0.134467 0.454052 0.411481
0.0441148 0.50073 0.455156
0.13682 0.552289 0.310892
9.9991E-05 0.247536 0.752364
0.10617 0.467782 0.426049
0.359353 0.169173 0.471474
0.124688 0.515362 0.359949
0.0870753 0.554248 0.358676
0.0857889 0.473835 0.440376
0.280524 0.313132 0.406344
0.163575 0.413692 0.422732
0.0877402 0.552896 0.359363
0.671891 0.188812 0.139297
0.162829 0.51731 0.319861
0.173042 0.524283 0.302676
0.0394051 0.502194 0.458401
0.140338 0.582433 0.277229
0.138701 0.448471 0.412828
9.9991E-05 0.292596 0.707304
0.0893496 0.317541 0.593109
0.040889 9.9991E-05 0.959011
0.0862225 9.9991E-05 0.913677
0.0372791 0.373823 0.588898
0.0966671 0.587375 0.315958
0.10806 0.528759 0.36318
0.265481 0.39888 0.335639
0.217252 0.460804 0.321944
0.210247 0.149373 0.64038
0.173362 0.221472 0.605166
9.9991E-05 0.426742 0.573158
0.0322973 0.428827 0.538875
0.132305 0.223802 0.643893
0.0187305 0.416484 0.564786
9.9991E-05 0.37374 0.62616
0.103355 0.435602 0.461043
0.0407323 0.138025 0.821243
9.9991E-05 0.158308 0.841592
9.9991E-05 0.380062 0.619838
0.0998595 0.244181 0.65596
0.101207 0.364233 0.53456
9.9991E-05 0.236883 0.763017
0.0584758 0.0961553 0.845369
9.9991E-05 0.409251 0.590649
0.153343 0.293867 0.552791
0.0218918 0.11384 0.864268
0.000345416 0.230046 0.769608
0.0205198 0.33032 0.64916
0.00906123 0.354025 0.636914
0.155782 0.509745 0.334473
0.223275 0.383186 0.393539
0.193835 0.500155 0.30601
0.204191 0.4378 0.358009
0.13534 0.504772 0.359888
0.153649 0.430037 0.416314
0.32807 0.1497 0.522231
0.0077827 0.611782 0.380435
0.571613 0.140902 0.287485
0.030122 0.502331 0.467547
0.00544174 0.0164046 0.978154
0.088031 9.9991E-05 0.911869
9.9991E-05 0.253932 0.745968
9.9991E-05 0.36964 0.63026
9.9991E-05 0.17247 0.82743
0.0105234 0.297289 0.692188
9.9991E-05 0.301116 0.698784
0.810596 0.161494 0.0279092
0.79327 0.160504 0.0462269
0.896173 0.103727 9.9991E-05
0.896853 0.103047 9.9991E-05
0.0313496 0.309931 0.65872
0.041677 0.337093 0.62123
9.9991E-05 0.236132 0.763768
0.0198835 0.394547 0.58557
0.156927 0.339084 0.503988
0.065244 0.105931 0.828825
9.9991E-05 0.391478 0.608422
0.0217551 0.12397 0.854275
0.204876 0.518505 0.276619
9.9991E-05 0.296063 0.703837
9.9991E-05 0.201444 0.798456
9.9991E-05 0.294444 0.705456
9.9991E-05 0.258541 0.741359
9.9991E-05 0.347169 0.652731
0.0130499 0.373637 0.613313
9.9991E-05 0.0379837 0.961916
0.0233542 0.139424 0.837221
9.9991E-05 0.198713 0.801187
0.0035976 9.9991E-05 0.996302
9.9991E-05 0.318322 0.681578
0.0153127 0.0954716 0.889216
0.0766983 9.9991E-05 0.923202
9.9991E-05 0.42278 0.57712
0.0623142 0.0894893 0.848197
0.0417552 0.251457 0.706788
0.0791152 0.455131 0.465754
9.9991E-05 0.299998 0.699902
9.9991E-05 0.251697 0.748203
9.9991E-05 0.33366 0.66624
9.9991E-05 0.265983 0.733917
9.9991E-05 0.150858 0.849042
0.0221695 0.342887 0.634944
0.767792 0.0111261 0.221082
0.783231 0.0855341 0.131235
0.902745 9.9991E-05 0.0971551
0.906314 9.9991E-05 0.0935857
0.808632 0.00706583 0.184303
0.052796 0.0703034 0.876901
0.113984 0.0104185 0.875597
9.9991E-05 0.0847532 0.915147
0.0802841 0.427237 0.492479
0.0670103 0.39424 0.538749
0.024531 0.167219 0.80825
9.9991E-05 0.423053 0.576847
0.0531709 0.26131 0.685519
9.9991E-05 0.400013 0.599887
9.9991E-05 0.36665 0.63325
0.00621936 0.151865 0.841916
9.9991E-05 0.186213 0.813687
9.9991E-05 0.144511 0.855389
0.0721889 0.375787 0.552024
9.9991E-05 0.179672 0.820228
9.9991E-05 0.351295 0.648605
0.0877632 0.670234 0.242003
0.146693 0.693384 0.159922
0.0952549 0.751125 0.15362
0.166852 0.746528 0.0866198
0.186805 0.639908 0.173288
0.0156653 0.278408 0.705927
0.348944 0.650956 9.9991E-05
0.209201 0.724158 0.0666408
0.180704 0.464303 0.354993
0.0882605 0.387065 0.524675
0.125423 0.225078 0.649498
0.0939536 0.394879 0.511167
0.0637245 0.394978 0.541298
0.256641 0.743259 9.9991E-05
0.0805752 0.660712 0.258713
0.0469809 0.821431 0.131588
0.118522 0.543452 0.338026
0.147122 0.713924 0.138954
0.109549 0.616851 0.2736
0.203754 0.720219 0.0760273
0.103942 0.67164 0.224418
0.0307467 0.361845 0.607408
0.10739 0.635763 0.256847
0.251293 0.748607 9.9991E-05
0.170867 0.648554 0.180579
0.246461 0.0760843 0.677455
0.0111692 0.456319 0.532512
0.235074 0.496621 0.268305
0.0723328 0.386702 0.540965
0.157287 0.325456 0.517257
0.163838 0.463791 0.372372
0.216146 0.545754 0.238101
0.00712156 0.542224 0.450654
0.163857 0.656564 0.179579
0.11014 0.765275 0.124585
0.242391 0.72287 0.034739
0.0736149 0.435916 0.490469
0.126405 0.216648 0.656947
0.275219 0.146019 0.578762
0.0669863 0.402529 0.530485
0.154285 0.270778 0.574937
0.197852 0.436926 0.365222
0.0692307 0.413432 0.517338
0.505236 0.211119 0.283645
0.505985 0.151227 0.342788
0.225897 0.302777 0.471326
0.472176 0.207231 0.320593
0.537298 0.300562 0.162141
0.179863 0.332089 0.488048
0.22131 0.391595 0.387095
0.347597 0.314757 0.337646
0.418212 0.236384 0.345405
0.138139 0.409641 0.45222
0.329668 0.25558 0.414752
0.664318 0.0850881 0.250594
0.119782 0.499806 0.380412
0.208083 0.450026 0.341891
0.211141 0.506052 0.282807
0.106822 0.588137 0.305042
0.174218 0.423738 0.402044
0.110399 0.4974 0.392201
0.0733757 0.559437 0.367188
0.374389 0.411572 0.214038
0.198157 0.477855 0.323987
0.213072 0.606248 0.18068
0.266189 0.480465 0.253346
0.169009 0.268646 0.562344
0.160594 0.372972 0.466434
0.20312 0.487433 0.309447
0.0912426 0.403619 0.505138
0.258293 0.564141 0.177566
0.174181 0.519915 0.305904
0.449033 0.367397 0.18357
0.142885 0.502712 0.354404
0.316794 0.465881 0.217325
0.860661 0.0429759 0.096363
0.249749 9.9991E-05 0.750151
0.317197 9.9991E-05 0.682703
0.271977 9.9991E-05 0.727923
0.231231 9.9991E-05 0.768669
0.28836 9.9991E-05 0.71154
0.225585 9.9991E-05 0.774315
0.349606 9.9991E-05 0.650294
0.447484 9.9991E-05 0.552416
0.910779 0.0891209 9.9991E-05
0.823555 0.101979 0.0744662
0.876782 0.123118 9.9991E-05
0.871176 0.124356 0.00446732
0.886547 0.113353 9.9991E-05
0.9262 0.0737 9.9991E-05
0.759114 0.215113 0.0257731
0.8623 0.1376 9.9991E-05
0.763549 0.101141 0.135311
0.867368 0.132532 9.9991E-05
0.960358 0.039542 9.9991E-05
0.852624 0.124101 0.0232753
0.933649 0.066251 9.9991E-05
0.882109 0.117791 9.9991E-05
0.834686 0.165214 9.9991E-05
0.786924 0.212976 9.9991E-05
0.738691 0.261209 9.9991E-05
0.741046 0.258854 9.9991E-05
0.774349 0.225551 9.9991E-05
0.169449 0.284719 0.545832
9.9991E-05 0.423623 0.576277
0.129339 0.4473 0.423362
0.160835 0.0803493 0.758815
0.115128 0.293944 0.590928
0.293758 0.0736579 0.632584
0.0586131 0.50595 0.435437
0.112375 0.227778 0.659848
0.0549168 0.293577 0.651506
0.0115561 0.264207 0.724237
0.091595 0.269208 0.639197
9.9991E-05 0.426755 0.573145
0.0777184 0.3599 0.562381
0.134039 9.9991E-05 0.865861
0.228341 9.9991E-05 0.771559
0.193706 0.0505358 0.755758
0.0217137 0.45937 0.518917
0.102289 0.348212 0.549499
0.0955505 0.336329 0.568121
0.0771486 0.36302 0.559831
0.133067 0.475301 0.391632
0.124161 0.525425 0.350414
0.478259 0.226019 0.295722
0.113843 0.469152 0.417005
0.216371 0.404931 0.378698
0.566064 0.17237 0.261566
0.279768 0.393366 0.326867
0.322679 0.362719 0.314602
0.328316 0.352961 0.318724
0.113615 0.533108 0.353276
0.102471 0.502624 0.394906
0.121844 0.524276 0.35388
0.169809 0.480633 0.349559
0.449421 0.40975 0.140829
