0.882527 0.117373 9.999E-05
0.930588 0.0693117 9.9991E-05
0.80722 0.19268 9.9991E-05
0.79551 0.166023 0.0384673
0.830841 0.169059 9.9991E-05
0.608211 0.153786 0.238004
0.869759 0.0676845 0.0625569
0.784858 0.0871616 0.12798
0.910804 9.9991E-05 0.0890965
0.723377 0.186489 0.0901346
0.760954 0.0725548 0.166491
0.0973164 0.157418 0.745266
9.9991E-05 0.33611 0.66379
0.145363 0.118711 0.735926
0.175543 0.219017 0.605441
0.173918 0.311853 0.514229
0.0580411 0.438411 0.503548
0.0248381 0.268711 0.706451
0.154964 0.246343 0.598693
0.218295 9.9991E-05 0.781605
0.0362764 0.253648 0.710076
0.0485972 0.246811 0.704592
0.0527525 0.301145 0.646103
0.106646 0.238543 0.654811
0.0485746 0.397316 0.554109
0.0349798 0.373661 0.59136
0.15948 0.106761 0.73376
0.0784129 0.249033 0.672554
0.0956926 0.0860849 0.818222
0.750519 0.249381 9.9991E-05
0.765415 0.234485 9.9991E-05
0.742773 0.256747 0.000479326
0.70026 0.235197 0.0645425
0.000933174 0.286967 0.712099
0.0720574 0.361676 0.566267
9.9991E-05 0.340257 0.659643
0.235255 9.9991E-05 0.764645
9.9991E-05 0.187819 0.812081
0.0779284 0.289661 0.63241
9.9991E-05 0.388646 0.611254
0.0269148 0.356429 0.616656
0.0590031 0.360471 0.580526
0.0594544 0.0238831 0.916663
0.0498138 0.336678 0.613508
0.0125904 0.399921 0.587488
9.9991E-05 0.480327 0.519573
9.9991E-05 0.132021 0.867879
9.9991E-05 0.406259 0.593641
0.0974645 0.396826 0.50571
0.181661 9.9991E-05 0.818239
0.117661 0.0162048 0.866134
0.177153 0.00299533 0.819851
9.9991E-05 0.404547 0.595353
0.0161247 0.394551 0.589324
9.9991E-05 0.445107 0.554793
0.227845 9.9991E-05 0.772055
9.9991E-05 0.29276 0.70714
0.07446 0.409932 0.515608
0.149403 0.170177 0.68042
0.35805 0.0217283 0.620222
0.014619 0.284022 0.701359
0.0986743 0.23283 0.668496
0.205369 9.9991E-05 0.794531
9.9991E-05 0.268467 0.731433
9.9991E-05 0.392306 0.607594
0.0542369 0.395847 0.549916
0.101725 0.160724 0.737552
0.034996 0.254811 0.710193
0.0198596 0.438422 0.541718
0.162066 0.0449052 0.793029
9.9991E-05 0.242581 0.757319
0.0725432 0.0563986 0.871058
0.0638138 0.395103 0.541083
0.0663452 9.9991E-05 0.933555
0.0195018 9.9991E-05 0.980398
9.9991E-05 0.109165 0.890735
9.9991E-05 0.211596 0.788304
0.0676074 0.390169 0.542223
9.9991E-05 0.24541 0.75449
0.135327 0.0615212 0.803152
0.12935 0.0772665 0.793383
0.0203132 0.357186 0.6225
9.9991E-05 0.145326 0.854574
0.0120965 0.207129 0.780774
9.9991E-05 0.16244 0.83746
0.0799566 9.9991E-05 0.919943
9.9991E-05 0.427476 0.572424
0.778346 0.173249 0.048405
0.875262 0.124638 9.9991E-05
0.814433 0.185467 9.9991E-05
0.872264 0.127636 9.9991E-05
0.830099 0.169801 9.9991E-05
0.87035 0.12955 9.9991E-05
0.855987 0.143913 9.9991E-05
9.9991E-05 0.364751 0.635149
0.0341342 0.3542 0.611666
0.0806832 9.9991E-05 0.919217
0.0156288 0.402942 0.581429
9.9991E-05 0.250534 0.749366
9.9991E-05 0.393085 0.606815
9.9991E-05 0.331506 0.668394
9.99971E-05 0.316199 0.683701
0.142731 9.9991E-05 0.857169
0.109209 0.316753 0.574039
0.0159159 0.379667 0.604417
0.000148675 0.380467 0.619384
9.9991E-05 0.193767 0.806133
9.9991E-05 0.293545 0.706355
9.9991E-05 0.240804 0.759096
9.9991E-05 0.241814 0.758086
0.0457196 0.221656 0.732624
0.0897803 0.353221 0.556999
0.125878 0.0786319 0.79549
0.186841 0.292779 0.52038
0.0466767 0.377396 0.575928
0.0742481 0.31564 0.610112
0.0414245 0.218183 0.740393
9.9991E-05 0.354173 0.645727
0.0404509 0.232437 0.727112
0.0607174 0.339578 0.599705
0.0116433 0.354305 0.634052
9.9991E-05 0.303298 0.696602
0.0133851 0.213508 0.773107
9.9991E-05 0.431875 0.568025
0.0601564 0.425618 0.514226
9.9991E-05 0.338624 0.661276
0.0677417 0.404699 0.52756
9.9991E-05 0.374762 0.625138
0.187884 0.163693 0.648423
9.9991E-05 0.44259 0.55731
9.9991E-05 0.368638 0.631262
0.132347 0.114399 0.753254
0.16843 0.00128383 0.830286
0.0802716 0.267049 0.652679
0.0866677 0.0114793 0.901853
0.145827 0.0726351 0.781538
0.0313083 0.221238 0.747454
0.0874159 0.070908 0.841676
0.0935065 0.152875 0.753619
0.0502711 0.398563 0.551166
0.091069 0.390244 0.518687
9.9991E-05 0.392702 0.607198
0.128568 0.104759 0.766673
0.117995 0.386115 0.49589
0.0436429 0.340726 0.615631
0.307681 9.9991E-05 0.692219
0.0381501 0.395722 0.566128
0.138215 0.211431 0.650354
0.0785784 0.338363 0.583059
0.2373 0.109978 0.652723
0.202771 0.0171188 0.78011
0.0656175 0.215886 0.718496
0.12237 0.400669 0.476961
0.145063 0.313589 0.541348
0.20949 0.112122 0.678388
0.0722293 0.353244 0.574526
9.9991E-05 0.177516 0.822384
0.00164448 0.197508 0.800848
0.0315248 0.39932 0.569155
0.350143 0.360494 0.289363
0.720365 0.215878 0.0637569
0.675497 0.166514 0.157989
0.488598 0.365059 0.146343
9.9991E-05 0.36155 0.63835
0.00182823 0.385062 0.613109
0.0457954 0.808646 0.145558
0.0491916 0.616448 0.33436
0.107084 0.589211 0.303705
0.0455034 0.156661 0.797836
9.9991E-05 0.334978 0.664922
0.13329 0.0567998 0.80991
9.9991E-05 0.329936 0.669964
0.0333347 0.251612 0.715053
9.9991E-05 0.348005 0.651895
0.11226 0.0567841 0.830956
9.9991E-05 0.495016 0.504884
9.9991E-05 0.413281 0.586619
0.0225744 0.977326 9.9991E-05
0.0214391 0.926467 0.0520935
0.0257378 0.744678 0.229584
0.00152152 0.892173 0.106305
0.0473363 0.926931 0.0257325
0.0522606 0.947639 9.9991E-05
0.0894428 0.910457 9.9991E-05
9.9991E-05 0.987538 0.0123618
9.999E-05 0.9998 9.999E-05
0.0360138 0.963886 9.9991E-05
0.0479781 0.951922 9.9991E-05
0.0772296 0.891098 0.0316723
0.12837 0.87153 9.9991E-05
0.0496785 0.950222 9.9991E-05
0.135717 0.524118 0.340165
0.061272 0.783452 0.155276
0.0561365 0.908286 0.0355779
0.0420818 0.957818 9.9991E-05
0.038766 0.961134 9.9991E-05
0.0818101 0.91809 9.9991E-05
0.047268 0.952632 9.9991E-05
0.129547 0.75864 0.111812
0.0700452 0.896427 0.0335273
0.495114 0.0337122 0.471174
0.187771 0.29383 0.518399
0.23785 0.295706 0.466444
0.322269 0.204237 0.473494
0.139739 0.36484 0.495421
0.364404 0.208297 0.427298
0.188177 0.337302 0.474521
0.222548 0.324287 0.453165
0.145515 0.404216 0.450269
0.159087 0.483502 0.357411
0.18665 0.348279 0.465071
0.856128 0.101744 0.0421276
0.889013 0.110887 9.9991E-05
0.960203 0.0396967 9.9991E-05
0.916703 0.0831968 9.9991E-05
0.862326 0.137574 9.9991E-05
0.858724 0.141176 9.9991E-05
0.814519 0.185381 9.9991E-05
0.909042 0.0908584 9.9991E-05
0.879314 0.120586 9.9991E-05
0.821332 0.178568 9.9991E-05
0.70314 9.9991E-05 0.29676
0.697191 0.00401789 0.298791
0.709439 9.9991E-05 0.290462
0.58469 9.9991E-05 0.41521
0.013139 0.294698 0.692163
9.9991E-05 0.301481 0.698419
0.0154781 0.26561 0.718912
0.0828505 0.123531 0.793618
0.135889 0.0257778 0.838333
9.9991E-05 0.385013 0.614887
9.9991E-05 0.267655 0.732245
9.9991E-05 0.261038 0.738862
9.9991E-05 0.223622 0.776278
9.9991E-05 0.352561 0.647339
0.0144572 0.249974 0.735568
0.0557479 9.9991E-05 0.944152
0.0319277 0.269513 0.698559
0.0447504 0.0727778 0.882472
9.9991E-05 0.238924 0.760976
0.0907455 9.9991E-05 0.909155
0.366359 9.9991E-05 0.633541
0.306026 9.9991E-05 0.693874
0.275908 9.9991E-05 0.723992
0.329061 9.9991E-05 0.670839
0.236471 9.9991E-05 0.763429
0.318589 9.9991E-05 0.681311
0.812985 0.186915 9.9991E-05
0.811293 0.188607 9.9991E-05
0.714815 0.285085 9.9991E-05
0.761403 0.238497 9.9991E-05
0.780009 0.206492 0.0134985
0.571473 9.9991E-05 0.428427
0.628355 9.9991E-05 0.371545
0.602733 9.9991E-05 0.397168
0.805093 0.194807 9.9991E-05
0.576169 9.9991E-05 0.423731
0.264324 0.530715 0.204962
0.0473051 0.624789 0.327906
0.115095 0.675325 0.20958
0.299318 0.467997 0.232685
0.0677212 0.489621 0.442658
0.559754 0.352775 0.0874709
0.0332654 0.208364 0.75837
0.00626471 0.182217 0.811519
0.184764 0.0969458 0.71829
0.0148659 0.218078 0.767056
0.130324 9.9991E-05 0.869576
0.0808386 0.345516 0.573646
0.026829 0.315699 0.657472
0.084306 0.158731 0.756963
0.0254351 0.35884 0.615725
0.110321 0.00128252 0.888396
0.0398287 0.292692 0.66748
0.0319129 0.269696 0.698391
0.136613 0.417977 0.44541
9.9991E-05 0.191488 0.808412
0.0336348 0.228608 0.737757
0.00654438 0.258778 0.734677
9.9991E-05 0.23654 0.76336
9.9991E-05 0.430749 0.569151
0.0247844 0.403799 0.571417
0.0669523 0.37538 0.557668
0.738254 0.261646 9.9991E-05
0.814083 0.185817 9.9991E-05
0.822251 0.0817744 0.0959749
0.839873 0.132015 0.0281124
0.815758 0.184142 9.9991E-05
0.190563 0.0285092 0.780928
0.0403357 0.320824 0.638841
0.131817 0.494418 0.373765
9.9991E-05 0.444135 0.555765
0.0223256 0.285202 0.692473
0.101545 0.139683 0.758773
0.339907 9.9991E-05 0.659993
0.0111905 0.300998 0.687811
0.235127 0.0407183 0.724155
0.0737373 0.222901 0.703362
0.278732 9.9991E-05 0.721168
0.063864 0.390717 0.545419
0.199512 0.0487009 0.751787
0.106806 0.252166 0.641028
0.0165705 0.336789 0.646641
0.133755 0.0839643 0.782281
0.0546316 0.340299 0.605069
0.0856535 0.424481 0.489866
0.062692 0.11329 0.824018
0.0354876 0.365912 0.5986
0.0673836 0.271013 0.661603
0.0951625 9.9991E-05 0.904738
0.101003 0.0501642 0.848833
0.00271844 0.26846 0.728822
0.142075 9.9991E-05 0.857825
0.0343956 0.211322 0.754282
0.152116 9.9991E-05 0.847784
9.9991E-05 0.116827 0.883073
0.122763 0.196131 0.681106
0.0332142 0.396178 0.570607
0.0769823 0.0675947 0.855423
0.0832107 0.399045 0.517744
0.0556787 0.37152 0.572802
0.0645055 0.298503 0.636991
0.0240351 0.344287 0.631678
0.0542151 0.241614 0.70417
0.0773245 0.121488 0.801188
0.0975696 0.191744 0.710687
9.9991E-05 0.342844 0.657056
0.0368454 0.34751 0.615644
0.0584055 0.213024 0.72857
9.9991E-05 0.33737 0.66253
0.150998 0.169069 0.679933
9.9991E-05 0.413433 0.586467
0.0549088 0.320786 0.624305
0.119199 0.386395 0.494407
0.285983 0.416646 0.29737
0.117242 0.524232 0.358527
0.110978 0.459965 0.429058
0.0309118 0.464107 0.504981
0.149659 0.480802 0.369539
9.9991E-05 0.227287 0.772613
0.119584 0.438098 0.442318
0.388622 0.149256 0.462122
0.0643189 0.476221 0.45946
0.0398727 0.519138 0.440989
0.0435322 0.567492 0.388976
0.241953 0.237204 0.520843
0.118323 0.47921 0.402468
0.0778591 0.562233 0.359908
0.681853 0.16387 0.154277
0.199776 0.451616 0.348609
0.0827865 0.588888 0.328325
0.102627 0.439381 0.457993
0.188002 0.497214 0.314784
0.103894 0.40386 0.492246
0.0729163 0.252639 0.674445
0.0837839 0.396345 0.519872
0.0759657 9.9991E-05 0.923934
0.108909 9.9991E-05 0.890991
0.0404428 0.361286 0.598271
0.0863893 0.571743 0.341868
0.0982999 0.553444 0.348256
0.255064 0.445515 0.299422
0.1702 0.481775 0.348026
0.199489 0.101727 0.698784
0.170359 0.170608 0.659034
9.9991E-05 0.419101 0.580799
0.0196393 0.369279 0.611082
0.131211 0.22348 0.645309
0.00680053 0.401561 0.591638
9.9991E-05 0.463432 0.536468
0.103498 0.370325 0.526177
0.0807042 0.072125 0.847171
0.0122773 0.221044 0.766679
9.9991E-05 0.305422 0.694478
0.0813578 0.218314 0.700328
0.0210312 0.37519 0.603779
0.00149928 0.245776 0.752725
0.0393511 0.0662081 0.894441
9.9991E-05 0.33559 0.66431
0.060361 0.424718 0.514921
0.0353261 0.0977256 0.866948
9.9991E-05 0.258824 0.741076
0.04541 0.39772 0.55687
0.111925 0.252082 0.635992
0.173096 0.440303 0.386601
0.171915 0.356608 0.471477
0.211392 0.462669 0.325939
0.19496 0.371537 0.433502
0.131451 0.43443 0.434119
0.112818 0.482913 0.404269
0.341069 0.140675 0.518256
0.0301481 0.570846 0.399005
0.567373 0.13897 0.293657
0.0297063 0.486002 0.484292
0.0369912 9.9991E-05 0.962909
0.103258 9.9991E-05 0.896642
9.9991E-05 0.278329 0.721571
9.9991E-05 0.345953 0.653947
9.9991E-05 0.193911 0.805989
9.9991E-05 0.290094 0.709806
9.9991E-05 0.278912 0.720988
0.785735 0.167557 0.0467076
0.799688 0.148316 0.0519965
0.883622 0.116278 9.9991E-05
0.909464 0.0904357 9.9991E-05
9.9991E-05 0.379842 0.620058
0.0122146 0.33014 0.657645
9.9991E-05 0.253139 0.746761
0.0111783 0.369795 0.619027
0.0888516 0.327508 0.58364
0.0637496 0.0814323 0.854818
9.9991E-05 0.360816 0.639084
0.0302634 0.132426 0.837311
0.233952 0.41685 0.349197
9.9991E-05 0.216142 0.783758
9.9991E-05 0.1549 0.845
9.9991E-05 0.300757 0.699143
9.9991E-05 0.15799 0.84191
9.9991E-05 0.309298 0.690602
0.0335052 0.31741 0.649085
9.999E-05 9.999E-05 0.9998
0.00185621 0.125383 0.87276
9.9991E-05 0.151257 0.848643
0.0334462 9.9991E-05 0.966454
9.9991E-05 0.24809 0.75181
0.0757305 9.9991E-05 0.92417
0.0712407 9.9991E-05 0.928659
9.9991E-05 0.330791 0.669109
0.0580462 0.0397178 0.902236
0.0284611 0.246755 0.724783
9.9991E-05 0.41311 0.58679
9.9991E-05 0.269867 0.730033
9.9991E-05 0.259071 0.740829
9.9991E-05 0.26984 0.73006
9.9991E-05 0.264995 0.734905
9.9991E-05 0.0972067 0.902693
0.0106908 0.329874 0.659435
0.740739 0.00313184 0.256129
0.79317 0.0869025 0.119927
0.87672 9.9991E-05 0.12318
0.896593 9.9991E-05 0.103307
0.770327 0.033615 0.196058
0.0822827 0.0405284 0.877189
0.113518 0.00818976 0.878292
9.9991E-05 0.0589702 0.94093
0.126583 0.346766 0.526651
9.9991E-05 0.407524 0.592376
0.0335773 0.193615 0.772808
9.9991E-05 0.414143 0.585757
0.0469795 0.248766 0.704254
9.9991E-05 0.307872 0.692028
9.9991E-05 0.353045 0.646855
0.0445982 0.0998827 0.855519
9.9991E-05 0.134845 0.865055
0.0150003 0.119205 0.865795
0.0665972 0.374314 0.559089
9.9991E-05 0.182556 0.817344
9.9991E-05 0.256534 0.743366
0.1385 0.675625 0.185874
0.121953 0.694945 0.183103
0.0973139 0.739456 0.16323
0.159927 0.725868 0.114205
0.0606286 0.615292 0.32408
9.9991E-05 0.300125 0.699775
0.278959 0.720941 9.9991E-05
0.127234 0.725969 0.146797
0.138849 0.412957 0.448193
0.1157 0.287367 0.596933
0.124959 0.262969 0.612071
0.107984 0.348199 0.543817
0.0382413 0.388362 0.573396
0.207911 0.781539 0.0105497
0.0892399 0.626485 0.284275
0.0710345 0.789651 0.139314
0.0696455 0.59718 0.333175
0.127129 0.707243 0.165628
0.0917915 0.593607 0.314602
0.13517 0.738142 0.126688
0.0416869 0.656737 0.301576
0.051585 0.353484 0.594931
0.174437 0.626225 0.199338
0.237808 0.762092 9.9991E-05
0.101234 0.568538 0.330228
0.26654 0.0605668 0.672894
9.9991E-05 0.395511 0.604389
0.172434 0.536612 0.290954
0.06236 0.367853 0.569787
0.116447 0.271917 0.611636
0.21476 0.505468 0.279772
0.208329 0.538013 0.253658
0.037102 0.406756 0.556142
0.101828 0.61015 0.288022
0.0993825 0.737165 0.163453
0.22385 0.739003 0.0371474
0.000967213 0.450344 0.548689
0.123609 0.202742 0.673649
0.259509 0.118362 0.622129
0.121373 0.380793 0.497834
0.104919 0.271877 0.623204
0.150123 0.464426 0.385451
0.0721355 0.351494 0.576371
0.520211 0.199408 0.28038
0.490953 0.145103 0.363943
0.26204 0.286795 0.451165
0.486062 0.205592 0.308346
0.573002 0.302914 0.124084
0.132686 0.344561 0.522752
0.189782 0.427696 0.382522
0.347521 0.313367 0.339112
0.381176 0.211684 0.407139
0.132171 0.369478 0.498351
0.281211 0.229003 0.489786
0.670682 0.0880367 0.241281
0.15901 0.527714 0.313276
0.171605 0.417898 0.410497
0.233942 0.367061 0.398998
0.0710628 0.65651 0.272428
0.128067 0.349202 0.522731
0.0812343 0.498556 0.42021
0.145091 0.533216 0.321693
0.322763 0.459661 0.217576
0.153946 0.500869 0.345185
0.203862 0.517454 0.278684
0.232208 0.409936 0.357856
0.172798 0.271371 0.555831
0.121234 0.383428 0.495338
0.157612 0.432825 0.409562
0.0798004 0.446891 0.473309
0.248023 0.523316 0.228662
0.172606 0.462807 0.364588
0.439317 0.345798 0.214886
0.117354 0.594149 0.288497
0.34518 0.459749 0.195071
0.829834 0.0617174 0.108449
0.280092 9.9991E-05 0.719808
0.303071 9.9991E-05 0.696829
0.267483 9.9991E-05 0.732417
0.238741 9.9991E-05 0.761159
0.263072 9.9991E-05 0.736828
0.234664 9.9991E-05 0.765236
0.318224 9.9991E-05 0.681676
0.438131 9.9991E-05 0.561769
0.861407 0.138493 9.9991E-05
0.834876 0.133415 0.0317083
0.856685 0.143215 9.9991E-05
0.824858 0.080488 0.0946538
0.854053 0.145847 9.9991E-05
0.918018 0.0812548 0.000727589
0.74446 0.241768 0.0137723
0.833459 0.166441 9.9991E-05
0.734145 0.153455 0.112399
0.855969 0.143931 9.9991E-05
0.967199 0.032701 9.9991E-05
0.839135 0.137325 0.02354
0.915474 0.0844255 9.9991E-05
0.858708 0.141192 9.9991E-05
0.786781 0.213119 9.9991E-05
0.798106 0.201794 9.9991E-05
0.748539 0.251361 9.9991E-05
0.748241 0.251659 9.9991E-05
0.788517 0.211383 9.9991E-05
0.189831 0.204482 0.605687
9.9991E-05 0.361321 0.638579
0.0738073 0.411765 0.514428
0.220522 0.030162 0.749316
0.154838 0.243573 0.601589
0.317423 0.0429842 0.639592
0.0605336 0.422525 0.516941
0.124586 0.192657 0.682757
0.121581 0.269163 0.609256
9.9991E-05 0.273825 0.726075
0.14266 0.177542 0.679798
9.9991E-05 0.299738 0.700162
0.0908132 0.310864 0.598323
0.130891 9.9991E-05 0.869009
0.236493 9.9991E-05 0.763407
0.220035 0.0613127 0.718652
0.100052 0.359454 0.540495
0.0572842 0.342603 0.600113
0.11761 0.258596 0.623793
0.0795515 0.322891 0.597557
0.121525 0.48931 0.389165
0.0784532 0.616625 0.304922
0.480523 0.236371 0.283106
0.067252 0.413605 0.519143
0.191853 0.351105 0.457042
0.60937 0.152429 0.238201
0.237089 0.443063 0.319848
0.343892 0.361927 0.294181
0.313169 0.333556 0.353276
0.0796375 0.457037 0.463325
0.178427 0.489069 0.332504
0.104673 0.477684 0.417642
0.160008 0.422376 0.417616
0.462995 0.390508 0.146497
