0.921703 0.0612738 9.9973E-05 0.0167237 9.9973E-05 9.9973E-05
0.946943 0.049107 9.9973E-05 9.9973E-05 0.00364991 9.9973E-05
0.801108 0.0401257 0.154732 0.00383474 9.9982E-05 9.9982E-05
0.778227 0.0815167 0.0627654 0.0585055 0.0188855 9.9991E-05
0.861024 0.0231542 0.0672619 0.0377704 9.9991E-05 0.0106898
0.593888 0.110242 0.0962001 0.0526713 0.112208 0.0347905
0.819761 0.0725909 9.9982E-05 0.0287649 9.9982E-05 0.0786833
0.740331 0.145528 9.9991E-05 0.0590175 0.0127508 0.0422728
0.823273 0.0860371 9.9982E-05 9.9982E-05 0.000866995 0.0896226
0.688592 0.0583212 0.0843551 0.127328 0.00516636 0.0362375
0.738765 0.0863291 0.0270656 9.9991E-05 0.0529095 0.0948306
9.9982E-05 0.450285 0.187951 0.0879244 0.27364 9.9982E-05
9.9982E-05 0.272048 0.506196 0.107406 9.9982E-05 0.114149
9.999E-05 0.442023 0.173525 0.117176 0.0646689 0.202507
0.0936499 0.321882 0.242001 0.141656 0.136409 0.0644026
0.0575113 0.257494 0.308234 0.181796 0.0871625 0.107802
0.0550757 0.158427 0.58042 0.178814 9.9991E-05 0.0271632
0.0361867 0.16576 0.469953 0.0534708 0.146187 0.128441
0.093943 0.283027 0.236969 0.125541 0.26042 9.9991E-05
0.0371061 0.617336 9.9991E-05 0.096433 0.108552 0.140473
9.999E-05 0.265558 0.290208 0.14217 0.20389 0.0980731
0.0543816 0.187195 0.526144 0.0316983 0.0833936 0.117187
0.0895434 0.210411 0.558299 9.9991E-05 0.116006 0.0256407
9.999E-05 0.355088 0.200045 0.159095 0.249088 0.0365846
0.00274185 0.143413 0.476844 0.149409 0.126743 0.10085
9.999E-05 0.299821 0.416492 0.209099 0.0564457 0.0180427
0.0176888 0.423484 0.106463 0.149174 0.255184 0.0480067
0.0445891 0.402122 0.113636 0.209066 0.230486 9.9991E-05
9.9991E-05 0.457975 0.201421 0.0198202 0.117733 0.202951
0.812529 9.9973E-05 0.0932717 0.0938991 9.9973E-05 9.9973E-05
0.810916 0.0148036 0.0969742 0.0771064 9.9982E-05 9.9982E-05
0.817958 9.9982E-05 0.134389 0.0274158 0.0200367 9.9982E-05
0.757827 9.9982E-05 0.142333 0.0589818 0.040659 9.9982E-05
0.023274 0.0830071 0.528357 0.0115524 0.311342 0.0424679
0.135849 9.9982E-05 0.412959 0.082179 0.368813 9.9982E-05
9.9982E-05 9.9982E-05 0.543886 0.016839 0.430358 0.00871652
0.121585 0.527023 0.173293 9.9982E-05 0.177899 9.9982E-05
0.00494163 9.9991E-05 0.316447 0.0492408 0.461582 0.167688
0.0470008 0.11811 0.536463 0.0493717 0.164648 0.0844061
0.0905724 9.9991E-05 0.63363 0.01499 0.25995 0.000757977
0.139849 0.0156751 0.539842 9.9991E-05 0.188201 0.116332
0.169524 9.9982E-05 0.614446 9.9982E-05 0.189461 0.0263685
0.0366527 0.124648 0.0368607 0.0487745 0.752964 9.9991E-05
0.0536879 9.9991E-05 0.522399 0.0985895 0.0960865 0.229137
0.0695408 9.9991E-05 0.540234 0.0436637 0.24447 0.101992
0.082635 0.0161255 0.524042 0.0901667 0.174667 0.112363
9.9982E-05 9.9982E-05 0.242746 0.0225293 0.666237 0.0682882
0.0805275 9.9973E-05 0.631084 9.9973E-05 0.288088 9.9973E-05
0.184182 0.00326372 0.443124 0.0608523 0.300125 0.00845201
0.074563 9.9973E-05 9.9973E-05 9.9973E-05 0.570545 0.354592
9.9982E-05 0.438348 0.199463 9.9982E-05 0.18474 0.177249
9.9991E-05 0.207312 0.077645 0.0327872 0.209458 0.472698
9.9991E-05 0.217795 0.510492 0.159157 0.0892601 0.0231952
0.0724443 0.11293 0.575573 0.0830139 9.9991E-05 0.155939
0.0500138 0.183555 0.617294 0.0746203 0.0198006 0.0547161
0.0869263 0.337701 0.180847 9.9991E-05 0.275477 0.118949
9.9982E-05 0.244861 0.590816 9.9982E-05 0.0658401 0.0982832
0.0441398 0.17323 0.630475 0.0926528 0.0594025 9.9991E-05
0.112438 0.209053 0.37444 9.9991E-05 0.253875 0.0500943
0.150056 0.368313 0.0187865 0.123407 0.144796 0.194641
0.122726 0.134223 0.563566 0.0304081 0.101229 0.0478483
0.0583604 0.327779 0.357278 0.113695 0.0624757 0.0804124
0.0522958 0.458381 0.0950446 9.9991E-05 0.217253 0.176926
9.9991E-05 0.334934 0.50279 0.049298 0.079798 0.0330803
0.0251997 0.0191014 0.626145 0.0520226 0.179719 0.0978122
0.123731 0.167539 0.629349 0.0172029 0.0196998 0.0424784
0.05424 0.240516 0.22976 0.0780597 0.308134 0.0892913
9.9991E-05 0.256289 0.463167 0.0804848 0.150037 0.049921
0.0217651 0.117756 0.613188 0.0985471 0.0883186 0.0604254
9.9991E-05 0.332903 0.169655 0.002661 0.262087 0.232594
9.9973E-05 0.0844096 0.533307 9.9973E-05 0.381984 9.9973E-05
9.9982E-05 0.104772 0.0810816 0.022961 0.790986 9.9982E-05
0.0120506 0.20905 0.434099 0.188686 0.130789 0.0253256
9.9964E-05 9.9964E-05 9.9964E-05 9.9964E-05 0.778561 0.221039
9.9973E-05 0.00804912 9.9973E-05 9.9973E-05 0.768126 0.223525
9.9973E-05 9.9973E-05 0.255939 0.00421735 0.739544 9.9973E-05
0.0433445 0.0469086 0.482813 9.9982E-05 0.426734 9.9982E-05
0.0997209 0.0406337 0.476189 0.114268 0.166995 0.102193
9.9982E-05 0.0514915 0.448337 0.054644 0.445327 9.9982E-05
0.0689018 0.151379 0.0704135 0.0305541 0.678652 9.9991E-05
0.055744 0.233942 0.208807 9.9982E-05 0.501307 9.9982E-05
0.101608 0.0775003 0.321762 0.132935 0.267293 0.0989018
0.0278736 0.0717347 0.249578 0.0459585 0.604755 9.9991E-05
0.0367596 0.0849687 0.389767 0.00278397 0.467753 0.0179676
0.0284666 9.9982E-05 0.385787 9.9982E-05 0.578421 0.00712615
9.9964E-05 9.9964E-05 9.9964E-05 9.9964E-05 0.678228 0.321372
0.00791776 0.0840683 0.578732 0.0606626 0.267781 0.000837901
0.822811 0.0526021 0.0734241 0.0186668 0.0323965 9.9991E-05
0.912425 9.9964E-05 0.0871748 9.9964E-05 9.9964E-05 9.9964E-05
0.840149 0.00680426 0.0709917 0.081855 9.9982E-05 9.9982E-05
0.936388 9.9982E-05 0.0307442 0.0300301 0.00263813 9.9982E-05
0.866092 9.9991E-05 0.0557157 0.0555739 0.00411559 0.0184028
0.919927 9.9973E-05 0.0784944 0.00127906 9.9973E-05 9.9973E-05
0.915865 9.9973E-05 0.0612746 0.0225603 9.9973E-05 9.9973E-05
0.100927 0.0592048 0.465032 0.0638433 0.310893 9.9991E-05
0.121074 0.00418932 0.515052 0.129183 0.230402 9.9991E-05
0.0199829 0.024679 9.9982E-05 9.9982E-05 0.876543 0.0785956
0.122069 9.9973E-05 0.586218 9.9973E-05 0.291413 9.9973E-05
0.0212369 0.0638395 0.346414 0.0534303 0.514979 9.9991E-05
0.0412871 9.9991E-05 0.58149 0.0453649 0.312393 0.019365
9.9982E-05 9.9982E-05 0.396025 0.121634 0.394678 0.0874633
0.00516683 9.9982E-05 0.455424 0.0791246 0.460085 9.9982E-05
0.0360414 0.209326 9.9973E-05 9.9973E-05 0.754333 9.9973E-05
0.252137 0.00235006 0.543646 0.00613011 0.195637 9.9991E-05
0.0416629 0.1005 0.631339 0.0602382 0.119419 0.0468408
0.0558657 0.13105 0.579695 0.0845511 0.122369 0.0264692
9.9973E-05 9.9973E-05 0.281052 9.9973E-05 0.477036 0.241612
0.0479125 9.9982E-05 0.5552 9.9982E-05 0.387799 0.00888907
0.0728219 0.0779172 0.42393 0.0246908 0.40054 9.9991E-05
9.9973E-05 9.9973E-05 0.252804 0.105432 0.641464 9.9973E-05
0.023843 0.18474 0.363388 9.9982E-05 0.427829 9.9982E-05
0.115715 0.108252 0.644016 0.0106595 0.121258 9.9991E-05
9.9991E-05 0.339833 0.189436 0.0835273 0.141248 0.245855
0.205688 0.270469 0.492315 9.9982E-05 0.0313276 9.9982E-05
0.0599109 0.244142 0.554987 0.0163494 0.063157 0.0614532
0.0875805 0.0595873 0.529374 0.0569101 0.110604 0.155944
9.9982E-05 0.386935 0.481036 0.0593768 0.0724525 9.9982E-05
9.9982E-05 0.326422 0.635622 0.0351517 0.00260383 9.9982E-05
0.0267022 0.399197 0.494747 9.9982E-05 0.0791538 9.9982E-05
0.102765 0.0976186 0.519657 0.0246004 0.0886507 0.166708
0.00957127 0.136884 0.648772 0.0319343 0.0708919 0.101947
0.0216314 0.208646 0.600469 0.0354909 0.0947668 0.0389952
9.9982E-05 0.328288 0.566763 9.9982E-05 0.0353226 0.0694268
9.9982E-05 0.119469 0.681458 0.0167387 9.9982E-05 0.182134
0.0809872 0.0790337 0.555505 0.0655513 0.0828927 0.13603
9.9982E-05 0.29374 0.654501 9.9982E-05 0.0427822 0.00877752
0.0638068 0.218786 0.59532 0.0696594 9.9991E-05 0.0523277
9.9991E-05 0.259265 0.475328 0.125744 0.106535 0.0330278
0.0799327 0.344441 0.364451 9.9991E-05 0.0100871 0.200988
0.00458214 0.197609 0.661497 0.105981 0.026669 0.00366223
0.00336045 0.117331 0.751844 0.0283482 9.9991E-05 0.0990159
9.9991E-05 0.427065 0.227764 0.0818923 0.184942 0.0782362
0.0543085 0.284908 0.207802 9.9991E-05 0.0881711 0.36471
0.0338124 0.208513 0.494442 0.083609 0.160979 0.0186456
9.9991E-05 0.272701 0.104561 0.0467885 0.186492 0.389358
0.0356813 0.415037 0.287786 9.9991E-05 0.190797 0.070598
0.0324262 0.289763 0.440644 9.9991E-05 0.235248 0.00181883
9.9973E-05 0.427936 0.364708 9.9973E-05 0.207057 9.9973E-05
9.9991E-05 0.444908 0.248712 0.0435367 0.227396 0.0353473
0.0829697 0.0976131 0.638853 0.0492534 0.131211 9.9991E-05
0.111529 0.127475 0.557359 0.0598899 0.0848519 0.0588953
0.0709378 0.194986 0.489445 0.0486376 0.182692 0.0133015
9.9991E-05 0.374417 0.0823311 0.0936044 0.170144 0.279403
0.147662 0.131292 0.569371 9.9991E-05 0.0554734 0.0961016
0.0505806 9.9991E-05 0.429295 0.0752232 0.164496 0.280305
0.140455 0.147736 0.0248873 9.9991E-05 0.0415369 0.645286
0.0801106 0.0137947 0.628105 0.0506952 0.062958 0.164337
0.102066 0.0521398 0.322577 0.034131 0.181992 0.307094
0.0689483 0.0413263 0.468252 0.152509 0.0431022 0.225862
0.077927 0.191921 0.243303 0.0255367 0.0485709 0.412742
0.0522543 0.205084 0.226368 9.9982E-05 9.9982E-05 0.516094
0.0137771 0.17593 0.435583 9.9991E-05 0.0255071 0.349103
0.0889845 0.146109 0.589763 0.0188587 9.9991E-05 0.156185
0.156984 0.0376484 0.355521 0.095828 0.157481 0.196537
0.0544567 0.131025 9.9991E-05 0.159369 0.234609 0.42044
0.0869029 0.117682 0.573918 0.0238736 0.030746 0.166877
9.9982E-05 0.0956645 0.363991 9.9982E-05 0.218999 0.321146
9.9982E-05 0.106021 0.458838 9.9982E-05 0.232333 0.202608
0.152609 0.106051 0.609686 0.00507002 0.115326 0.0112588
0.323926 9.9982E-05 0.190582 0.234108 9.9982E-05 0.251184
0.513845 9.9973E-05 9.9973E-05 0.147654 9.9973E-05 0.338201
0.429748 9.9973E-05 9.9973E-05 0.156182 9.9973E-05 0.413771
0.385662 9.9982E-05 0.031216 0.336044 9.9982E-05 0.246878
9.9973E-05 9.9973E-05 0.708076 9.9973E-05 0.0338936 0.257731
0.0728944 0.07199 0.645409 9.9982E-05 9.9982E-05 0.209507
9.9982E-05 0.0419081 0.14594 0.785964 0.025988 9.9982E-05
0.0443052 0.0895404 0.256534 0.50205 0.10747 9.9991E-05
0.0637549 0.0198242 0.311752 0.45321 0.102448 0.0490104
9.9982E-05 0.0135014 0.428104 9.9982E-05 0.0458112 0.512383
9.9991E-05 0.154403 0.50112 0.0681726 0.138924 0.137281
9.9982E-05 9.9982E-05 0.260806 0.019263 0.00832549 0.711405
0.0241005 0.0131889 0.61009 9.9991E-05 0.104958 0.247562
0.0168786 0.0678729 0.530046 0.00691376 0.0542183 0.32407
0.0582895 0.0193893 0.593096 0.0578361 0.00842961 0.26296
9.9982E-05 0.0307208 0.254757 9.9982E-05 0.104285 0.610038
0.0489351 0.0289163 0.533982 0.0829591 0.208567 0.0966401
0.0725175 0.0468359 0.624104 0.0271878 9.9991E-05 0.229254
9.9973E-05 0.000868225 0.00739112 0.991441 9.9973E-05 9.9973E-05
9.9991E-05 0.0132442 0.00254833 0.936334 0.0295687 0.0182049
0.0298128 0.0367609 0.144211 0.668123 0.120993 9.9991E-05
9.9973E-05 0.0261159 0.268049 0.705536 9.9973E-05 9.9973E-05
9.9973E-05 9.9973E-05 0.058747 0.845391 0.0955617 9.9973E-05
9.996E-05 9.996E-05 9.996E-05 0.9995 9.996E-05 9.996E-05
9.9964E-05 0.0519031 9.9964E-05 0.947697 9.9964E-05 9.9964E-05
9.9964E-05 9.9964E-05 0.164047 0.835553 9.9964E-05 9.9964E-05
9.9973E-05 0.0272567 0.00479634 0.967647 9.9973E-05 9.9973E-05
9.996E-05 9.996E-05 9.996E-05 0.9995 9.996E-05 9.996E-05
9.996E-05 9.996E-05 9.996E-05 0.9995 9.996E-05 9.996E-05
9.9973E-05 0.0676944 0.125299 0.806707 9.9973E-05 9.9973E-05
0.0594166 0.0416245 0.118221 0.777449 0.00318905 9.9991E-05
9.9964E-05 9.9964E-05 9.9964E-05 0.967524 0.0320757 9.9964E-05
9.9991E-05 0.129725 0.306225 0.444187 0.0347156 0.0850485
0.038022 9.9982E-05 0.223716 0.636106 0.101956 9.9982E-05
0.0469309 9.9982E-05 0.0855374 0.820571 0.0467605 9.9982E-05
0.00694096 0.0298775 0.0670474 0.895934 9.9982E-05 9.9982E-05
9.9964E-05 9.9964E-05 0.00703996 0.99256 9.9964E-05 9.9964E-05
9.9973E-05 9.9973E-05 0.0119392 0.935949 0.0518119 9.9973E-05
9.996E-05 9.996E-05 9.996E-05 0.9995 9.996E-05 9.996E-05
0.0535563 0.0785859 0.0876002 0.687347 0.0928103 9.9991E-05
9.9973E-05 9.9973E-05 9.9973E-05 0.893329 0.0825907 0.0237807
0.344851 9.9973E-05 9.9973E-05 0.0519802 9.9973E-05 0.602869
0.230976 0.106621 0.441758 0.0262443 0.00995667 0.184444
0.218467 9.9991E-05 0.444217 0.0574828 0.0471909 0.232543
0.273482 0.0278439 0.204065 0.0717673 9.9991E-05 0.422741
0.0540195 0.117866 0.355099 0.188531 0.1029 0.181585
0.251698 9.9991E-05 0.212656 0.107341 0.000304105 0.4279
0.213274 0.126877 0.305939 0.0847396 0.0658469 0.203324
0.171268 9.9982E-05 0.268657 0.202062 9.9982E-05 0.357813
0.163906 0.0094053 0.517893 0.146761 9.9991E-05 0.161935
0.186565 9.9982E-05 0.321522 0.211653 9.9982E-05 0.28006
0.209788 9.9982E-05 0.474762 0.0953877 9.9982E-05 0.219862
0.828145 0.0667227 0.0942149 9.9982E-05 9.9982E-05 0.0107174
0.933458 9.9973E-05 9.9973E-05 0.0476257 0.0186159 9.9973E-05
0.945632 0.0208892 9.9973E-05 9.9973E-05 0.0331793 9.9973E-05
0.943413 0.0317068 0.0245801 9.9973E-05 9.9973E-05 9.9973E-05
0.875041 0.0560569 0.0608281 0.00787427 9.9982E-05 9.9982E-05
0.920526 9.9982E-05 9.9982E-05 0.0600222 0.016375 0.00287662
0.917128 9.9982E-05 0.021988 0.0589019 0.00178208 9.9982E-05
0.872485 9.9973E-05 0.0098231 9.9973E-05 9.9973E-05 0.117392
0.925274 9.9982E-05 0.027903 0.0257992 0.020824 9.9982E-05
0.81688 9.9982E-05 0.0133582 0.110842 9.9982E-05 0.05872
0.648623 0.220296 9.9982E-05 9.9982E-05 0.125669 0.00521138
0.579974 0.34674 9.9991E-05 0.0109259 0.0334569 0.0288027
0.516805 0.346919 9.9982E-05 9.9982E-05 0.00828747 0.127789
0.50505 0.289562 9.9982E-05 9.9982E-05 0.162454 0.0427339
0.0834005 0.150418 0.484986 0.0314082 0.249687 9.9991E-05
9.9982E-05 0.17014 0.386656 0.105015 0.337989 9.9982E-05
9.9991E-05 0.174997 0.466964 0.097886 0.176823 0.0832297
0.0327114 0.211015 0.384785 9.9991E-05 0.266593 0.104795
9.9991E-05 0.622905 0.154428 0.0110667 0.190682 0.0208181
0.091766 0.00805913 0.591664 0.00746515 0.300946 9.9991E-05
0.0474024 0.0586464 0.546974 0.00360302 0.343274 9.9991E-05
9.9982E-05 0.0702134 0.49685 9.9982E-05 0.312808 0.119928
9.9982E-05 9.9982E-05 0.332139 0.0242554 0.563458 0.0799481
0.083479 0.0326937 0.617396 0.0395707 0.177908 0.0489528
9.9991E-05 0.0953322 0.332625 0.0413077 0.512489 0.0181467
9.9973E-05 0.0342708 9.9973E-05 9.9973E-05 0.725842 0.239587
0.15087 0.0915843 0.492554 9.9991E-05 0.212131 0.0527608
9.9982E-05 9.9982E-05 0.237375 0.0271298 0.53026 0.205036
0.0122463 0.026132 0.489395 9.9991E-05 0.383822 0.0883043
0.051834 0.186437 0.0277151 9.9991E-05 0.715761 0.0181528
0.129453 0.702336 0.0225323 9.9982E-05 9.9982E-05 0.145479
0.121917 0.714072 0.0309843 9.9982E-05 9.9982E-05 0.132826
0.0162064 0.798565 0.0401796 9.9982E-05 9.9982E-05 0.144849
0.109955 0.796132 9.9982E-05 9.9982E-05 0.0354308 0.0582817
9.9982E-05 0.814491 0.0766001 0.00431922 9.9982E-05 0.10439
0.0483686 0.748412 0.0437901 0.0918911 9.9991E-05 0.0674381
0.860169 9.9982E-05 0.06199 0.060946 0.0166955 9.9982E-05
0.819671 0.0604248 9.9973E-05 0.119604 9.9973E-05 9.9973E-05
0.773089 9.9973E-05 0.113807 0.112804 9.9973E-05 9.9973E-05
0.721344 0.0985492 9.9982E-05 0.173885 0.00602276 9.9982E-05
0.778354 0.0393681 0.0550002 0.122842 0.00433571 9.9991E-05
0.388993 0.563276 9.9973E-05 9.9973E-05 0.0474317 9.9973E-05
0.498239 0.393061 9.9982E-05 9.9982E-05 0.0615119 0.0469882
0.477832 0.413914 9.9982E-05 0.011335 0.0967183 9.9982E-05
0.812177 0.0235663 0.100305 0.063752 9.9982E-05 9.9982E-05
0.373617 0.487249 9.9982E-05 9.9982E-05 0.0780091 0.0609244
0.224303 9.9982E-05 0.223063 0.371533 9.9982E-05 0.180902
0.11208 0.109264 0.527256 0.240119 0.0111818 9.9991E-05
0.210154 0.00160683 0.499879 0.273367 0.0148929 9.9991E-05
0.27458 9.9991E-05 0.400965 0.187893 0.0111031 0.125359
0.131416 0.0119754 0.533426 0.213733 0.0253868 0.0840629
0.472329 9.9973E-05 9.9973E-05 0.281697 9.9973E-05 0.245675
0.00309329 0.262417 0.460444 0.00813465 0.252871 0.0130404
9.9982E-05 0.241863 0.388779 9.9982E-05 0.0446653 0.324493
0.0409584 0.567975 0.321261 0.0188437 0.0166037 0.0343576
9.9982E-05 0.0869352 0.549812 9.9982E-05 0.0984386 0.264614
9.9973E-05 0.132233 9.9973E-05 9.9973E-05 0.221699 0.645768
0.0534724 0.209026 0.574821 0.0762939 0.0353574 0.0510296
0.0238445 0.12104 0.515157 9.9991E-05 0.10894 0.230919
0.0590247 0.399691 0.294735 0.028053 0.156649 0.0618476
0.0119342 0.259878 0.411673 0.112794 0.128935 0.0747864
9.9982E-05 0.268292 0.141992 9.9982E-05 0.213827 0.375689
0.0284431 0.151261 0.598669 0.00106973 0.0142171 0.20634
9.9991E-05 0.310974 0.570036 0.0174396 0.0968334 0.0046171
0.160239 0.0399512 0.476701 0.119205 0.12495 0.0789543
9.9991E-05 0.236897 0.482507 0.0094639 0.0449394 0.226092
0.013802 0.273559 0.524025 9.9991E-05 0.074151 0.114363
9.9991E-05 0.133829 0.493732 0.0532089 0.0851123 0.234018
0.0213202 0.108421 0.556708 9.9991E-05 0.213094 0.100357
0.0784319 0.16065 0.667726 0.00217423 0.084686 0.00633206
0.110003 0.111124 0.531213 0.0397941 0.207766 9.9991E-05
0.0909414 0.0855086 0.586805 0.067661 0.0554106 0.113673
0.79088 9.9973E-05 0.120838 0.0879819 9.9973E-05 9.9973E-05
0.861037 9.9982E-05 0.0542394 0.0462136 0.0383102 9.9982E-05
0.777758 0.0439436 0.0673676 9.9991E-05 0.0320877 0.0787433
0.822723 0.0345978 9.9982E-05 0.0673059 0.075173 9.9982E-05
0.852749 0.0103323 0.12949 9.9982E-05 0.00722949 9.9982E-05
9.9991E-05 0.604093 0.19643 0.062577 0.0793374 0.057462
0.0583686 0.19847 0.493914 0.109898 0.0662428 0.0731065
0.260513 9.9991E-05 0.405444 0.1482 0.0294266 0.156317
0.0418157 0.223359 0.644793 0.0554446 0.0344881 9.9991E-05
0.127028 0.27741 0.51741 9.9982E-05 0.0779527 9.9982E-05
9.9982E-05 0.313351 0.334841 0.0504602 9.9982E-05 0.301148
0.1636 0.529459 9.9982E-05 9.9982E-05 0.249086 0.0576553
9.9973E-05 0.384848 0.549563 9.9973E-05 0.0652894 9.9973E-05
0.0718959 0.508823 0.189473 0.0576867 0.0515658 0.120556
0.0540543 0.163461 0.467265 0.0245931 0.0612951 0.229332
0.150576 0.47646 0.205986 0.00177587 0.121402 0.0438004
0.0796081 0.214146 0.530918 0.101549 0.0736786 9.9991E-05
0.0595147 0.53207 0.208561 9.9991E-05 0.152105 0.0476491
9.9991E-05 0.349523 0.280012 0.0991811 0.0756799 0.195504
0.0275926 0.102583 0.52921 0.0315495 0.0449705 0.264094
0.0266752 0.0845863 0.327509 9.9991E-05 0.00231972 0.55881
0.0900915 0.0389138 0.653754 9.9982E-05 9.9982E-05 0.217041
0.100168 9.9991E-05 0.577205 0.0390575 0.062927 0.220543
9.9973E-05 0.129815 0.340245 9.9973E-05 9.9973E-05 0.52964
0.104026 0.0687157 0.496185 0.0989341 0.0607906 0.171348
9.9973E-05 9.9973E-05 0.541898 9.9973E-05 0.125443 0.332359
9.9982E-05 0.109805 0.154453 9.9982E-05 0.0187525 0.71679
9.9964E-05 9.9964E-05 0.335293 9.9964E-05 9.9964E-05 0.664308
0.0267271 0.112238 0.52042 9.9982E-05 9.9982E-05 0.340416
9.9982E-05 0.143223 0.166674 9.9982E-05 0.0856977 0.604205
0.00185654 0.143596 0.523082 9.9982E-05 9.9982E-05 0.331266
9.9991E-05 0.585333 0.0502085 0.0962102 0.227895 0.0402527
9.9982E-05 0.371605 0.328763 9.9982E-05 0.0390329 0.2604
9.9991E-05 0.39314 0.298868 0.114082 0.183539 0.0102716
9.9982E-05 0.199946 0.611968 0.0800056 0.107881 9.9982E-05
9.9991E-05 0.452553 0.254067 0.0191427 0.222426 0.0517116
0.148742 0.245189 0.417912 0.0160513 0.0360634 0.136042
0.0238223 0.192753 0.620801 0.0652003 0.0345222 0.0629012
0.0165746 0.19233 0.473503 0.10912 0.0298213 0.178652
0.0369131 0.295261 0.559626 0.0477066 0.0335248 0.026969
0.0320557 0.391856 0.457386 0.0358897 0.0531918 0.0296199
9.9982E-05 0.521042 0.149618 0.0930248 0.236115 9.9982E-05
9.9982E-05 0.464018 0.199014 0.137258 0.19951 9.9982E-05
9.9982E-05 0.197729 0.677671 9.9982E-05 0.0468521 0.0775481
0.042359 0.188471 0.570195 0.125142 0.073732 9.9991E-05
0.0573105 0.231162 0.390506 9.9991E-05 0.0492975 0.271624
9.9991E-05 0.246645 0.472895 0.0958052 0.136818 0.0477365
0.0765674 0.476805 0.335234 0.0594698 0.0464781 0.00544527
0.0513825 0.246801 0.591852 0.054002 0.0502442 0.00571862
0.0570326 0.179902 0.485817 0.107065 0.109219 0.0609646
0.0338706 0.165375 0.416328 0.193182 0.181427 0.00981834
0.365979 0.05606 0.42248 0.0899925 0.0653887 9.9991E-05
0.112582 9.9991E-05 0.454217 0.287383 0.107679 0.038039
0.195219 9.9991E-05 0.567975 0.113054 0.0394023 0.0842501
0.0780699 0.0569038 0.584127 0.115781 0.0877579 0.077361
0.193257 9.9991E-05 0.496106 0.183829 0.0561199 0.0705879
9.9991E-05 0.248693 0.546309 0.0535656 0.0297454 0.121586
0.126506 0.0378945 0.424979 0.20937 0.109397 0.0918532
0.238163 9.9991E-05 0.0278187 0.16184 0.10889 0.463188
0.0590586 0.124149 0.577975 0.149046 9.9991E-05 0.0896711
0.126853 0.0350085 0.622654 0.110267 0.00311082 0.102106
0.0381448 0.0290108 0.505572 0.214961 0.0798412 0.13247
0.188146 0.0513416 0.239762 0.16821 0.128207 0.224333
0.213339 9.9982E-05 0.553483 0.0929391 9.9982E-05 0.140039
0.136576 9.9982E-05 0.524428 0.211752 9.9982E-05 0.127044
0.48072 9.9973E-05 9.9973E-05 0.176612 9.9973E-05 0.342368
0.182093 9.9991E-05 0.469651 0.18251 0.135008 0.0306374
0.150069 0.0147292 0.506734 0.203885 9.9991E-05 0.124483
0.091638 9.9991E-05 0.54623 0.169928 0.0269783 0.165126
0.241456 9.9982E-05 0.59514 0.106997 9.9982E-05 0.0562073
0.136599 0.0240018 0.524425 0.141957 0.107246 0.0657716
9.9991E-05 0.138256 0.534393 0.036928 0.0145143 0.275808
0.0540802 0.0514853 0.471065 0.107273 9.9991E-05 0.315997
9.9982E-05 0.10731 0.0134891 9.9982E-05 0.265911 0.61309
9.9982E-05 0.0890065 0.0500586 9.9982E-05 0.216669 0.644066
0.041958 0.13872 0.476826 0.113551 0.0113701 0.217575
0.137744 9.9982E-05 0.41853 0.285317 9.9982E-05 0.158208
0.110766 9.9982E-05 0.378422 0.319009 9.9982E-05 0.191603
0.150151 9.9982E-05 0.201228 0.29665 9.9982E-05 0.351771
0.19621 9.9982E-05 0.343432 0.26341 9.9982E-05 0.196747
0.0128223 9.9982E-05 0.199377 0.0912257 9.9982E-05 0.696376
0.0966092 9.9982E-05 0.209977 0.0857098 9.9982E-05 0.607505
9.9982E-05 9.9982E-05 0.506315 0.141476 0.116755 0.235254
0.0206008 9.9991E-05 0.393279 0.163315 0.134927 0.287779
0.0349878 9.9991E-05 0.258805 0.11554 0.0364479 0.55412
0.0192532 0.0315118 0.503198 0.136118 0.0772354 0.232684
9.9991E-05 0.0499937 0.490875 0.203242 0.0528956 0.202894
0.192119 0.0791351 0.492708 0.10103 9.9991E-05 0.134908
9.9982E-05 0.128572 0.398697 9.9982E-05 0.0557241 0.416807
9.9991E-05 0.0490748 0.418432 0.00664729 0.158261 0.367485
9.9991E-05 0.0714789 0.562948 0.00812514 0.113142 0.244206
0.0260181 0.114408 0.403361 0.0319377 0.130007 0.294269
0.0267653 0.0502937 0.443796 0.155012 0.047993 0.27614
0.00694262 9.9982E-05 0.533765 9.9982E-05 0.00257192 0.456521
9.9982E-05 0.0832414 0.273117 9.9982E-05 0.0822957 0.561146
0.0368086 9.9991E-05 0.631698 0.00833246 0.00667255 0.316388
0.121372 9.9991E-05 0.548421 0.102978 0.0683671 0.158762
9.9982E-05 0.00755034 0.248759 9.9982E-05 0.195222 0.548269
9.9982E-05 0.0238808 0.482914 9.9982E-05 0.0892859 0.403719
0.0677946 0.0753701 0.5421 0.0657236 0.0762564 0.172756
0.0598705 0.0621898 0.434126 9.9991E-05 0.223419 0.220294
0.189971 9.9991E-05 0.360618 0.219812 0.0491146 0.180385
0.121015 0.0709611 0.366798 0.20022 0.0957058 0.1453
0.114369 0.0645708 0.319191 0.298248 9.9991E-05 0.203521
0.122284 0.122905 0.330761 0.212769 9.9991E-05 0.211181
0.0370894 0.224068 0.47704 0.213136 9.9991E-05 0.0485665
0.127714 0.0700335 0.393006 0.193434 0.0686052 0.147208
0.165537 0.0488943 9.9991E-05 0.153641 0.0234668 0.608361
0.0635134 0.0472836 0.568579 0.237127 9.9991E-05 0.083397
0.355582 9.9973E-05 9.9973E-05 0.138723 9.9973E-05 0.505395
9.9982E-05 9.9982E-05 0.431635 0.245536 0.0741291 0.2485
9.9973E-05 9.9973E-05 0.123278 9.9973E-05 0.274522 0.601901
9.9964E-05 9.9964E-05 9.9964E-05 9.9964E-05 0.310172 0.689428
9.9973E-05 9.9973E-05 0.500939 9.9973E-05 0.126519 0.372242
0.0665579 9.9991E-05 0.654473 0.00953754 0.0365251 0.232807
9.9982E-05 0.0332626 0.458078 9.9982E-05 0.0851073 0.423352
0.03645 0.00134408 0.525714 0.00129105 0.17258 0.262621
9.9982E-05 0.0313681 0.559347 9.9982E-05 0.126773 0.282313
0.798265 9.9991E-05 0.0648826 0.0604359 0.0115731 0.0647431
0.743643 0.122365 0.00400044 0.100681 9.9991E-05 0.0292113
0.891971 0.0380213 9.9973E-05 0.0697082 9.9973E-05 9.9973E-05
0.93032 9.9973E-05 0.0491163 9.9973E-05 9.9973E-05 0.0202639
0.0341982 0.032694 0.465499 0.0343106 0.433198 9.9991E-05
0.171232 0.00909732 0.427564 9.9982E-05 0.391906 9.9982E-05
9.9973E-05 0.0525376 0.414958 9.9973E-05 0.532204 9.9973E-05
0.130352 0.0748059 0.533124 0.00894946 0.252669 9.9991E-05
0.197983 0.00412373 0.420179 9.9991E-05 0.231282 0.146333
0.0160359 0.131679 0.17025 9.9991E-05 0.612273 0.0696617
9.9973E-05 9.9973E-05 0.482329 0.0251176 0.492253 9.9973E-05
9.9982E-05 0.025728 0.430138 9.9982E-05 0.345011 0.198923
0.267072 0.0468394 0.516769 0.127631 9.9991E-05 0.0415882
9.9982E-05 9.9982E-05 0.351696 0.0697224 0.538179 0.0402032
9.9982E-05 0.155755 0.201281 0.0258548 0.61691 9.9982E-05
0.0582341 0.0236735 0.582455 9.9991E-05 0.327136 0.00840206
0.0318112 9.9982E-05 0.354284 0.0499371 0.563768 9.9982E-05
9.9964E-05 9.9964E-05 0.568814 9.9964E-05 0.430786 9.9964E-05
0.013175 0.0634269 0.547782 0.0600914 0.310508 0.00501607
9.9973E-05 9.9973E-05 0.0183167 9.9973E-05 0.897822 0.083561
9.9982E-05 0.045676 0.163484 9.9982E-05 0.639944 0.150696
0.0391972 0.0479825 0.262879 0.0124938 0.61995 0.0174976
9.9964E-05 9.9964E-05 9.9964E-05 9.9964E-05 0.684396 0.315204
0.019304 0.166969 0.418875 9.9991E-05 0.389355 0.00539708
9.9973E-05 9.9973E-05 0.0455555 9.9973E-05 0.602637 0.351508
9.9964E-05 9.9964E-05 9.9964E-05 9.9964E-05 0.75954 0.24006
9.9973E-05 9.9973E-05 0.59708 0.0288201 0.3738 9.9973E-05
0.0766299 0.0842998 0.131003 9.9991E-05 0.68269 0.0252776
0.0185764 0.0847581 0.338686 0.118877 0.439003 9.9991E-05
0.102944 0.121132 0.5027 0.0829482 0.132539 0.0577366
0.0120266 0.0588424 0.412007 0.0581418 0.458883 9.9991E-05
9.9991E-05 0.28247 0.343848 0.0276777 0.103867 0.242037
9.9982E-05 0.0259271 0.468136 0.0648207 0.440917 9.9982E-05
9.9982E-05 0.123815 0.398628 0.0519957 0.425361 9.9982E-05
0.00373472 9.9973E-05 0.279913 9.9973E-05 0.716053 9.9973E-05
0.0444487 0.0874494 0.554309 9.9991E-05 0.173737 0.139956
0.644006 0.282495 0.0188332 9.9982E-05 9.9982E-05 0.0544658
0.772799 0.0847366 0.00126577 9.9991E-05 0.100568 0.0405305
0.823168 0.149851 9.9973E-05 9.9973E-05 9.9973E-05 0.0266809
0.79322 0.17613 9.9982E-05 9.9982E-05 0.0176409 0.0128097
0.732218 0.235613 0.0318695 9.9973E-05 9.9973E-05 9.9973E-05
0.0213482 0.124955 9.9982E-05 0.0436165 0.80988 9.9982E-05
0.0651054 0.0642887 0.0335266 9.9991E-05 0.737397 0.0995821
9.9973E-05 9.9973E-05 0.0772552 9.9973E-05 0.766008 0.156437
0.128318 0.0164642 0.494067 0.104521 0.160191 0.096438
0.0481194 0.0888289 0.421797 0.157546 0.267592 0.0161167
0.0150014 9.9991E-05 0.274078 0.012304 0.526438 0.172079
0.00625094 9.9991E-05 0.602813 0.0337628 0.299274 0.0577991
0.00400045 9.9991E-05 0.351438 0.0345536 0.52392 0.0859888
0.0033795 0.0295683 0.529824 9.9991E-05 0.333406 0.103722
0.0277258 0.106459 0.585636 0.0448156 0.235264 9.9991E-05
9.9991E-05 0.0944267 0.142345 0.0442503 0.700047 0.0188314
9.9973E-05 0.0849885 0.313037 9.9973E-05 0.601675 9.9973E-05
9.9973E-05 0.126374 0.277786 9.9973E-05 0.59554 9.9973E-05
0.0988268 0.0693097 0.595407 9.9991E-05 0.0467031 0.189654
0.0309222 0.0028317 0.34845 9.9982E-05 0.617596 9.9982E-05
0.0405712 0.0260261 0.389019 0.04596 0.498324 9.9991E-05
0.118757 0.023327 0.412318 0.40236 0.0367462 0.00649161
0.0640376 0.0392942 0.269927 0.531208 9.9991E-05 0.0954338
0.121366 9.9973E-05 0.453036 0.425298 9.9973E-05 9.9973E-05
0.108772 9.9982E-05 0.214274 0.529349 9.9982E-05 0.147405
0.161505 9.9982E-05 0.612622 0.184712 9.9982E-05 0.0409604
0.0761874 9.9982E-05 0.477789 9.9982E-05 0.385102 0.0607218
0.250673 9.9982E-05 0.0196589 0.662477 9.9982E-05 0.0669917
0.194361 9.9982E-05 0.308488 0.456815 9.9982E-05 0.0401366
0.163859 0.0551865 0.425953 0.142113 0.0700994 0.142789
0.145043 0.00332596 0.602593 0.0127579 9.9991E-05 0.236181
0.117081 0.0957624 0.428333 0.0190447 0.0773751 0.262404
0.191039 0.0906184 0.597622 0.0255208 0.030872 0.0643279
0.106172 0.102124 0.589668 9.9991E-05 0.139413 0.0625233
0.209041 9.9973E-05 0.333122 0.457537 9.9973E-05 9.9973E-05
0.065622 0.0845341 0.381893 0.401469 0.066382 9.9991E-05
0.0791049 9.9973E-05 0.505929 0.414666 9.9973E-05 9.9973E-05
0.123141 0.0282354 0.452668 0.243505 0.0970874 0.0553633
0.184135 9.9982E-05 0.329465 0.444363 9.9982E-05 0.0418371
0.120227 9.9991E-05 0.456839 0.32802 0.0939218 0.000892836
0.0435321 0.0308392 0.307433 0.549034 9.9991E-05 0.0690622
0.0342938 0.155563 0.304266 0.465633 9.9991E-05 0.0401435
0.0768387 0.0460767 0.5858 9.9991E-05 0.0156549 0.27553
0.134999 9.9991E-05 0.358462 0.361848 0.0516638 0.0929281
0.181736 9.9982E-05 0.133557 0.667274 9.9982E-05 0.0172339
0.098199 0.128567 0.218527 0.434757 0.11985 9.9991E-05
0.160331 0.248343 0.176099 0.00234226 0.135956 0.276928
9.9991E-05 0.0415331 0.576955 0.0716955 0.0266069 0.28311
0.128351 0.13983 0.358001 0.318004 0.00387236 0.0519411
0.135119 0.0830888 0.602874 9.9991E-05 0.0217455 0.157073
0.17762 0.0119782 0.502455 0.0227292 0.10328 0.181937
0.217039 0.0662104 0.289004 0.239862 0.17057 0.0173156
0.218803 0.0297718 0.31383 0.273377 9.9991E-05 0.164119
0.114254 0.0493632 0.515017 0.143772 0.142536 0.0350574
0.14007 0.03691 0.350652 0.37424 0.0918594 0.0062682
0.109807 9.9982E-05 0.472865 0.362756 9.9982E-05 0.054373
0.220871 9.9982E-05 0.187899 0.551813 9.9982E-05 0.0392175
0.114055 0.00980194 0.639377 0.000776061 0.0787915 0.157199
0.102844 0.0995783 0.516129 9.9991E-05 0.141892 0.139457
0.128017 9.9982E-05 0.24585 0.00239169 9.9982E-05 0.623541
0.0464451 0.0144682 0.615913 0.0997376 0.074644 0.148792
0.0914906 0.235459 0.436483 9.9991E-05 0.0804324 0.156035
0.220218 9.9991E-05 0.52269 0.0803681 0.0631145 0.113509
0.0615462 0.15273 0.445585 0.145754 9.9991E-05 0.194285
0.299311 9.9973E-05 9.9973E-05 0.242349 9.9973E-05 0.458041
0.323075 9.9973E-05 9.9973E-05 0.0868865 9.9973E-05 0.589739
0.13904 0.0962381 0.239323 0.15043 9.9991E-05 0.374869
0.35953 9.9982E-05 0.0487088 0.209391 9.9982E-05 0.38217
0.422063 9.9973E-05 9.9973E-05 0.238108 9.9973E-05 0.339528
0.0842487 0.00266011 0.350018 0.161892 9.9991E-05 0.401081
0.24383 0.0496239 0.298461 0.184777 0.0974678 0.12584
0.256079 0.0754977 0.188315 0.184143 0.0395766 0.256389
0.29382 9.9982E-05 0.0905573 0.18645 9.9982E-05 0.428973
0.192838 0.094641 0.468981 0.0994555 9.9991E-05 0.143985
0.243012 9.9991E-05 0.183549 0.112694 0.0684992 0.392146
0.441253 9.9973E-05 9.9973E-05 0.0866354 9.9973E-05 0.471811
0.187223 0.131121 0.520297 0.129343 0.0319164 9.9991E-05
0.161819 0.0100323 0.38165 0.198473 9.9991E-05 0.247926
0.31996 0.030328 0.376674 0.166845 0.106092 9.9991E-05
0.174108 9.9973E-05 0.590306 0.235286 9.9973E-05 9.9973E-05
0.212185 9.9991E-05 0.361717 0.15211 0.117169 0.156718
0.233747 9.9982E-05 0.548956 0.16787 0.0492271 9.9982E-05
0.160603 9.9982E-05 0.527443 0.206925 9.9982E-05 0.104829
0.364152 0.0430441 0.405899 0.186705 9.9982E-05 9.9982E-05
0.235245 0.0251162 0.608615 0.111234 9.9991E-05 0.0196887
0.256019 9.9982E-05 0.356093 0.276825 0.110863 9.9982E-05
0.300073 9.9991E-05 0.340098 0.186294 0.0156642 0.157771
0.180231 0.139811 0.180354 0.182926 0.313348 0.00333076
0.181931 0.0162565 0.585981 0.0646811 0.0861371 0.0650138
0.202148 9.9991E-05 0.623244 0.00102127 0.031349 0.142137
0.157501 9.9982E-05 0.725456 9.9982E-05 0.0543573 0.0624863
0.301789 0.0158371 0.341189 0.24721 9.9991E-05 0.0938741
0.203171 0.0144021 0.515876 0.218328 0.0481232 9.9991E-05
0.426412 9.9991E-05 0.141123 0.220003 0.0518126 0.160549
0.176979 0.061401 0.519038 0.218907 9.9991E-05 0.0235749
0.300469 9.9991E-05 0.177976 0.331488 0.0706295 0.119337
0.814664 0.0751003 9.9982E-05 9.9982E-05 0.101989 0.00804714
0.09192 0.74676 0.123827 9.9982E-05 9.9982E-05 0.0372937
0.0166434 0.982957 9.9964E-05 9.9964E-05 9.9964E-05 9.9964E-05
0.0191612 0.980439 9.9964E-05 9.9964E-05 9.9964E-05 9.9964E-05
9.9973E-05 0.949563 0.0424322 0.00770531 9.9973E-05 9.9973E-05
0.00210049 0.920753 0.029483 0.047464 9.9982E-05 9.9982E-05
9.9964E-05 0.89663 0.10297 9.9964E-05 9.9964E-05 9.9964E-05
0.0201951 0.948421 9.9973E-05 9.9973E-05 9.9973E-05 0.0310841
0.175759 0.79096 9.9973E-05 0.0329813 9.9973E-05 9.9973E-05
0.908504 0.0291944 0.058778 9.9982E-05 0.00332366 9.9982E-05
0.805888 0.11792 0.0758925 9.9973E-05 9.9973E-05 9.9973E-05
0.903694 9.9991E-05 0.00207469 0.032111 0.0211258 0.0408945
0.82164 0.150691 0.0273687 9.9973E-05 9.9973E-05 9.9973E-05
0.88108 0.0382987 0.0215506 0.0588707 9.9982E-05 9.9982E-05
0.906682 0.0929182 9.9964E-05 9.9964E-05 9.9964E-05 9.9964E-05
0.735036 0.0573158 0.0265798 0.180868 9.9982E-05 9.9982E-05
0.851646 0.015472 0.0579359 0.0747461 9.9982E-05 9.9982E-05
0.698336 0.139631 0.0105005 0.10759 0.0298765 0.0140661
0.901146 9.9982E-05 0.0179081 0.0673334 0.013413 9.9982E-05
0.950629 0.00834938 9.9973E-05 9.9973E-05 0.0407213 9.9973E-05
0.864414 0.014139 0.0145937 0.0474145 0.0443328 0.0151061
0.93687 0.000163143 9.9982E-05 0.0256159 9.9982E-05 0.0371511
0.939749 0.0125663 0.00150871 0.0252275 9.9991E-05 0.0208485
0.863362 9.9982E-05 0.0231254 0.0722451 0.0410678 9.9982E-05
0.884305 9.9964E-05 0.115295 9.9964E-05 9.9964E-05 9.9964E-05
0.798901 9.9973E-05 0.0784469 0.122352 9.9973E-05 9.9973E-05
0.772334 9.9982E-05 0.09855 0.121972 0.00694394 9.9982E-05
0.814933 9.9973E-05 0.12248 0.0622874 9.9973E-05 9.9973E-05
0.163765 0.0133745 0.414394 9.9991E-05 0.122351 0.286015
0.0407641 0.0500385 0.69826 9.9991E-05 0.0618024 0.149035
0.100808 0.10336 0.532956 0.0353186 0.219321 0.00823569
0.0681461 9.9982E-05 0.188169 9.9982E-05 0.0741178 0.669367
0.130929 0.140801 0.504406 9.9991E-05 0.0803206 0.143443
0.151899 9.9991E-05 0.154732 0.0158482 0.000353867 0.677067
0.0568744 0.0334623 0.727987 9.9982E-05 9.9982E-05 0.181477
0.10951 0.101681 0.436243 9.9991E-05 0.19608 0.156385
0.105846 0.101361 0.537528 9.9991E-05 0.07165 0.183515
0.00587513 0.0983052 0.433779 0.072786 0.389154 9.9991E-05
0.117964 0.0753378 0.472536 9.9991E-05 0.0581108 0.275951
0.0282636 9.9973E-05 0.743815 9.9973E-05 9.9973E-05 0.227621
0.0706677 0.154224 0.539347 0.0228563 0.01815 0.194755
9.9991E-05 0.445 0.0888251 0.0214327 0.153812 0.290831
0.0247399 0.0517386 9.9982E-05 9.9982E-05 0.0537013 0.86962
0.0431921 0.045804 0.175965 0.0231267 9.9991E-05 0.711812
0.10497 0.122385 0.671275 9.9982E-05 9.9982E-05 0.10117
0.109871 9.9982E-05 0.529433 9.9982E-05 0.0771662 0.283329
0.0892967 9.9973E-05 0.57329 9.9973E-05 9.9973E-05 0.337113
0.0505915 0.0652746 0.60141 0.0674336 0.0601392 0.155151
0.219675 0.0271311 0.526895 0.129492 9.9991E-05 0.0967074
0.174071 0.0301345 0.553422 0.173573 9.9991E-05 0.0687003
0.360775 0.187355 0.0439889 0.218502 0.0696841 0.119696
0.120687 0.0899912 0.638364 0.0600377 0.0374101 0.0535106
0.235708 0.0790272 0.446717 0.147141 0.0765016 0.0149051
0.410826 9.9973E-05 9.9973E-05 0.165538 9.9973E-05 0.423336
0.29375 9.9991E-05 0.296511 0.203697 0.0286522 0.177289
0.345885 0.0442313 0.233203 0.177899 0.166328 0.0324538
0.291745 0.125187 0.389929 0.1207 0.0723391 9.9991E-05
0.1498 0.0976021 0.407175 0.223916 0.0517452 0.069762
0.227611 9.9991E-05 0.410797 0.211949 0.0790837 0.0704597
0.0868517 0.0108141 0.492402 0.191082 0.00897917 0.209871
0.136025 9.9991E-05 0.372688 0.190457 0.131616 0.169114
0.470162 9.9982E-05 0.25989 0.144547 0.125201 9.9982E-05
