0.055791 9.9982E-05 9.9982E-05 0.849369 0.051169 0.0434706
9.9973E-05 9.9973E-05 0.0428858 0.92741 0.0294044 9.9973E-05
0.0833191 0.0903414 9.9991E-05 0.803647 0.0146249 0.00796721
0.0689008 0.0489845 9.9991E-05 0.778833 0.0663813 0.0368005
0.0478624 0.0378086 9.9982E-05 0.843748 9.9982E-05 0.0703808
0.103702 0.0776425 0.0482279 0.560743 9.9991E-05 0.209584
0.00558616 9.9982E-05 0.0136101 0.817748 9.9982E-05 0.162856
0.0275264 9.9982E-05 0.028051 0.671487 9.9982E-05 0.272735
9.9982E-05 9.9982E-05 0.117651 0.817857 0.0163725 0.0479197
0.111268 0.0684438 0.0200644 0.666415 9.9991E-05 0.133709
9.9982E-05 0.024527 0.0515423 0.737982 9.9982E-05 0.185749
0.0777412 0.224272 0.0287146 9.9982E-05 0.669073 9.9982E-05
0.0856331 0.48083 9.9982E-05 0.0490771 0.38426 9.9982E-05
0.0827931 0.214781 0.0997155 0.00575931 0.596851 9.9991E-05
0.197257 0.253644 9.9982E-05 0.00755727 0.541342 9.9982E-05
0.130567 0.422806 9.9982E-05 0.123128 0.323299 9.9982E-05
0.13707 0.551139 0.037561 0.0718615 0.202269 9.9991E-05
0.106783 0.484027 0.0904217 9.9991E-05 0.285151 0.0335172
0.138354 0.210992 0.02736 0.105167 0.518027 9.9991E-05
0.0688849 9.9982E-05 0.119853 0.00903396 0.802028 9.9982E-05
0.0841697 0.398471 0.237973 0.00223589 0.230633 0.0465186
0.127198 0.421587 0.156549 0.0283681 0.26606 0.000237384
0.0395563 0.602687 0.0520683 0.0120573 0.28038 0.0132504
0.12263 0.247353 0.0605495 0.0019816 0.567386 9.9991E-05
0.153057 0.565445 0.0263654 0.0237494 0.136989 0.0943935
0.150704 0.496997 9.9982E-05 0.00323132 0.348867 9.9982E-05
0.138358 0.16219 0.0106462 0.00320559 0.6855 9.9991E-05
0.217596 0.0750688 9.9982E-05 0.00912644 0.698009 9.9982E-05
0.0181153 0.193322 0.176661 0.0106935 0.571607 0.0296009
0.0905519 0.10754 9.9973E-05 0.801608 9.9973E-05 9.9973E-05
0.0179726 0.121549 9.9982E-05 0.826121 0.0341569 9.9982E-05
0.0364022 0.145641 9.9982E-05 0.797318 0.0204391 9.9982E-05
0.113776 0.167058 9.9973E-05 0.718866 9.9973E-05 9.9973E-05
0.0259267 0.608628 0.187338 0.0336099 0.0424794 0.102018
0.0560161 0.5734 0.115259 0.0825861 0.172638 9.9991E-05
9.9982E-05 0.729423 0.209666 0.0382957 9.9982E-05 0.0224147
0.0413842 0.128206 0.024497 0.0880239 0.709892 0.00799634
0.0293494 0.463937 0.428612 0.00234411 0.0756568 9.9991E-05
9.9982E-05 0.659938 0.128884 0.0667859 0.144192 9.9982E-05
0.0737165 0.732926 0.0844471 0.0427603 9.9991E-05 0.0660497
0.0449188 0.595622 0.0927975 0.060428 0.0701452 0.136088
0.0644183 0.615746 0.0243618 0.081407 0.0936429 0.120424
9.9991E-05 0.269466 0.427969 0.0227137 0.273746 0.0060049
0.0718541 0.614939 0.152982 0.0855152 0.0137462 0.0609633
0.120687 0.594625 0.120179 0.0132683 0.151141 9.9991E-05
0.12716 0.603791 0.0873252 0.11377 0.0130135 0.0549401
9.9973E-05 0.447549 0.535857 9.9973E-05 0.0162944 9.9973E-05
9.9982E-05 0.782991 0.0900124 0.0869406 9.9982E-05 0.0398564
0.0966614 0.560976 0.184581 0.107258 0.0418317 0.00869237
9.9973E-05 9.9973E-05 0.874175 0.0560415 0.0694835 9.9973E-05
9.9982E-05 0.220023 0.217756 9.9982E-05 0.539118 0.0229026
0.0437231 0.116979 0.522713 0.0813338 0.212304 0.0229478
0.0822478 0.547463 0.0678582 0.155524 0.146807 9.9991E-05
0.0691283 0.583748 0.11152 0.0797901 0.146118 0.00969567
0.0635001 0.642808 0.169547 0.0822712 0.0417736 9.9991E-05
9.9991E-05 0.21092 0.224482 0.0842713 0.364255 0.115971
9.9991E-05 0.614355 0.0749058 0.0609406 0.158253 0.0914453
0.186342 0.467442 0.10994 9.9982E-05 0.236075 9.9982E-05
0.0612455 0.361332 0.171391 0.107984 0.286492 0.0115539
0.0813975 0.0322911 0.211249 0.178168 0.468657 0.0282374
0.0408114 0.616996 0.0748646 0.0573368 0.18308 0.0269114
0.180575 0.292923 0.0611286 0.0428258 0.422447 9.9991E-05
9.9991E-05 0.06443 0.205518 0.0502465 0.617132 0.0625743
0.0674272 0.499292 0.0910198 9.9991E-05 0.301649 0.0405115
0.184181 0.601778 0.163527 9.9982E-05 0.0503139 9.9982E-05
0.101304 0.526609 0.0947115 0.0549853 0.222291 9.9991E-05
0.0790499 0.294038 0.184186 0.0409237 0.401702 9.9991E-05
0.135986 0.448134 0.166036 0.0150171 0.202884 0.031943
0.107139 0.513949 0.0875156 0.059427 0.157508 0.0744614
9.9982E-05 0.206906 0.215344 0.0493245 0.528226 9.9982E-05
9.9982E-05 0.678126 0.121276 9.9982E-05 0.154485 0.045912
9.9973E-05 0.429899 0.333678 9.9973E-05 0.236124 9.9973E-05
0.00202017 0.599255 0.187166 0.125181 0.0783701 0.00800852
9.9982E-05 0.197538 0.741378 9.9982E-05 0.0177315 0.0431526
9.9973E-05 0.151735 0.734172 9.9973E-05 0.113793 9.9973E-05
9.9973E-05 0.471143 0.477196 9.9973E-05 0.0513613 9.9973E-05
9.9991E-05 0.628721 0.223397 0.0262772 0.0896653 0.0318395
0.0593889 0.512796 0.132953 0.0966658 0.147155 0.0510408
0.0521183 0.523064 0.187227 9.9982E-05 0.23739 9.9982E-05
0.00710118 0.348777 0.320037 0.0158261 0.225773 0.0824851
9.9991E-05 0.328766 0.254652 0.0273195 0.31757 0.0715924
0.0961939 0.61551 0.149724 0.0589371 0.0400797 0.0395561
9.9982E-05 0.420578 0.289048 0.0482674 0.241906 9.9982E-05
9.9982E-05 0.620861 0.219877 9.9982E-05 0.11836 0.0407027
9.9973E-05 0.544483 0.44558 9.9973E-05 9.9973E-05 0.00963698
9.9991E-05 0.145073 0.743636 0.00129814 0.108901 0.000991323
9.9991E-05 0.726905 0.112355 0.0482364 0.0811092 0.0312941
0.0305017 0.110462 9.9982E-05 0.817859 0.0409777 9.9982E-05
9.9964E-05 0.0761402 9.9964E-05 0.92346 9.9964E-05 9.9964E-05
0.0257807 0.113618 9.9973E-05 0.860301 9.9973E-05 9.9973E-05
0.0383386 0.0460563 0.000866236 0.914539 9.9982E-05 9.9982E-05
0.071701 0.0840108 0.012529 0.831559 9.9982E-05 9.9982E-05
0.0355223 0.0251386 0.0481869 0.868012 9.9991E-05 0.0230406
9.9964E-05 0.114063 9.9964E-05 0.885537 9.9964E-05 9.9964E-05
0.0947034 0.553013 0.157277 0.0756093 0.0386519 0.0807453
0.036996 0.572695 0.0546826 0.11299 0.222537 9.9991E-05
9.9982E-05 0.218351 0.596683 0.00052575 0.18424 9.9982E-05
0.0961266 0.639238 0.102566 0.0598066 0.102163 9.9991E-05
9.9991E-05 0.597507 0.191075 0.0110265 0.1815 0.0187917
0.0185184 0.723459 0.164369 0.0595941 0.0339592 9.9991E-05
0.0761407 0.585973 0.270824 0.00390097 0.063062 9.9991E-05
0.0342574 0.569369 0.328202 0.0679724 9.9982E-05 9.9982E-05
9.9991E-05 0.156912 0.500787 0.00749521 0.318732 0.0159745
0.0930225 0.492836 0.146436 0.116577 0.151029 9.9991E-05
0.0122898 0.769378 0.110299 0.0395997 0.0683341 9.9991E-05
0.132788 0.579009 0.121882 0.102929 0.0307319 0.0326607
0.00594834 0.428449 0.502312 0.0630913 9.9982E-05 9.9982E-05
9.9991E-05 0.662697 0.23463 0.0322071 0.0289127 0.0414527
9.9982E-05 0.543983 0.200482 0.0251569 0.230178 9.9982E-05
0.0519942 0.50815 0.425202 9.9982E-05 9.9982E-05 0.0144537
9.9982E-05 0.557541 0.190392 0.0953809 0.156485 9.9982E-05
9.9991E-05 0.620882 0.0846497 0.0977538 0.0819619 0.114653
0.107433 0.194292 0.240998 0.0521437 0.405033 9.9991E-05
0.0958331 0.383512 9.9991E-05 0.10935 0.363616 0.0475892
0.06186 0.528145 0.0600519 0.130346 0.123493 0.0961043
0.153452 0.593423 0.0762052 0.0903778 0.0431237 0.0434188
0.0103004 0.554208 9.9982E-05 0.00725578 0.428035 9.9982E-05
0.0116617 0.621179 9.9973E-05 9.9973E-05 0.366859 9.9973E-05
0.0457771 0.469183 9.9991E-05 0.0297623 0.391291 0.063886
0.0601663 0.547382 0.0540004 0.0807461 0.179042 0.0786628
0.147428 0.570805 0.0674023 0.0154585 0.169009 0.0298972
0.0704117 0.560792 0.0101176 0.0346025 0.323976 9.9991E-05
9.9973E-05 0.540829 9.9973E-05 9.9973E-05 0.358791 0.10008
0.0480418 0.674503 0.0284708 0.0384765 0.119607 0.0909015
0.16461 0.483723 0.226553 0.0319997 9.9991E-05 0.0930136
0.0587575 0.593489 0.0204247 9.9991E-05 0.253935 0.073294
0.119867 0.512937 0.102879 0.0133331 0.195334 0.0556505
0.0857674 0.552252 0.0928534 9.9991E-05 0.167903 0.101124
0.091567 0.303244 0.131384 0.0642991 0.359528 0.0499782
0.147929 0.550213 9.9991E-05 0.0153483 0.216928 0.0694819
0.107042 0.663356 9.9982E-05 0.0448288 0.184574 9.9982E-05
0.0793804 0.275601 0.18061 0.00945714 0.454852 9.9991E-05
0.118245 0.100878 0.389457 0.0096902 0.343863 0.0378667
0.108001 0.53565 0.0673825 0.0483626 0.16265 0.077953
0.0740473 0.107148 0.464222 9.9991E-05 0.289701 0.0647812
9.9982E-05 0.291136 0.143077 0.0572806 0.508307 9.9982E-05
0.000296938 0.495221 0.057892 0.0178908 0.387544 0.0411552
9.9991E-05 0.35405 0.0756196 0.044499 0.485118 0.0406134
0.00412926 0.322935 0.037785 9.9991E-05 0.586944 0.0481063
0.102862 0.645551 0.00741307 0.0349317 0.209142 9.9991E-05
0.0875096 0.519382 0.137064 0.000478731 0.181476 0.0740888
0.0887413 0.483321 0.0872786 0.0916754 0.248884 9.9991E-05
0.103942 0.116179 0.349345 9.9991E-05 0.349929 0.0805045
9.9991E-05 0.619789 0.109246 0.170789 0.0449938 0.0550828
0.0719231 0.568361 0.251088 0.0454762 9.9991E-05 0.0630518
9.9991E-05 0.0465084 0.610654 0.171624 0.0530113 0.118103
0.0391206 0.698798 0.101621 0.160261 9.9982E-05 9.9982E-05
0.077614 0.333093 0.360301 0.100127 0.0740764 0.0547881
0.0373817 0.593529 0.143508 0.102163 0.0266711 0.0967464
0.00399281 0.255964 0.404245 0.143546 0.0986898 0.0935625
9.9991E-05 0.233325 0.383711 0.105752 0.123811 0.153301
9.9991E-05 0.505063 0.290109 0.0809545 0.0426904 0.0810832
0.102618 0.493331 0.202225 0.152739 0.0366831 0.0124042
0.0550208 0.480962 0.206683 0.16501 0.0647332 0.0275909
0.179254 0.0266321 0.5346 0.0959959 0.160815 0.00270308
0.105714 0.526781 0.197576 0.0453793 0.083011 0.0415387
9.9982E-05 0.458361 0.356049 9.9982E-05 0.180153 0.00523662
0.00815013 0.545305 0.308662 9.9982E-05 0.137683 9.9982E-05
0.0878294 0.621594 0.192563 0.0492396 0.0371057 0.0116681
0.310689 0.120787 0.177049 0.313916 9.9991E-05 0.0774585
0.218029 9.9982E-05 0.174633 0.576033 9.9982E-05 0.0311046
0.152475 9.9973E-05 0.341543 0.505682 9.9973E-05 9.9973E-05
0.398503 9.9991E-05 0.0826801 0.387527 0.126389 0.00480073
0.0134438 0.717659 0.191771 9.9991E-05 0.012401 0.064625
0.16281 0.529141 0.158635 0.05164 0.0440385 0.0537362
0.702278 0.245857 9.9973E-05 9.9973E-05 0.0515656 9.9973E-05
0.459077 0.392445 9.9982E-05 0.0697219 0.0785562 9.9982E-05
0.37178 0.357287 0.0111434 0.0660468 0.170978 0.0227651
0.0754985 0.37715 0.4705 9.9991E-05 0.00166658 0.0750852
0.0867334 0.503722 0.177078 0.0582931 0.0974415 0.0767329
0.102286 0.160064 0.605655 9.9991E-05 0.00752072 0.124374
0.0485006 0.692035 0.201326 0.0148238 9.9991E-05 0.0432149
0.0081241 0.541621 0.253621 0.095963 0.100571 9.9991E-05
0.0784102 0.550191 0.18996 0.00967512 9.9991E-05 0.171664
0.0323575 0.196539 0.593971 0.00502246 0.00511995 0.16699
0.103044 0.60921 0.112009 0.0571029 0.118534 9.9991E-05
0.0353145 0.54726 0.206377 0.1468 9.9991E-05 0.0641479
0.954802 9.9964E-05 0.0447979 9.9964E-05 9.9964E-05 9.9964E-05
0.902381 0.0898959 0.00742282 9.9973E-05 9.9973E-05 9.9973E-05
0.558875 0.30869 9.9982E-05 0.0741296 0.0581048 9.9982E-05
0.646178 0.338278 9.9973E-05 9.9973E-05 0.0152442 9.9973E-05
0.815579 0.166554 9.9973E-05 9.9973E-05 9.9973E-05 0.017568
0.9995 9.996E-05 9.996E-05 9.996E-05 9.996E-05 9.996E-05
0.952818 9.9973E-05 9.9973E-05 9.9973E-05 0.00377661 0.0431058
0.900419 0.0991812 9.9964E-05 9.9964E-05 9.9964E-05 9.9964E-05
0.934699 0.0262244 9.9982E-05 9.9982E-05 0.0228963 0.0159801
0.9995 9.996E-05 9.996E-05 9.996E-05 9.996E-05 9.996E-05
0.9995 9.996E-05 9.996E-05 9.996E-05 9.996E-05 9.996E-05
0.77741 0.133145 9.9982E-05 0.0155418 0.0737034 9.9982E-05
0.844631 0.0839806 9.9991E-05 0.0340053 0.00934702 0.0279361
0.9995 9.996E-05 9.996E-05 9.996E-05 9.996E-05 9.996E-05
0.374144 0.348083 0.0415201 0.0749149 0.10169 0.0596484
0.633111 0.230997 0.00864074 0.054117 0.055179 0.0179552
0.744602 0.189978 9.9982E-05 0.0366732 0.0285465 9.9982E-05
0.90799 0.050765 9.9991E-05 0.00292153 0.0190656 0.0191581
0.9995 9.996E-05 9.996E-05 9.996E-05 9.996E-05 9.996E-05
0.880949 0.0813261 9.9973E-05 0.0374247 9.9973E-05 9.9973E-05
0.9995 9.996E-05 9.996E-05 9.996E-05 9.996E-05 9.996E-05
0.691025 0.175323 9.9982E-05 0.0396368 9.9982E-05 0.0938149
0.873647 0.0276406 0.0555925 0.00388888 0.0391312 9.9991E-05
0.0932114 9.9973E-05 0.51958 0.386908 9.9973E-05 9.9973E-05
0.118858 0.401751 0.106657 0.197861 0.0708653 0.104007
0.073085 0.442879 0.196645 0.211533 9.9991E-05 0.0757584
0.208103 0.140272 0.309102 0.215418 9.9991E-05 0.127005
0.201196 0.418093 0.146549 0.149568 0.0606381 0.0239551
0.11258 0.253065 0.333665 0.30049 9.9982E-05 9.9982E-05
0.155663 0.334811 0.174345 0.165405 9.9991E-05 0.169676
0.231708 0.273723 0.229788 0.168391 9.9991E-05 0.0962892
0.143806 0.391288 0.176721 0.15172 0.109109 0.0273565
0.194173 0.370565 0.153496 0.215184 9.9991E-05 0.0664817
0.189099 0.474412 0.107259 0.204447 9.9991E-05 0.0246826
9.9991E-05 0.0364326 0.0172515 0.836661 0.0184682 0.0910866
0.0453427 0.00226275 0.00205466 0.923364 0.0268763 9.9991E-05
9.9964E-05 9.9964E-05 9.9964E-05 0.946893 0.0527068 9.9964E-05
9.9973E-05 0.0199049 9.9973E-05 0.921734 9.9973E-05 0.0580616
0.0475918 9.9973E-05 9.9973E-05 0.837641 0.114467 9.9973E-05
0.100587 9.9973E-05 0.00504883 0.894064 9.9973E-05 9.9973E-05
0.0593953 0.0446245 9.9973E-05 0.89568 9.9973E-05 9.9973E-05
0.027082 0.0108526 0.0224411 0.899389 0.0401349 9.9991E-05
0.0816442 0.00402947 0.0251759 0.871146 0.017904 9.9991E-05
0.11494 9.9973E-05 9.9973E-05 0.829522 0.0552375 9.9973E-05
0.0161431 9.9991E-05 0.151382 0.580859 0.250795 0.00072108
9.9982E-05 9.9982E-05 0.0449654 0.562065 0.192245 0.200525
9.9982E-05 9.9982E-05 0.146376 0.527397 0.251802 0.0742251
9.9982E-05 9.9982E-05 0.133573 0.478311 0.291327 0.0965894
0.0408616 0.615503 0.0886166 0.0582632 0.196656 9.9991E-05
0.109865 0.51258 0.140802 9.9991E-05 0.12539 0.111263
9.9991E-05 0.655762 0.0479754 0.0306791 0.147338 0.118146
9.9973E-05 0.44238 0.169626 9.9973E-05 0.387694 9.9973E-05
0.0197357 0.123055 0.0993104 9.9991E-05 0.630504 0.127295
0.0529159 0.652223 0.182607 0.0347649 0.0773894 9.9991E-05
9.9973E-05 0.68835 0.134776 9.9973E-05 0.176574 9.9973E-05
9.9982E-05 0.62184 0.235913 9.9982E-05 0.0827139 0.0593332
9.9973E-05 0.517828 0.418138 9.9973E-05 0.0637344 9.9973E-05
0.0256188 0.71695 0.08807 0.0727855 0.00628334 0.0902919
9.9982E-05 0.54672 0.301385 0.00262787 0.149067 9.9982E-05
9.9973E-05 0.0262865 0.787173 9.9973E-05 0.186241 9.9973E-05
0.081237 0.59424 0.126551 0.0562839 0.0912074 0.0504805
9.9982E-05 0.366393 0.542431 9.9982E-05 0.0728379 0.0181374
9.9982E-05 0.646016 0.330606 0.00906861 0.0141096 9.9982E-05
9.9991E-05 0.249099 0.435272 0.00179698 0.278714 0.0350182
9.9964E-05 9.9964E-05 9.9964E-05 0.0169177 9.9964E-05 0.982682
0.00622505 0.0116463 9.9973E-05 9.9973E-05 9.9973E-05 0.981829
9.996E-05 9.996E-05 9.996E-05 9.996E-05 9.996E-05 0.9995
9.9982E-05 9.9982E-05 0.0184573 0.00924697 0.0332532 0.938843
9.9973E-05 0.016102 9.9973E-05 9.9973E-05 0.0861499 0.897448
0.0112722 0.0377537 9.9973E-05 9.9973E-05 9.9973E-05 0.950674
0.067209 0.0945538 9.9973E-05 0.837937 9.9973E-05 9.9973E-05
0.0407164 0.0586131 9.9991E-05 0.759407 0.0745676 0.0665955
0.108248 0.117821 9.9973E-05 0.773631 9.9973E-05 9.9973E-05
0.13806 0.0482407 9.9982E-05 0.718313 0.0951862 9.9982E-05
0.0984951 0.0857291 9.9982E-05 0.769013 0.0465632 9.9982E-05
9.9982E-05 9.9982E-05 0.0146206 0.40396 0.314913 0.266307
9.9982E-05 9.9982E-05 0.116496 0.454736 0.124683 0.303885
9.9982E-05 9.9982E-05 0.102172 0.41647 0.194824 0.286335
0.0722761 0.0829865 9.9982E-05 0.774745 0.0697929 9.9982E-05
9.9982E-05 9.9982E-05 0.104383 0.347139 0.246927 0.301352
0.423243 0.252503 0.0890363 0.220084 9.9991E-05 0.0150333
0.294693 0.518115 9.9991E-05 0.161631 0.0128167 0.0126448
0.294872 0.522689 9.9982E-05 0.158512 9.9982E-05 0.0237272
0.248483 0.353586 0.0903709 0.208074 9.9991E-05 0.0993859
0.199208 0.38884 0.166116 0.184152 0.0615834 9.9991E-05
0.35288 9.9982E-05 0.145732 0.475155 9.9982E-05 0.0260329
9.9991E-05 0.496553 0.0494332 0.03106 0.30437 0.118484
0.0345571 0.378144 0.265159 9.9991E-05 0.300391 0.0216485
9.9982E-05 0.25923 9.9982E-05 0.0728822 0.602617 0.0650706
0.00733316 0.531549 0.264306 9.9991E-05 0.130306 0.0664059
9.9964E-05 9.9964E-05 0.76493 9.9964E-05 0.234671 9.9964E-05
0.0877337 0.458753 0.138478 0.111641 0.19631 0.00708332
0.0207972 0.521848 0.132924 0.0542309 0.182701 0.0874982
9.9982E-05 0.346807 0.110194 0.00592276 0.536876 9.9982E-05
0.121759 0.484514 0.0595929 0.0445479 0.289487 9.9991E-05
9.9982E-05 0.147017 0.496089 9.9982E-05 0.326822 0.029871
0.0647615 0.43406 0.227025 9.9991E-05 0.213061 0.0609924
0.0228239 0.572822 0.0979172 9.9991E-05 0.265383 0.040954
0.198701 0.385696 0.101198 0.0871658 0.127785 0.0994549
0.0711002 0.367918 0.234432 9.9991E-05 0.31507 0.0113797
0.113949 0.420262 0.13372 9.9991E-05 0.271327 0.0606428
0.0601375 0.520509 0.235867 9.9991E-05 0.119418 0.063968
9.9982E-05 0.583445 0.118553 9.9982E-05 0.204537 0.0932653
0.053966 0.666509 0.0581531 0.0433153 0.163373 0.0146835
0.0551533 0.596792 0.0952883 0.12082 0.0970395 0.0349062
0.10626 0.519765 0.0857683 0.0431619 0.10991 0.135135
0.118581 0.150783 9.9973E-05 0.730336 9.9973E-05 9.9973E-05
0.0463258 0.111902 0.0160917 0.82548 9.9982E-05 9.9982E-05
9.9991E-05 0.0731152 0.0596621 0.793157 0.0498191 0.0241461
0.0640011 0.0070434 0.0721824 0.79923 9.9991E-05 0.057443
0.0512162 0.109965 9.99781E-05 0.838519 9.99781E-05 9.99781E-05
0.0697711 0.138989 0.0645534 9.9982E-05 0.726486 9.9982E-05
9.9991E-05 0.574106 0.119784 0.0783246 0.218174 0.00951033
0.190853 0.468737 0.0934028 0.145691 9.9991E-05 0.101217
0.0124475 0.710552 0.0124811 0.0146826 0.248577 0.00125948
0.010866 0.563966 0.0534949 0.0306346 0.340939 9.9991E-05
0.0977447 0.190589 0.306099 9.9991E-05 0.259876 0.145591
9.9973E-05 9.9973E-05 0.121492 0.155718 0.72249 9.9973E-05
0.01018 0.545376 9.9991E-05 0.0364767 0.232837 0.175031
0.0658335 0.121054 0.13054 0.0315997 0.527556 0.123416
0.0907478 0.509504 0.205121 0.0327328 0.094678 0.0672164
0.043997 0.0774084 0.110162 0.106708 0.636016 0.0257088
0.0721307 0.639108 9.9991E-05 0.0979072 0.162649 0.0281051
0.0155778 0.168709 0.122201 0.0934664 0.599945 9.9991E-05
0.0880345 0.332492 0.225481 0.052781 0.285193 0.0160191
0.0866891 0.546081 0.0974462 0.0815056 0.0820823 0.106195
0.0391977 0.300694 0.369652 0.0821573 0.0592865 0.149013
0.0583228 0.566236 0.161078 0.0441263 9.9991E-05 0.170137
0.0450516 0.499422 0.206013 0.104441 0.129048 0.0160249
0.00369911 0.395797 0.425848 9.9991E-05 0.0226662 0.15189
0.0421008 0.58122 0.0407467 0.142512 0.160987 0.0324339
9.9982E-05 0.553913 0.24328 0.0838504 9.9982E-05 0.118756
9.9973E-05 0.176793 0.60684 9.9973E-05 9.9973E-05 0.216067
9.9973E-05 0.301178 0.534259 9.9973E-05 9.9973E-05 0.164263
9.9982E-05 0.548099 0.255816 0.0464264 9.9982E-05 0.149459
9.9982E-05 0.218276 0.512983 9.9982E-05 0.081411 0.18713
9.9991E-05 0.497618 0.253146 0.0522007 0.0489204 0.148015
0.0130287 0.11267 0.151356 9.9991E-05 0.699383 0.0234633
0.0446096 0.232748 0.34181 9.9991E-05 0.33473 0.0460025
0.0928775 0.322378 0.0396102 9.9982E-05 0.544934 9.9982E-05
0.124771 0.562459 0.0423654 0.0807253 0.153153 0.0365261
9.9982E-05 0.300116 0.0774294 9.9982E-05 0.622004 0.000250981
0.0881911 0.519218 0.129883 0.0890341 0.173574 9.9991E-05
0.0659774 0.598265 9.9991E-05 0.0338162 0.217476 0.0843651
0.139939 0.470991 0.101392 9.9991E-05 0.189368 0.0982107
0.0625154 0.523787 0.0573723 0.0191793 0.290227 0.0469195
0.0607262 0.46428 0.0396694 0.0760299 0.337849 0.0214451
0.0584964 0.27414 0.0387457 9.9982E-05 0.628418 9.9982E-05
0.122585 0.249373 0.107876 9.9991E-05 0.432141 0.0879255
0.0907163 0.596936 9.9982E-05 9.9982E-05 0.296876 0.0152718
0.0651671 0.56038 0.102664 0.0710266 0.177211 0.023552
0.0341686 0.416128 0.262526 0.0296245 0.226585 0.0309681
0.127055 0.468012 0.0864559 9.9991E-05 0.272501 0.0458761
0.0699508 0.343975 0.0319741 0.065931 0.46076 0.0274092
0.10594 0.595771 9.9991E-05 0.0217358 0.263667 0.0127852
0.137085 0.469803 0.0964491 0.000928567 0.295634 9.9991E-05
0.152864 0.523292 9.9991E-05 0.0268423 0.223378 0.073524
0.115695 0.45607 0.0154738 0.356724 0.0559376 9.9991E-05
0.254943 0.43721 0.0928027 0.214844 9.9982E-05 9.9982E-05
0.256668 0.455114 0.0825549 0.0907141 0.0835583 0.0313909
0.16621 0.565146 0.0468553 0.036898 0.0916734 0.0932177
0.281954 0.434811 0.0204098 0.193083 0.069642 9.9991E-05
0.0597607 0.481941 0.215779 9.9991E-05 0.18953 0.0528892
0.182272 0.439846 0.0257795 0.121314 0.230689 9.9991E-05
0.152733 0.0392956 0.453956 0.320593 0.033323 9.9991E-05
0.250112 0.426375 0.0264663 0.0782137 0.141301 0.0775323
0.155359 0.571295 0.0436336 0.138194 9.9991E-05 0.091419
0.289404 0.46107 0.0653446 0.0338425 0.0989909 0.0513479
0.129998 0.332188 0.251213 0.180014 0.106487 9.9991E-05
0.189994 0.534575 9.9982E-05 0.240535 0.0346953 9.9982E-05
0.226754 0.444903 0.0212275 0.203892 0.087135 0.0160889
0.173996 9.9973E-05 0.322239 0.503464 9.9973E-05 9.9973E-05
0.135498 0.51455 0.0396953 0.293574 0.016582 9.9991E-05
0.327891 0.366905 0.0292198 0.138723 0.122709 0.014553
0.175724 0.600487 0.0568646 0.0791684 0.0292313 0.0585242
0.209387 0.574398 9.9982E-05 0.181562 9.9982E-05 0.0344527
0.176603 0.436127 0.121399 0.136058 0.129713 9.9991E-05
0.0775989 0.498676 0.285099 0.0337808 0.0307772 0.0740685
0.142959 0.43344 0.101855 0.0971596 0.224487 9.9991E-05
9.9973E-05 0.11811 0.697332 9.9973E-05 0.184258 9.9973E-05
9.9982E-05 0.0673158 0.771074 0.0195163 0.141894 9.9982E-05
0.0890639 0.474425 0.249878 0.170619 0.015915 9.9991E-05
0.354527 0.378319 0.0866541 0.176433 0.00396696 9.9991E-05
0.368939 0.304848 0.205696 0.120316 9.9982E-05 9.9982E-05
0.347083 0.137443 0.266839 0.195502 0.0530326 9.9991E-05
0.334356 0.302256 0.12148 0.167764 0.0740445 9.9991E-05
0.179018 0.0183457 0.672465 0.0631562 9.9991E-05 0.0669155
0.130116 0.184187 0.530603 0.154894 9.9982E-05 9.9982E-05
0.20121 0.523228 0.228111 0.015314 0.0138366 0.0183007
0.198084 0.427733 0.244936 0.0441328 0.0850136 9.9991E-05
0.213483 0.150068 0.493251 0.080482 0.062615 9.9991E-05
0.178332 0.48892 0.132958 0.0564147 0.143275 9.9991E-05
0.197007 0.456253 0.225465 9.9991E-05 0.0503342 0.0708411
0.183269 0.507081 0.117862 0.0341854 0.144721 0.0128805
9.9991E-05 0.375512 0.464801 0.00487427 0.0811719 0.073541
0.091009 0.343116 0.361077 0.00459543 0.194134 0.00606862
0.0733562 0.503995 0.254521 0.0685854 0.0831796 0.0163629
0.0551262 0.371021 0.311787 0.0841242 0.157139 0.020803
0.156581 0.378585 0.314235 0.114437 9.9991E-05 0.0360622
0.0464395 0.482211 0.369039 9.9991E-05 0.0602927 0.0419177
0.00487113 0.28903 0.545355 9.9991E-05 0.0416309 0.119013
0.025535 0.633295 0.293264 0.0477056 9.9982E-05 9.9982E-05
0.129022 0.505931 0.186232 0.0970224 0.0542038 0.0275885
0.00434504 0.30997 0.599187 9.9982E-05 0.0862981 9.9982E-05
0.0529432 0.481787 0.391408 0.0067812 0.0279186 0.0391618
0.0405915 0.653084 0.0811919 0.0739128 0.0865108 0.0647092
0.000439545 0.590105 0.200322 9.9982E-05 0.208933 9.9982E-05
0.215793 0.527973 0.0730914 0.182943 9.9982E-05 9.9982E-05
0.188561 0.3379 0.136759 0.16432 0.150137 0.0223244
0.312961 0.325287 0.156093 0.134665 0.000780741 0.070213
0.234417 0.349705 0.0662178 0.134232 0.0683365 0.147092
0.141674 0.424339 0.0900504 0.201344 0.00213864 0.140454
0.248408 0.318313 0.194815 0.167866 0.0339369 0.0366604
0.19168 9.9982E-05 0.519575 0.171769 9.9982E-05 0.116777
0.25854 0.561222 0.0288652 0.0490635 9.9991E-05 0.102209
0.164729 9.9973E-05 0.440138 0.394833 9.9973E-05 9.9973E-05
0.294507 0.432293 0.186383 0.0455855 0.0411313 9.9991E-05
9.9973E-05 0.237139 0.759744 9.9973E-05 9.9973E-05 0.00281675
0.00270898 9.9982E-05 0.836902 0.014602 0.145587 9.9982E-05
0.0658108 0.469151 0.320506 9.9982E-05 0.144332 9.9982E-05
0.0481806 0.668759 0.222146 0.0233293 0.0041547 0.0334298
9.9973E-05 0.51383 0.417617 9.9973E-05 0.0682536 9.9973E-05
0.0353478 0.573145 0.313847 0.0180727 0.0195035 0.040084
0.0457317 0.594488 0.330786 9.9982E-05 0.0287945 9.9982E-05
0.0632455 0.0982692 0.0296791 0.783259 0.00290639 0.0226404
0.118181 9.9991E-05 0.0240572 0.67193 0.107885 0.0778478
0.0907287 9.9982E-05 9.9982E-05 0.84975 0.00931937 0.0500021
9.9964E-05 0.066504 9.9964E-05 0.933096 9.9964E-05 9.9964E-05
0.0023254 0.589758 0.226591 0.0306833 0.150542 9.9991E-05
9.9982E-05 0.597857 0.180392 0.0815156 0.140035 9.9982E-05
9.9973E-05 0.676996 0.158095 9.9973E-05 0.164609 9.9973E-05
0.0438711 0.651833 0.0792628 0.0761171 0.113844 0.0350714
0.0614278 0.588659 0.102171 0.113187 9.9991E-05 0.134455
9.9982E-05 0.414081 0.396772 0.0149127 0.174035 9.9982E-05
0.0573713 0.682311 0.197575 9.9982E-05 0.0625428 9.9982E-05
9.9982E-05 0.485088 0.486218 0.00591719 9.9982E-05 0.0225766
0.142812 0.481655 0.0400379 0.306521 0.0141924 0.0147817
0.0909389 0.478713 0.323612 9.9982E-05 0.106536 9.9982E-05
9.9982E-05 0.49337 0.252994 9.9982E-05 0.227615 0.0258208
9.9982E-05 0.749034 0.181559 9.9982E-05 0.0609167 0.00828982
0.00375449 0.591362 0.269035 9.9982E-05 0.135648 9.9982E-05
9.9982E-05 0.693341 0.244579 0.00162337 0.0602574 9.9982E-05
9.9991E-05 0.745803 0.10099 0.0651579 0.0207284 0.0672211
9.9964E-05 0.264939 0.734661 9.9964E-05 9.9964E-05 9.9964E-05
0.00497448 0.391994 0.494513 9.9982E-05 0.108319 9.9982E-05
9.9973E-05 0.488011 0.373963 9.9973E-05 0.137727 9.9973E-05
9.9964E-05 0.139058 0.860542 9.9964E-05 9.9964E-05 9.9964E-05
0.0486252 0.488663 0.254942 0.0291296 0.178539 9.9991E-05
9.9973E-05 0.278558 0.628967 9.9973E-05 9.9973E-05 0.0921754
9.9973E-05 0.0849689 0.846129 9.9973E-05 0.0686017 9.9973E-05
0.0612506 0.604682 0.333768 9.9973E-05 9.9973E-05 9.9973E-05
9.9973E-05 0.383626 0.369136 9.9973E-05 0.246938 9.9973E-05
0.0451666 0.553008 0.215981 9.9991E-05 0.130066 0.0556776
0.0702469 0.633647 0.121339 0.0998618 0.0748056 9.9991E-05
9.9982E-05 0.623945 0.185554 9.9982E-05 0.137738 0.0525637
0.0433939 0.332695 0.196701 9.9982E-05 0.42701 9.9982E-05
9.9991E-05 0.647275 0.191645 0.0409265 0.0794175 0.0406363
0.0262784 0.583044 0.153966 0.059074 0.177537 9.9991E-05
9.9973E-05 0.472059 0.459728 9.9973E-05 0.0679127 9.9973E-05
0.0752788 0.560318 0.120777 0.107319 0.0274521 0.108855
0.0181231 0.0252181 0.0242678 0.640551 0.211816 0.0800233
9.9991E-05 0.0898041 0.0685123 0.728935 0.0440478 0.0686003
9.9982E-05 9.9982E-05 0.064638 0.829982 0.10181 0.00337024
9.9973E-05 9.9973E-05 0.0397969 0.793467 9.9973E-05 0.166436
9.9982E-05 0.0728769 9.9982E-05 0.691536 0.0387054 0.196682
9.9982E-05 0.288748 0.377176 0.017927 0.31595 9.9982E-05
9.9982E-05 0.296407 0.435371 0.0150597 0.252963 9.9982E-05
9.9964E-05 0.328188 0.671412 9.9964E-05 9.9964E-05 9.9964E-05
0.118179 0.559976 0.181939 0.139706 9.9982E-05 9.9982E-05
0.032973 0.69082 0.0914583 0.119676 0.0649729 9.9991E-05
0.00588147 0.411915 0.495853 0.060578 0.0256722 9.9991E-05
0.0388525 0.663741 0.200715 9.9982E-05 0.0964921 9.9982E-05
0.0658872 0.571737 0.31749 0.0131773 0.0316085 9.9991E-05
9.9982E-05 0.623681 0.189606 0.0660965 0.120417 9.9982E-05
0.052996 0.716346 0.079613 0.0325685 0.084203 0.0342729
9.9973E-05 0.429966 0.362462 9.9973E-05 0.207272 9.9973E-05
9.9982E-05 0.533926 0.2208 9.9982E-05 0.237671 0.00740264
9.9982E-05 0.421442 0.243341 9.9982E-05 0.329794 0.00522325
9.9982E-05 0.709215 0.050555 0.115925 9.9982E-05 0.124105
9.9982E-05 0.573109 0.330073 0.024637 0.0719806 9.9982E-05
9.9982E-05 0.626722 0.179169 0.0387227 0.155186 9.9982E-05
0.497723 0.422429 9.9991E-05 0.013855 0.0499638 0.0159291
0.46744 0.245608 0.0871994 0.116045 0.0760921 0.00761549
0.46039 0.400673 9.9991E-05 0.078224 0.0582395 0.00237369
0.524517 0.25803 0.0720349 0.0986167 0.0217943 0.0250072
0.363542 0.533038 0.00755743 0.0956625 9.9982E-05 9.9982E-05
0.0100473 0.606318 0.287362 0.0786915 0.0174806 9.9991E-05
0.705349 9.9973E-05 9.9973E-05 0.244291 0.0500605 9.9973E-05
0.520724 0.243137 0.0506172 0.16596 9.9991E-05 0.0194608
0.214226 0.364932 0.165136 0.191406 9.9991E-05 0.0641992
9.9991E-05 0.621829 0.119628 0.145638 0.0486861 0.064119
0.0670068 0.434718 0.199647 0.112135 0.0473693 0.139124
0.139248 0.501965 0.0505838 0.103986 9.9991E-05 0.204117
0.0884677 0.512679 0.173798 0.0652031 9.9991E-05 0.159752
0.487411 0.285127 9.9973E-05 0.227162 9.9973E-05 9.9973E-05
0.388123 0.334837 9.9982E-05 0.11172 0.165121 9.9982E-05
0.586027 0.369078 9.9982E-05 0.0143132 9.9982E-05 0.0303813
0.352007 0.409249 0.0513875 0.0458843 0.0119188 0.129554
0.554623 0.326664 0.0307193 0.0877936 9.9982E-05 9.9982E-05
0.297708 0.482704 0.0655162 0.118939 0.0350334 9.9991E-05
0.519016 0.280222 9.9991E-05 0.130917 0.0267377 0.0430071
0.413926 0.377818 9.9991E-05 0.141897 0.0641758 0.00208388
0.0954402 0.559907 0.136191 0.102595 9.9991E-05 0.105766
0.438052 0.250315 0.0330799 0.109914 0.0343878 0.134251
0.656738 0.180556 9.9973E-05 0.162406 9.9973E-05 9.9973E-05
0.446898 0.345921 0.0325988 0.0311869 0.142133 0.00126218
0.0247199 0.217659 0.159662 0.13867 0.126573 0.332716
0.100531 0.560245 0.126765 0.0387745 0.0363886 0.137296
0.336489 0.381261 9.9982E-05 0.157646 0.124404 9.9982E-05
0.0046589 0.705922 9.9991E-05 0.133715 0.0308856 0.124718
9.9991E-05 0.548672 0.155422 0.215027 0.0417872 0.0389916
0.267084 0.306953 0.132868 0.128122 9.9991E-05 0.164874
0.269306 0.325938 0.150003 0.231778 0.0228752 9.9991E-05
0.151922 0.587626 0.112361 0.0745691 9.9991E-05 0.0734224
0.380596 0.44835 9.9991E-05 0.112603 0.0272359 0.0311153
0.485438 0.360801 0.0908601 0.0627009 9.9982E-05 9.9982E-05
0.657616 0.0674299 0.0107736 0.15982 0.104261 9.9991E-05
0.137845 0.535952 0.0773799 0.102272 9.9991E-05 0.14645
9.9991E-05 0.506371 0.17691 0.121394 0.113478 0.0817476
0.128455 0.119593 0.470005 0.118465 9.9991E-05 0.163382
0.166836 0.624201 0.0837904 0.10192 9.9991E-05 0.0231521
0.0587517 0.377058 0.085888 0.11543 0.271435 0.0914369
0.12633 0.48888 0.14512 0.200191 0.0393786 9.9991E-05
0.131869 0.416319 0.142041 0.112357 0.155322 0.0420921
0.247951 9.9982E-05 0.388851 0.341682 9.9982E-05 0.0213163
0.12212 9.9973E-05 0.494422 0.383158 9.9973E-05 9.9973E-05
0.137785 0.271559 0.297728 0.163255 0.129572 9.9991E-05
0.300916 9.9982E-05 0.353699 0.317642 9.9982E-05 0.0275437
0.24695 9.9973E-05 0.294341 0.458409 9.9973E-05 9.9973E-05
0.186285 0.355275 0.319544 0.138697 9.9982E-05 9.9982E-05
0.168399 0.383887 0.160559 0.254336 0.0327193 9.9991E-05
0.182468 0.254747 0.246965 0.281718 0.020474 0.0136277
0.232528 0.0783049 0.3866 0.269134 0.0333335 9.9991E-05
0.224067 0.444722 0.116134 0.129139 0.0858373 9.9991E-05
0.17737 0.165338 0.431246 0.225846 9.9982E-05 9.9982E-05
0.130009 9.9973E-05 0.385654 0.484037 9.9973E-05 9.9973E-05
0.173379 0.48242 0.0702468 0.116578 0.131761 0.0256149
0.315954 0.232011 0.18054 0.184996 0.031991 0.054508
0.234925 0.388214 9.9982E-05 0.246827 0.129833 9.9982E-05
0.252951 0.57168 9.9991E-05 0.152703 0.00395446 0.018611
0.220661 0.420876 0.106547 0.144384 0.107431 9.9991E-05
0.178803 0.518594 9.9982E-05 0.179276 9.9982E-05 0.123127
0.301276 0.47461 0.0481212 0.175793 9.9982E-05 9.9982E-05
0.227074 0.339981 9.9982E-05 0.339117 0.0936287 9.9982E-05
0.222006 0.547138 0.0421419 0.184813 0.00380027 9.9991E-05
0.376933 0.395181 9.9982E-05 0.185079 9.9982E-05 0.0426068
0.236478 0.301916 0.136152 0.257059 0.022468 0.0459271
0.14565 0.346825 0.140188 0.178459 0.188778 9.9991E-05
0.146924 0.547783 0.0326584 0.117974 0.11251 0.0421497
0.222512 0.432733 0.0366881 0.174843 0.111335 0.0218889
0.175952 0.571297 0.072116 0.117635 0.0629003 9.9991E-05
0.267618 0.28957 9.9991E-05 0.314199 0.0311751 0.0973382
0.190389 0.466321 0.0233357 0.195696 9.9991E-05 0.124159
0.311856 0.105709 0.204508 0.377727 9.9982E-05 9.9982E-05
0.207916 0.466136 9.9982E-05 0.198448 0.127301 9.9982E-05
0.413657 0.104893 0.221636 0.259614 9.9982E-05 9.9982E-05
0.0180063 9.9991E-05 0.0986284 0.786515 0.0182855 0.0784646
9.9991E-05 0.0701847 0.0157482 0.0308499 0.558273 0.324844
9.9964E-05 9.9964E-05 9.9964E-05 9.9964E-05 0.685053 0.314548
9.9973E-05 9.9973E-05 9.9973E-05 0.0237025 0.64197 0.334028
9.9964E-05 9.9964E-05 9.9964E-05 9.9964E-05 0.678279 0.321321
0.00378324 9.9973E-05 9.9973E-05 9.9973E-05 0.634177 0.36174
9.9973E-05 0.0377847 9.9973E-05 9.9973E-05 0.513001 0.448915
9.9964E-05 9.9964E-05 9.9964E-05 9.9964E-05 0.681335 0.318265
9.9973E-05 9.9973E-05 9.9973E-05 0.194577 0.530836 0.274288
0.0243455 0.011421 9.9991E-05 0.905323 0.019063 0.0397472
0.0397554 0.0536697 9.9991E-05 0.78513 0.0378945 0.0834501
0.0316393 0.0253086 9.9982E-05 0.866685 9.9982E-05 0.0761672
9.9982E-05 0.00718062 0.0633092 0.785744 0.143566 9.9982E-05
0.0710199 9.9973E-05 9.9973E-05 0.864685 0.0639957 9.9973E-05
0.00705321 9.9982E-05 9.9982E-05 0.882921 0.0849602 0.0248653
0.153416 0.0232226 9.9991E-05 0.70532 0.0488205 0.0691213
0.0544508 0.0318964 9.9982E-05 0.857243 9.9982E-05 0.0562097
0.0784952 0.0684102 0.0163833 0.666771 0.0437796 0.12616
0.0605357 0.0353562 9.9973E-05 0.903808 9.9973E-05 9.9973E-05
9.9982E-05 9.9982E-05 0.0135166 0.940022 0.0186007 0.0276604
0.0603302 0.0234707 0.0423081 0.832419 0.0413719 9.9991E-05
0.00883532 9.9973E-05 9.9973E-05 0.92203 9.9973E-05 0.0688348
0.0472938 0.0276483 9.9982E-05 0.886864 9.9982E-05 0.0379936
0.0568553 0.0790954 9.9991E-05 0.83827 0.0130048 0.0126743
0.0484772 0.106133 9.9973E-05 0.845089 9.9973E-05 9.9973E-05
0.128294 0.0925737 9.9973E-05 0.778832 9.9973E-05 9.9973E-05
0.0957565 0.138534 9.9973E-05 0.765409 9.9973E-05 9.9973E-05
0.057569 0.152506 9.9973E-05 0.789625 9.9973E-05 9.9973E-05
9.9991E-05 0.459839 0.206681 0.138308 0.0835172 0.111555
9.9982E-05 0.686794 0.101821 0.0802142 9.9982E-05 0.130971
0.0778814 0.649016 0.0270063 0.171542 9.9991E-05 0.0744548
0.0766106 0.105263 0.543403 0.0085409 9.9991E-05 0.266082
0.0443924 0.536368 9.9991E-05 0.0983982 0.163138 0.157604
0.0539064 0.103323 0.495463 0.151891 9.9991E-05 0.195316
0.103985 0.544839 0.0982779 0.0660922 9.9991E-05 0.186706
9.9991E-05 0.509072 0.138182 0.0505646 0.0588178 0.243264
9.9991E-05 0.599425 0.137612 0.0998989 0.0405311 0.122433
9.9982E-05 0.691747 0.178833 0.0515419 0.077678 9.9982E-05
0.0206305 0.491382 0.11042 0.11452 0.0485017 0.214546
0.0361934 0.699569 0.00397184 0.0733002 9.9991E-05 0.186866
0.0126651 0.630889 0.0373117 0.101032 0.0570899 0.161012
0.0314897 0.0666283 0.391619 9.9991E-05 0.481826 0.0283367
9.9973E-05 9.9973E-05 0.658437 0.0123323 9.9973E-05 0.328931
0.108373 0.101048 0.507142 0.0353683 9.9991E-05 0.247969
0.111918 0.582774 9.9991E-05 0.153202 0.00865717 0.143349
0.0600428 0.564995 0.12494 0.0927187 9.9991E-05 0.157204
9.9982E-05 0.606464 0.155105 0.138155 9.9982E-05 0.100077
0.0900392 0.642932 0.138754 0.101252 9.9991E-05 0.026923
0.152947 0.536154 0.089138 0.164455 9.9991E-05 0.0572053
0.169847 0.581919 9.9991E-05 0.150471 0.0931736 0.00448939
0.161364 0.152184 0.0930963 0.381421 0.211835 9.9991E-05
0.0163531 0.626596 0.00554821 0.160494 0.0842873 0.106721
0.185852 0.398408 0.1067 0.251013 9.9991E-05 0.0579275
0.232182 9.9982E-05 0.376287 0.381961 9.9982E-05 0.0093701
0.258767 0.280566 0.155162 0.261804 9.9991E-05 0.0436001
0.259524 0.277054 0.0341222 0.264762 0.119319 0.0452183
0.111593 0.404254 0.0164956 0.286889 0.180669 9.9991E-05
0.259761 0.470321 9.9982E-05 0.0928461 9.9982E-05 0.176872
0.130834 0.588913 0.00554659 0.196966 0.0280003 0.0497403
0.150029 0.641898 0.0533667 0.154506 9.9982E-05 9.9982E-05
0.247366 0.356674 0.145017 0.140749 9.9991E-05 0.110094
0.199279 0.288774 0.0692568 0.409174 0.0334156 9.9991E-05
