9.9973E-05 9.9973E-05 0.890383 0.0530641 0.0562534 9.9973E-05
0.00758842 0.0309674 0.912644 9.9991E-05 0.0329512 0.0157493
0.0988069 9.9982E-05 0.810843 0.0628506 0.0272995 9.9982E-05
0.0508888 9.9982E-05 0.781276 0.0561729 0.111463 9.9982E-05
0.0145455 9.9991E-05 0.860976 0.0678648 0.000262279 0.0562516
0.0196274 0.0826384 0.586898 0.0663609 0.109635 0.13484
9.9982E-05 9.9982E-05 0.813935 0.0163407 0.0839552 0.0855687
9.9982E-05 9.9982E-05 0.707258 0.0529856 0.1504 0.0891564
9.9982E-05 0.0416449 0.84735 9.9982E-05 0.0328227 0.0779824
0.0683784 9.9991E-05 0.657828 0.0986064 0.0732504 0.101837
0.0226479 9.9982E-05 0.752957 9.9982E-05 0.108245 0.115949
0.184783 0.229925 9.9982E-05 0.0937006 0.491391 9.9982E-05
0.507157 0.0220058 9.9991E-05 0.122085 0.335546 0.013106
0.24083 0.118064 9.9991E-05 0.0930384 0.452186 0.0957828
0.268399 0.0606504 0.0209254 0.215932 0.433994 9.9991E-05
0.334158 0.13508 0.0792644 0.161185 0.277471 0.0128404
0.608508 0.0824434 0.045462 0.10455 0.141016 0.0180201
0.303835 0.242835 9.9991E-05 0.131666 0.254825 0.0667391
0.271265 0.179527 0.138629 0.0907603 0.319719 9.9991E-05
0.00950341 0.113275 9.9991E-05 0.0859315 0.694924 0.0962655
0.356 0.15224 0.037331 0.0630978 0.282048 0.109283
0.423691 0.0285915 0.0165375 0.10761 0.198459 0.22511
0.607095 0.0910146 9.9991E-05 0.0103481 0.245523 0.0459189
0.220837 0.265476 9.9991E-05 0.0981154 0.365756 0.0497148
0.672063 0.00296932 0.0799797 0.0927494 0.143922 0.00831665
0.467912 0.0798088 0.00817864 0.154457 0.226267 0.0633766
0.189168 0.175158 0.0173294 0.0872403 0.531004 9.9991E-05
0.16167 0.171456 9.9982E-05 0.251454 0.41522 9.9982E-05
0.252954 0.0454686 0.0198218 0.0243209 0.484806 0.172629
0.119731 9.9973E-05 0.826519 0.0534502 9.9973E-05 9.9973E-05
0.181415 9.9964E-05 0.818185 9.9964E-05 9.9964E-05 9.9964E-05
0.18248 0.0127834 0.740856 0.0636811 9.9982E-05 9.9982E-05
0.0881703 0.164932 0.672438 0.0742597 9.9982E-05 9.9982E-05
0.545852 0.218559 0.0556574 0.00612408 0.115267 0.0585403
0.43948 0.300197 0.125405 0.0500991 0.0592204 0.025598
0.602279 0.378101 9.9982E-05 0.0186179 9.9982E-05 0.00080194
0.21746 0.0836798 0.0404365 9.9991E-05 0.594318 0.0640054
0.302639 0.566181 0.0527954 9.9991E-05 0.00876781 0.0695165
0.535653 0.0756326 0.135892 0.0786261 0.174096 9.9991E-05
0.694606 0.18445 9.9982E-05 0.0763514 9.9982E-05 0.044393
0.552249 0.0669088 0.104215 0.0638825 0.201492 0.011253
0.642368 0.157776 0.153523 0.0161354 0.00631239 0.0238839
0.045724 0.706172 0.00791801 0.0362331 0.176525 0.0274274
0.71717 0.0288544 0.0934523 9.9991E-05 0.0191985 0.141225
0.532263 0.256701 0.0177641 0.139185 9.9991E-05 0.0539874
0.59091 0.0596787 0.206105 0.00211978 0.0943037 0.046883
0.326585 0.657997 9.9973E-05 9.9973E-05 9.9973E-05 0.0151177
0.556625 0.226831 0.0582112 0.111834 0.0243793 0.0221192
0.584501 0.164331 0.182135 0.00622111 0.00650905 0.0563031
9.9973E-05 0.630692 0.0377017 9.9973E-05 9.9973E-05 0.331306
0.182134 0.14939 9.9982E-05 9.9982E-05 0.502083 0.166193
0.118023 0.245011 9.9991E-05 0.0226048 0.184204 0.430058
0.698775 9.9991E-05 0.0348887 0.00401489 0.0716332 0.190588
0.600662 0.0226457 0.0546214 0.0896354 0.0941418 0.138294
0.728144 0.0690787 0.01856 0.0285098 0.0448701 0.110838
0.177161 0.2027 0.0853125 9.9991E-05 0.377162 0.157563
0.656507 0.0893076 0.0323609 9.9991E-05 0.179077 0.0426474
0.466534 0.0739042 0.0578877 0.173419 0.203662 0.0245934
0.425914 0.119765 0.108114 9.9991E-05 0.212668 0.133439
0.0977372 0.152821 0.16536 0.066417 0.319603 0.198063
0.597893 0.139609 0.10923 0.0188181 0.128296 0.0061537
0.387173 0.149195 0.0231244 0.125818 0.259759 0.0549305
0.0348207 0.275482 0.0255758 9.9991E-05 0.528416 0.135605
0.530935 0.0498013 9.9991E-05 0.0194321 0.236567 0.163164
0.725635 9.9991E-05 0.00703214 0.0762642 0.0636631 0.127305
0.577705 0.0407749 0.0746222 0.026625 0.185092 0.0951807
0.311832 0.181723 0.100111 0.00441889 0.234286 0.16763
0.500395 0.129303 0.0435421 0.0268034 0.147808 0.152148
0.625107 0.0276452 0.136598 0.010059 0.140547 0.0600431
0.278756 0.161417 0.0328113 9.9991E-05 0.341012 0.185904
0.584688 0.394349 9.9973E-05 9.9973E-05 0.0206639 9.9973E-05
0.118348 0.694 0.0332614 9.9991E-05 0.14792 0.00637136
0.559347 0.145407 0.0285387 0.0645388 0.0433638 0.158804
9.9973E-05 0.846159 0.0257134 9.9973E-05 9.9973E-05 0.127827
9.9973E-05 0.779066 9.9973E-05 9.9973E-05 0.0118076 0.208827
0.251846 0.736303 9.9973E-05 9.9973E-05 9.9973E-05 0.0115513
0.427204 0.555186 9.9973E-05 9.9973E-05 0.0173105 9.9973E-05
0.502118 0.132677 0.129624 0.056905 0.0633092 0.115366
0.39983 0.458943 0.0211572 0.0234184 0.0965513 9.9991E-05
0.0564328 0.719577 0.00898579 0.0640859 0.150819 9.9991E-05
0.193911 0.502051 0.00563927 0.0379159 0.260383 9.9991E-05
0.419744 0.297728 0.18185 0.0539047 9.9991E-05 0.0466734
0.238173 0.605404 0.020149 0.0760009 0.0601727 9.9991E-05
0.417874 0.431366 0.0847958 9.9982E-05 0.0657648 9.9982E-05
0.375539 0.561979 0.023386 9.9982E-05 9.9982E-05 0.0388963
9.9964E-05 0.666303 9.9964E-05 9.9964E-05 9.9964E-05 0.333297
0.629979 0.297852 0.040868 0.0207677 0.00506343 0.00547011
0.112617 9.9982E-05 0.765625 0.0383256 0.0832321 9.9982E-05
0.102444 9.9964E-05 0.897156 9.9964E-05 9.9964E-05 9.9964E-05
0.0500914 9.9982E-05 0.851586 0.0760243 0.022098 9.9982E-05
0.0825011 9.9973E-05 0.915243 0.00195581 9.9973E-05 9.9973E-05
0.0826052 0.0225774 0.876143 0.0184749 9.9982E-05 9.9982E-05
0.0506327 0.0181624 0.894669 0.0230064 9.9991E-05 0.0134294
0.0649077 9.9973E-05 0.934226 0.000566433 9.9973E-05 9.9973E-05
0.466329 0.333738 0.0897387 0.0708222 0.0392718 9.9991E-05
0.634625 0.155945 0.0953782 9.9991E-05 0.0962478 0.0177039
0.00677572 0.852912 0.0466311 9.9991E-05 0.0523614 0.0412194
0.536746 0.240972 0.106321 0.0625825 0.0532779 9.9991E-05
0.497167 0.360191 0.0441537 9.9982E-05 0.098288 9.9982E-05
0.615446 0.313654 0.048842 9.9982E-05 9.9982E-05 0.0218581
0.408871 0.352345 0.0595628 0.0871651 0.0684809 0.0235751
0.481457 0.422161 0.0122046 0.0531246 9.9991E-05 0.0309533
9.9973E-05 0.749611 0.0605745 9.9973E-05 0.189514 9.9973E-05
0.353086 0.326297 0.182894 0.0558418 0.000103911 0.0817775
0.684648 0.188215 0.0494328 0.0301878 0.041543 0.00597289
0.49132 0.155765 0.0857278 0.131097 0.135991 9.9991E-05
0.266646 0.548561 9.9982E-05 0.00404443 9.9982E-05 0.180548
0.531866 0.411415 9.9973E-05 9.9973E-05 9.9973E-05 0.056419
0.38047 0.414644 0.0404791 9.9982E-05 0.164207 9.9982E-05
0.218746 0.632351 9.9973E-05 0.148603 9.9973E-05 9.9973E-05
0.37706 0.3971 0.0806397 0.0466219 0.0984779 9.9991E-05
0.526226 0.255139 0.117206 0.053394 0.0479356 9.9991E-05
0.325841 0.00536275 0.0248113 0.00943313 0.319006 0.315546
0.337071 0.0305345 0.046403 0.149739 0.354738 0.081515
0.464371 0.110025 0.0665541 0.133645 0.216761 0.00864342
0.494326 0.0930861 0.0721383 0.108621 0.18304 0.0487887
0.528983 0.0872756 0.0605762 9.9991E-05 0.302956 0.0201092
0.516983 0.123507 0.0395578 0.0589859 0.260866 9.9991E-05
0.534359 0.0657074 0.0224398 9.9991E-05 0.373816 0.00357737
0.526958 0.107811 0.121231 0.0290583 0.102998 0.111943
0.495574 0.0763836 0.140562 0.0726109 0.123098 0.0917718
0.611629 0.0924269 0.035135 9.9991E-05 0.179192 0.081517
0.559393 0.0722512 9.9973E-05 9.9973E-05 0.368055 9.9973E-05
0.658031 0.0644092 0.0214788 0.045502 0.0976839 0.112895
0.627176 0.0744338 0.092786 0.044294 0.16121 9.9991E-05
0.521064 0.100559 9.9991E-05 0.0939345 0.27597 0.00837364
0.539391 0.11956 0.0879 0.0592832 0.158005 0.0358609
0.529696 0.117131 9.9991E-05 0.0718443 0.238278 0.0429507
0.4051 9.9982E-05 0.091289 9.9982E-05 0.328271 0.17514
0.703911 0.0426402 0.0420739 9.9982E-05 0.211175 9.9982E-05
0.733127 9.9982E-05 0.0520147 9.9982E-05 0.159418 0.0552397
0.291673 0.183838 0.0356473 0.0608789 0.387364 0.040599
0.260961 0.0788569 0.0043363 0.029567 0.273882 0.352397
0.594193 0.0151346 9.9991E-05 0.0480733 0.24617 0.0963293
0.0633793 0.186394 9.9991E-05 0.0424459 0.317214 0.390467
0.31959 0.174492 9.9982E-05 9.9982E-05 0.38922 0.116498
0.446987 0.184478 9.9982E-05 9.9982E-05 0.247362 0.120973
0.388973 0.106973 0.0312511 9.9982E-05 0.472603 9.9982E-05
0.300761 0.10318 0.00553146 0.0441819 0.432599 0.113747
0.669129 0.161082 0.121908 9.9991E-05 0.00944314 0.0383385
0.535486 0.153766 0.137823 0.0882107 0.0846135 9.9991E-05
0.447863 0.169864 0.052864 0.08257 0.1492 0.0976381
0.260503 0.12165 9.9982E-05 9.9982E-05 0.275605 0.342041
0.421433 0.124269 0.148862 0.0603154 0.133141 0.11198
0.484274 0.184133 0.0370273 0.0725382 0.0470589 0.174968
0.0515585 0.118315 0.127811 9.9991E-05 0.140119 0.562096
0.681522 0.0282691 0.0736778 9.9991E-05 0.0876183 0.128813
0.429931 0.0961546 0.0957089 9.9991E-05 0.0481332 0.329972
0.412343 0.0753002 0.127067 0.0934529 0.0524966 0.23934
0.348932 0.0298137 0.059237 9.99946E-05 0.102816 0.459102
0.287384 0.0178424 0.0323167 9.9991E-05 0.150613 0.511744
0.567567 9.9973E-05 9.9973E-05 9.9973E-05 0.174163 0.25797
0.61191 9.9982E-05 0.0970172 9.9982E-05 0.0645875 0.226285
0.450593 0.0963836 0.115228 0.0225719 0.136299 0.178924
0.0790266 0.23511 0.0912801 0.129487 0.0751423 0.389954
0.650662 0.00910013 0.113888 0.016216 0.101065 0.109069
0.388827 0.225039 9.9982E-05 9.9982E-05 0.0903747 0.29556
0.580017 0.0512607 9.9982E-05 9.9982E-05 0.099337 0.269185
0.565992 0.106174 0.0638135 0.0678523 0.0561563 0.140012
0.24101 9.9991E-05 0.354707 0.208251 0.0064419 0.18949
9.9973E-05 9.9973E-05 0.527067 0.141351 9.9973E-05 0.331282
9.9973E-05 9.9973E-05 0.467966 0.10408 9.9973E-05 0.427654
0.105682 9.9982E-05 0.410167 0.314038 9.9982E-05 0.169913
0.604659 0.111571 9.9973E-05 9.9973E-05 9.9973E-05 0.28347
0.476498 0.148058 0.0669754 0.133255 0.111275 0.0639384
0.28567 0.0113507 9.9973E-05 0.70268 9.9973E-05 9.9973E-05
0.33538 0.0870279 0.0139258 0.480351 0.0676492 0.0156669
0.325968 0.0815631 0.0311812 0.428138 0.13305 9.9991E-05
0.410623 0.0623403 9.9973E-05 9.9973E-05 9.9973E-05 0.526736
0.475792 0.214828 0.116349 0.0631348 0.0991064 0.0307899
0.313005 0.0316941 9.9982E-05 9.9982E-05 0.0151669 0.639934
0.618118 0.123241 9.9982E-05 9.9982E-05 0.0143472 0.244095
0.569158 0.101216 0.0403247 9.9991E-05 0.118704 0.170497
0.667686 9.9991E-05 0.0227614 0.00221907 0.0757733 0.23146
0.279165 0.100169 9.9982E-05 9.9982E-05 0.110767 0.509699
0.527497 0.148784 0.0123555 0.161945 0.0387523 0.110666
0.55397 0.105336 0.0420417 0.0778959 9.9991E-05 0.220656
9.9973E-05 0.00838377 9.9973E-05 0.988328 9.9973E-05 0.00298799
0.0639895 9.9968E-05 9.9968E-05 0.935611 9.9968E-05 9.9968E-05
0.346802 9.9982E-05 0.0643419 0.579644 9.9982E-05 0.00901253
0.340253 9.9964E-05 9.9964E-05 0.659348 9.9964E-05 9.9964E-05
0.108317 0.0810303 0.0152662 0.795187 9.9982E-05 9.9982E-05
9.996E-05 9.996E-05 9.996E-05 0.9995 9.996E-05 9.996E-05
9.9964E-05 9.9964E-05 9.9964E-05 0.972754 0.0268464 9.9964E-05
0.153991 9.9964E-05 9.9964E-05 0.845609 9.9964E-05 9.9964E-05
9.9964E-05 9.9964E-05 9.9964E-05 0.94076 0.0588397 9.9964E-05
9.996E-05 9.996E-05 9.996E-05 0.9995 9.996E-05 9.996E-05
9.996E-05 9.996E-05 9.996E-05 0.9995 9.996E-05 9.996E-05
0.153921 9.9982E-05 0.0386267 0.767054 0.0401984 9.9982E-05
0.0872781 9.9991E-05 0.0570903 0.833446 0.00729651 0.0147893
9.9973E-05 0.0207624 0.00540712 0.973531 9.9973E-05 9.9973E-05
0.283667 0.0995299 0.0288303 0.466847 0.102829 0.0182964
0.173838 0.0656374 0.0212089 0.739116 9.9982E-05 9.9982E-05
0.184283 0.018223 0.052802 0.744492 9.9982E-05 9.9982E-05
0.0713429 0.0183408 0.0342855 0.874518 0.00141271 9.9991E-05
9.996E-05 9.996E-05 9.996E-05 0.9995 9.996E-05 9.996E-05
0.0845391 9.9973E-05 0.0434667 0.871694 9.9973E-05 9.9973E-05
9.9964E-05 9.9964E-05 0.00625742 0.993343 9.9964E-05 9.9964E-05
0.235744 0.0396774 0.0609162 0.639324 0.0242383 9.9991E-05
0.00489236 0.104131 9.9982E-05 0.873622 9.9982E-05 0.0171543
9.9982E-05 0.00931745 0.328777 0.0677817 9.9982E-05 0.593924
0.468581 9.9991E-05 0.19265 0.0239781 0.121617 0.193074
0.435311 0.0316965 0.252489 0.0492498 0.0556076 0.175646
0.19569 9.9991E-05 0.231786 0.11177 0.0091336 0.45152
0.533972 0.0845092 0.239807 0.0729793 9.9991E-05 0.0686328
0.261572 9.9982E-05 0.325823 0.0358962 9.9982E-05 0.376509
0.40096 0.0484147 0.134949 0.110679 0.167819 0.137179
0.331565 0.0208997 0.157007 0.176728 9.9991E-05 0.3137
0.530009 9.9982E-05 0.193749 0.126104 9.9982E-05 0.149939
0.325106 9.9982E-05 0.142842 0.216371 9.9982E-05 0.315481
0.415525 9.9991E-05 0.14698 0.102256 0.124651 0.210488
0.0580404 0.01735 0.816053 9.9991E-05 0.00960117 0.0988558
9.9973E-05 9.9973E-05 0.918882 0.0538509 9.9973E-05 0.026967
9.9964E-05 9.9964E-05 0.962684 9.9964E-05 0.0369163 9.9964E-05
0.030835 9.9973E-05 0.932677 9.9973E-05 0.0361878 9.9973E-05
9.9973E-05 9.9973E-05 0.892775 0.0470659 0.0598593 9.9973E-05
0.020472 0.021609 0.867998 0.07699 9.9991E-05 0.0128309
0.0131739 9.9982E-05 0.91494 0.0685203 0.00316604 9.9982E-05
0.00507292 0.0116211 0.910108 9.9982E-05 9.9982E-05 0.0729978
0.0230318 0.0549565 0.915059 0.00675295 9.9982E-05 9.9982E-05
0.0230492 9.9982E-05 0.835681 0.106758 9.9982E-05 0.0343119
9.9982E-05 0.141885 0.603478 0.00126881 0.253168 9.9982E-05
9.9982E-05 0.0597677 0.565184 0.0135495 0.361299 9.9982E-05
9.9982E-05 0.0120812 0.492036 9.9982E-05 0.351707 0.143976
9.9982E-05 0.105141 0.471237 9.9982E-05 0.351694 0.0717286
0.498206 0.261778 0.0947688 9.9982E-05 0.145047 9.9982E-05
0.544777 0.327564 0.0475348 9.9982E-05 0.0799239 9.9982E-05
0.562114 0.196892 9.9982E-05 0.0273244 0.21347 9.9982E-05
0.461902 0.265604 0.0629218 9.9991E-05 0.152741 0.0567321
0.180141 0.193611 9.9973E-05 9.9973E-05 0.625948 9.9973E-05
0.61174 0.203374 0.02978 0.075839 9.9991E-05 0.079167
0.544752 0.268128 0.016136 0.0583777 0.0516767 0.06093
0.543737 0.300461 9.9982E-05 9.9982E-05 0.0818153 0.0737872
0.356953 0.584614 9.9982E-05 0.0277523 9.9982E-05 0.0304799
0.642524 0.150658 0.0299657 0.036553 0.136921 0.00337891
0.434039 0.374165 9.9982E-05 9.9982E-05 0.143529 0.0480672
9.9973E-05 0.701831 9.9973E-05 9.9973E-05 0.0650964 0.232773
0.57925 0.145907 0.0213464 0.021558 0.123165 0.108773
0.275668 0.438252 9.9973E-05 9.9973E-05 9.9973E-05 0.28578
0.519144 0.416634 0.00462645 9.9991E-05 0.00409617 0.0553992
0.060837 0.769157 0.0312934 9.9982E-05 0.138513 9.9982E-05
0.0657114 9.9982E-05 0.0968231 9.9982E-05 0.765613 0.0716524
0.113376 9.9982E-05 0.0703293 9.9982E-05 0.689314 0.126781
9.9973E-05 9.9973E-05 0.0144081 9.9973E-05 0.887067 0.0982248
9.9982E-05 0.0132376 0.0998643 9.9982E-05 0.811523 0.0751752
0.0745458 9.9982E-05 0.0321662 9.9982E-05 0.823569 0.0695194
0.0987871 9.9991E-05 0.0601473 0.0199445 0.707959 0.113062
0.0724242 9.9973E-05 0.847705 0.0795706 9.9973E-05 9.9973E-05
0.0792769 9.9982E-05 0.792802 0.0358803 0.0918409 9.9982E-05
0.147033 9.9973E-05 0.763822 0.0888453 9.9973E-05 9.9973E-05
0.0330724 9.9982E-05 0.722531 0.132695 0.111502 9.9982E-05
0.0698861 9.9982E-05 0.787273 0.0964429 0.0461978 9.9982E-05
9.9982E-05 0.0393899 0.359328 9.9982E-05 0.503912 0.0971704
9.9982E-05 0.0226901 0.449811 9.9982E-05 0.387729 0.13957
9.9982E-05 0.0799127 0.415665 9.9982E-05 0.460337 0.0438845
0.166645 9.9973E-05 0.821328 9.9973E-05 0.0117266 9.9973E-05
9.9991E-05 0.093057 0.376258 0.00388389 0.522493 0.00420843
0.279478 9.9982E-05 0.179084 0.375281 9.9982E-05 0.165957
0.609511 0.0447502 0.140106 0.167831 9.9991E-05 0.0377023
0.534833 9.9973E-05 0.197702 0.267165 9.9973E-05 9.9973E-05
0.313763 0.0844541 0.243309 0.26108 0.0417993 0.0555944
0.431417 0.14557 0.201449 0.181926 0.00343094 0.0362064
9.9973E-05 9.9973E-05 0.431891 0.325675 9.9973E-05 0.242134
0.468157 0.103622 9.9982E-05 9.9982E-05 0.345719 0.0823031
0.389663 0.103889 0.0316679 9.9991E-05 0.210302 0.264379
0.347089 0.0660415 0.0640198 9.9982E-05 0.52265 9.9982E-05
0.512923 0.10876 0.0020439 9.9991E-05 0.13742 0.238753
9.9973E-05 0.220547 9.9973E-05 9.9973E-05 0.145221 0.633932
0.499954 0.0957903 0.0910213 0.107845 0.101815 0.103575
0.53496 0.110312 0.0690002 0.02511 0.151624 0.108993
0.378841 0.157153 0.0239136 9.9991E-05 0.43639 0.00360261
0.534611 0.109483 0.134493 0.049004 0.0989955 0.0734142
0.186365 0.143067 9.9982E-05 9.9982E-05 0.284068 0.386301
0.477878 0.150959 0.0539286 0.00955057 0.0858755 0.221809
0.564497 0.0958029 9.9991E-05 0.0316872 0.254792 0.0531211
0.452445 0.0401199 0.144105 0.175415 0.110582 0.0773324
0.412494 0.0952218 9.9982E-05 9.9982E-05 0.299014 0.19307
0.502098 0.116172 0.013818 9.9991E-05 0.223438 0.144375
0.383842 0.15731 9.9991E-05 0.132342 0.141792 0.184613
0.566283 0.138088 0.100837 9.9991E-05 0.163781 0.0309112
0.692383 0.132791 9.9991E-05 0.0476738 0.0630056 0.0640462
0.472104 0.139909 0.0413621 0.102435 0.114128 0.130062
0.591191 9.9991E-05 0.0459724 0.152124 0.126983 0.0836298
0.119765 9.9973E-05 0.739139 0.140796 9.9973E-05 9.9973E-05
0.027707 0.103583 0.827451 0.0410589 9.9982E-05 9.9982E-05
0.0363542 0.0168698 0.786531 0.021227 0.0693806 0.069637
0.00469498 0.110582 0.832299 0.052224 9.9982E-05 9.9982E-05
0.0985802 0.0249497 0.791658 0.0846125 9.9982E-05 9.9982E-05
0.283486 0.0420088 9.9982E-05 9.9982E-05 0.599751 0.074554
0.55044 0.138133 0.0283946 0.0501969 0.135681 0.0971545
0.373078 0.0299562 0.124528 0.181274 0.0898566 0.201307
0.639209 9.9991E-05 0.0252376 0.037403 0.18176 0.11629
0.504544 0.114967 9.9991E-05 0.0764548 0.238716 0.0652185
0.302046 0.0153323 9.9991E-05 0.0870503 0.283689 0.311782
9.9982E-05 0.157554 0.131464 9.9982E-05 0.547306 0.163475
0.578471 0.0672279 0.001788 0.0409203 0.311493 9.9991E-05
0.13866 0.0455856 0.0186362 0.0923701 0.540599 0.164149
0.306459 0.0671831 0.0420235 0.169017 0.233239 0.182079
0.10643 0.135636 0.116279 0.0234231 0.492265 0.125967
0.55175 0.0420847 0.0792282 0.13413 0.192707 9.9991E-05
0.214811 0.0763692 0.116548 9.9991E-05 0.513216 0.0789565
0.296046 0.00920288 9.9991E-05 0.0976899 0.350863 0.246098
0.625218 0.0384099 0.0138389 0.025565 0.0404559 0.256513
0.35446 9.9973E-05 9.9973E-05 9.9973E-05 0.152416 0.492825
0.63577 0.0441771 0.0601223 0.0143301 9.9991E-05 0.245501
0.584593 0.183649 0.0618547 0.0680466 9.9991E-05 0.101757
0.466585 9.9973E-05 9.9973E-05 9.9973E-05 0.0473146 0.4858
0.520669 0.137677 0.0240528 0.0447693 0.117383 0.155448
0.654874 0.057363 0.0156633 9.9991E-05 0.037053 0.234947
0.164271 0.0794613 9.9982E-05 9.9982E-05 0.109046 0.647023
0.327631 0.0406567 9.9982E-05 9.9982E-05 0.0336181 0.597894
0.573755 9.9973E-05 9.9973E-05 9.9973E-05 0.0981165 0.327829
0.23279 0.114386 9.9982E-05 9.9982E-05 0.0963335 0.55629
0.511331 0.119958 9.9991E-05 0.0361699 0.0688756 0.263566
0.101624 0.184438 9.9991E-05 0.0611079 0.62282 0.0299093
0.260738 0.137414 9.9991E-05 0.00294986 0.324002 0.274796
0.380259 0.102715 0.00111762 0.0884845 0.427323 9.9991E-05
0.544469 9.9982E-05 9.9982E-05 0.149728 0.276682 0.0289205
0.250053 0.263831 9.9991E-05 0.0151228 0.448742 0.0221516
0.549735 0.0983392 0.0218309 0.0855403 0.103964 0.14059
0.595424 0.101821 0.0700954 0.0591299 0.14257 0.0309592
0.454328 0.123192 9.9991E-05 0.0319742 0.331578 0.0588278
0.485535 0.0671991 0.00528998 0.154244 0.287632 9.9991E-05
0.379014 0.146263 9.9982E-05 0.103973 0.37055 9.9982E-05
0.169435 0.222626 9.9982E-05 0.137482 0.470257 9.9982E-05
0.357479 0.0673874 9.9991E-05 0.138204 0.397971 0.0388584
0.704801 0.109769 9.9982E-05 9.9982E-05 0.183349 0.00188115
0.610674 0.0239101 0.0776316 0.0415621 0.196186 0.0500368
0.542076 9.9991E-05 0.00716474 0.00294006 0.273228 0.174491
0.499143 0.104848 0.0032971 0.0951027 0.274797 0.0228117
0.425808 0.0713291 0.0397474 0.0799429 0.337042 0.0461312
0.653225 0.0521944 0.0241523 0.00345155 0.266877 9.9991E-05
0.513773 0.0700694 0.0227482 0.0689801 0.268221 0.0562076
0.642081 9.9991E-05 0.042983 0.0325924 0.14776 0.134483
0.439104 0.0694514 0.414811 0.076434 9.9982E-05 9.9982E-05
0.53824 0.0412418 0.146474 0.214208 0.0175543 0.0422821
0.594306 9.9991E-05 0.110953 0.183589 0.000219212 0.110833
0.591985 0.0406236 0.0640914 0.116626 0.105443 0.0812312
0.404925 0.0704355 0.258432 0.266008 9.9982E-05 9.9982E-05
0.472106 0.029826 9.9991E-05 0.0351459 0.139097 0.323726
0.550473 0.0668836 0.0135407 0.222826 0.0631641 0.0831133
0.0968893 0.0928779 0.283461 0.105971 0.017221 0.40358
0.498031 9.9991E-05 0.149854 0.177868 0.0743792 0.0997678
0.489625 0.176942 0.122129 0.211104 9.9982E-05 9.9982E-05
0.514538 0.0074433 0.0723119 0.200179 0.160989 0.0445381
0.316044 0.0696232 0.135062 0.170862 0.0694484 0.238961
0.556577 0.0782639 0.156078 0.208524 0.00045621 9.9991E-05
0.540876 9.9982E-05 0.178187 0.160164 9.9982E-05 0.120573
9.9973E-05 9.9973E-05 0.459657 0.186938 9.9973E-05 0.353106
0.456226 0.0188667 0.194478 0.237817 0.068796 0.0238155
0.620919 9.9982E-05 0.140305 0.157042 0.0815334 9.9982E-05
0.57382 9.9991E-05 0.161607 0.139838 0.0115275 0.113108
0.625048 9.9982E-05 0.242691 0.0983903 9.9982E-05 0.0336712
0.494003 0.0379067 0.118783 0.192349 0.0425855 0.114373
0.470561 0.201111 0.0505324 0.0655348 0.0430516 0.169209
0.531891 0.0319679 0.0257027 0.0664055 0.145507 0.198526
0.0683019 0.272294 9.9982E-05 9.9982E-05 0.0948653 0.564339
0.0850787 0.202253 9.9982E-05 9.9982E-05 0.0371769 0.675291
0.474247 0.164662 0.0423941 0.078125 0.0220861 0.218486
0.456873 9.9982E-05 0.0636526 0.311093 9.9982E-05 0.168181
0.325009 0.0105065 0.0712225 0.376495 9.9991E-05 0.216667
0.18563 9.9982E-05 0.170646 0.325486 9.9982E-05 0.318038
0.301452 9.9982E-05 0.156163 0.338359 9.9982E-05 0.203825
0.180312 9.9982E-05 0.0466006 0.074461 9.9982E-05 0.698426
0.216908 9.9982E-05 0.0622655 0.123582 9.9982E-05 0.597045
0.582335 0.0970232 9.9982E-05 0.142264 9.9982E-05 0.178178
0.510317 0.124172 0.0186355 0.10142 0.000496987 0.244958
0.32729 0.0316002 0.0191338 0.0804176 9.9991E-05 0.541459
0.594679 0.0834003 0.00951909 0.0360735 0.0583349 0.217993
0.532845 9.9982E-05 9.9982E-05 0.160556 0.0472479 0.259151
0.349142 0.195137 0.0811386 0.169938 0.0970433 0.107601
0.386635 0.0758616 9.9982E-05 9.9982E-05 0.16877 0.368533
0.355944 0.139696 9.9991E-05 0.00749474 0.134212 0.362553
0.521105 0.140354 9.9991E-05 0.0973155 0.0792834 0.161842
0.381027 0.124143 0.0103237 0.0628355 0.116272 0.305399
0.498655 9.9991E-05 0.16988 0.0130047 0.14061 0.177749
0.525472 0.0769508 9.9973E-05 9.9973E-05 9.9973E-05 0.397277
0.308131 0.0501371 9.9982E-05 9.9982E-05 0.0827151 0.558816
0.615292 0.186491 0.023672 0.0343532 9.9991E-05 0.140091
0.412046 0.274479 0.013598 0.112185 0.089123 0.0985693
0.328289 0.206457 9.9982E-05 9.9982E-05 0.0312101 0.433844
0.47479 0.140103 9.9973E-05 9.9973E-05 9.9973E-05 0.384807
0.545472 0.145234 0.0334034 0.0533258 0.0486058 0.173958
0.576809 0.117273 9.9991E-05 0.0010098 0.0455186 0.25929
0.418813 0.0972165 0.173765 0.166937 9.9991E-05 0.143168
0.462673 0.0883308 0.135378 0.134265 0.00659626 0.172757
0.317635 9.9991E-05 0.131786 0.278613 0.110941 0.160925
0.404696 9.9991E-05 0.124513 0.228011 0.0825272 0.160153
0.406815 0.0958181 0.109222 0.222681 0.165363 9.9991E-05
0.49585 9.99988E-05 0.16442 0.10442 0.0444206 0.190789
9.9991E-05 0.0293715 0.13828 0.19891 0.0371556 0.596183
0.622779 9.9991E-05 0.0404254 0.217682 0.0432979 0.0757155
9.9973E-05 9.9973E-05 0.337851 0.149224 9.9973E-05 0.512626
0.598878 9.9973E-05 9.9973E-05 0.187892 9.9973E-05 0.21293
0.154743 0.287832 9.9973E-05 9.9973E-05 9.9973E-05 0.557125
9.9973E-05 0.33617 9.9973E-05 9.9973E-05 0.00631103 0.657219
0.569431 0.16761 9.9982E-05 9.9982E-05 0.033175 0.229584
0.675456 0.0679418 9.9982E-05 0.0586839 9.9982E-05 0.197718
0.428884 0.13471 9.9982E-05 9.9982E-05 0.0506959 0.38551
0.517585 0.203728 0.00643638 0.0436766 0.00495237 0.223622
0.593461 0.107287 9.9973E-05 9.9973E-05 9.9973E-05 0.298952
0.109611 0.0289364 0.756506 0.0429371 0.0145449 0.0474645
9.9982E-05 9.9982E-05 0.692933 0.108777 0.173186 0.0249041
9.9973E-05 9.9973E-05 0.935587 0.0418935 0.0222192 9.9973E-05
0.0465254 9.9973E-05 0.919905 9.9973E-05 9.9973E-05 0.0332696
0.334606 0.53127 9.9982E-05 0.0803824 0.0535409 9.9982E-05
0.434936 0.414985 0.0708907 0.0592982 0.00882988 0.0110605
0.522953 0.396804 0.0211554 9.9982E-05 0.0588875 9.9982E-05
0.535163 0.247492 0.131315 0.0194745 9.9991E-05 0.0664557
0.57724 0.268332 0.111333 9.9991E-05 0.00598685 0.0370074
0.197174 0.623723 0.0244534 0.00425432 0.114135 0.0362607
0.534891 0.423942 9.9982E-05 0.0216719 0.0192949 9.9982E-05
0.346537 0.465585 9.9973E-05 9.9973E-05 9.9973E-05 0.187579
0.528797 9.9991E-05 0.317451 0.101416 0.0066242 0.045612
0.438668 0.332574 9.9991E-05 0.0593856 0.079292 0.0899801
0.294758 0.622273 0.00648556 9.9982E-05 0.0762836 9.9982E-05
0.559864 0.393141 9.9982E-05 0.021855 9.9982E-05 0.0249406
0.355098 0.540459 0.0279063 9.9991E-05 0.0512818 0.0251549
0.612746 0.386854 9.9964E-05 9.9964E-05 9.9964E-05 9.9964E-05
0.529297 0.390473 0.0799299 9.9973E-05 9.9973E-05 9.9973E-05
0.00898117 0.889434 9.9973E-05 9.9973E-05 9.9973E-05 0.101285
0.174319 0.626603 9.9982E-05 0.0359028 9.9982E-05 0.162975
0.341349 0.579674 0.0786775 9.9973E-05 9.9973E-05 9.9973E-05
9.9964E-05 0.793417 9.9964E-05 9.9964E-05 9.9964E-05 0.206184
0.527776 0.361191 0.0075044 9.9991E-05 0.101281 0.00214791
0.101918 0.565916 9.9982E-05 0.0124262 9.9982E-05 0.31954
9.9964E-05 0.662082 9.9964E-05 9.9964E-05 9.9964E-05 0.337519
0.567861 0.352434 0.0446844 0.0348205 9.9982E-05 9.9982E-05
0.165435 0.653942 0.0350149 9.9991E-05 0.137208 0.00829994
0.36399 0.459349 9.9982E-05 0.106809 0.0696521 9.9982E-05
0.539782 0.234186 0.0445488 0.116576 0.0547005 0.010207
0.523538 0.392981 0.00526939 0.0038238 0.0742872 9.9991E-05
0.435514 9.9982E-05 9.9982E-05 0.0391018 0.265735 0.25945
0.507272 0.335969 9.9982E-05 0.0236975 0.132861 9.9982E-05
0.564633 0.300075 0.0415971 9.9991E-05 0.0785375 0.0150572
0.324043 0.637651 9.9973E-05 9.9973E-05 9.9973E-05 0.0380063
0.555899 0.311089 0.0565372 0.0341669 0.0422075 9.9991E-05
0.00439263 9.9982E-05 0.620991 9.9982E-05 0.292847 0.08157
9.9991E-05 0.1056 0.763288 0.0107277 0.105808 0.014476
9.9973E-05 9.9973E-05 0.810216 9.9973E-05 0.1383 0.0511845
9.9982E-05 0.0367828 0.805686 9.9982E-05 0.113979 0.0433524
0.046624 9.9982E-05 0.711125 9.9982E-05 0.220746 0.0213053
0.0340127 0.759719 0.0355695 0.0660371 0.104562 9.9991E-05
0.142993 0.655531 0.0396609 9.9991E-05 0.122873 0.0388422
0.135636 0.738524 9.9973E-05 9.9973E-05 9.9973E-05 0.12554
0.505234 0.28341 0.122493 0.0886626 9.9982E-05 9.9982E-05
0.399429 0.247409 0.16378 0.117931 9.9991E-05 0.0713507
0.249982 0.574422 0.0425431 0.0199605 9.9991E-05 0.112992
0.613685 0.306111 9.9973E-05 0.0799043 9.9973E-05 9.9973E-05
0.334728 0.50716 0.0393744 0.0219078 9.9991E-05 0.0967296
0.564556 0.366117 9.9991E-05 0.0522421 0.0153789 0.00160593
0.586902 0.268471 0.0600625 0.0843651 9.9982E-05 9.9982E-05
0.231911 0.572023 9.9982E-05 0.028514 0.167352 9.9982E-05
0.381918 0.49302 0.00911698 9.9982E-05 0.115746 9.9982E-05
0.214899 0.614576 0.022544 0.00816589 0.139715 9.9991E-05
0.701862 0.0184955 0.0773856 9.9991E-05 0.0284009 0.173756
0.403891 0.585236 9.9973E-05 9.9973E-05 0.0105728 9.9973E-05
0.441451 0.449689 0.00347314 0.0603651 0.0449216 9.9991E-05
0.462271 9.9982E-05 0.0506798 0.4284 9.9982E-05 0.0584489
0.431774 9.9982E-05 0.133364 0.433116 0.0015459 9.9982E-05
0.406706 9.9982E-05 0.10948 0.471012 9.9982E-05 0.0126017
0.346617 9.9982E-05 0.111108 0.444322 9.9982E-05 0.0977535
0.465948 9.9991E-05 0.112886 0.32413 0.0704622 0.0264741
0.466871 0.382392 0.0360734 9.9982E-05 9.9982E-05 0.114464
0.0168899 9.9982E-05 0.260238 0.664831 9.9982E-05 0.0578416
0.406293 9.9982E-05 0.121451 0.414071 9.9982E-05 0.0579843
0.372184 0.134468 0.156668 0.21125 9.9991E-05 0.12533
0.628418 9.9982E-05 0.154031 9.9982E-05 0.0492586 0.168092
0.442376 0.0336109 0.115715 9.9991E-05 0.124607 0.28359
0.668487 9.9991E-05 0.136606 0.000529116 0.092743 0.101535
0.687477 0.100552 0.0981222 9.9991E-05 0.0185829 0.095166
0.361454 9.9973E-05 0.246762 0.391484 9.9973E-05 9.9973E-05
0.378092 0.00275616 0.0732412 0.451858 0.093953 9.9991E-05
0.439021 0.00212152 0.0162576 0.535274 0.00722627 9.9991E-05
0.37592 0.117775 0.112497 0.342381 0.051328 9.9991E-05
0.189166 9.9982E-05 0.121036 0.576063 9.9982E-05 0.113534
0.406899 0.159322 0.147349 0.22852 9.9991E-05 0.0578106
0.214114 9.9982E-05 0.165196 0.589487 9.9982E-05 0.0310021
0.434146 9.9991E-05 0.0588745 0.37482 0.100021 0.0320388
0.616702 9.9982E-05 0.0857343 0.0400754 9.9982E-05 0.257288
0.44606 0.0324714 0.178988 0.257365 0.0850148 9.9991E-05
0.198152 9.9973E-05 0.21132 0.590228 9.9973E-05 9.9973E-05
0.346957 0.0721545 0.112244 0.373812 0.0838891 0.0109427
0.243121 0.0687885 0.147891 9.9991E-05 0.312854 0.227245
0.590753 0.037224 9.9991E-05 0.0956923 0.0706256 0.205605
0.464169 0.0382662 0.197026 0.221303 0.0459977 0.0332374
0.662423 9.9991E-05 0.0640456 0.020702 0.0995651 0.153165
0.553263 0.0138202 0.142503 9.9991E-05 0.0818449 0.208469
0.29308 0.124958 0.183253 0.233163 0.0554909 0.110055
0.374484 9.9982E-05 0.205709 0.288185 9.9982E-05 0.131422
0.53462 0.119365 0.125818 0.127168 0.0589056 0.0341233
0.380715 0.0179533 0.154275 0.403715 0.00483616 0.0385054
0.359629 9.9973E-05 0.128265 0.511807 9.9973E-05 9.9973E-05
0.22539 9.9973E-05 0.175061 0.599249 9.9973E-05 9.9973E-05
0.488874 0.0838385 0.0664799 0.126705 0.107432 0.12667
0.524207 0.102395 0.148823 9.9991E-05 0.0806872 0.143788
0.262924 9.9982E-05 0.104944 0.0204323 9.9982E-05 0.6115
0.662324 9.9991E-05 0.158421 0.042675 0.116489 0.0199918
0.433867 0.0447994 0.124413 0.0607082 0.234101 0.102112
0.481911 0.0159105 0.252705 0.123893 9.9991E-05 0.12548
0.544779 0.154379 0.182599 0.0266211 0.0429659 0.048655
9.9973E-05 9.9973E-05 0.277683 0.212886 9.9973E-05 0.509132
9.9973E-05 9.9973E-05 0.276628 0.112039 9.9973E-05 0.611033
0.309587 0.0276201 0.117821 0.13505 0.0848324 0.325089
0.0370268 0.0212196 0.368163 0.212432 9.9991E-05 0.361059
9.9973E-05 9.9973E-05 0.450038 0.234075 9.9973E-05 0.315587
0.294164 0.0404851 0.0811897 0.237618 0.0360745 0.310469
0.482586 9.9982E-05 0.178791 0.120305 9.9982E-05 0.218118
0.249743 0.0597562 0.326329 0.115505 9.9991E-05 0.248566
0.0782949 9.9982E-05 0.29071 0.172762 9.9982E-05 0.458033
0.497565 0.0227564 0.164698 0.125337 9.9991E-05 0.189544
0.172584 0.0180172 0.210015 0.128318 9.9991E-05 0.470966
9.9973E-05 9.9973E-05 0.408761 0.0898911 9.9973E-05 0.501048
0.530442 0.063108 0.167814 0.134573 0.103963 9.9991E-05
0.405774 0.00907342 0.204554 0.147701 0.0277144 0.205182
0.519628 0.0533806 0.300389 0.126402 9.9982E-05 9.9982E-05
0.447601 0.0955531 0.135149 0.321497 9.9982E-05 9.9982E-05
0.472233 0.131032 0.236007 0.0881127 9.9991E-05 0.0725154
0.516334 0.0727216 0.202111 0.18621 9.9991E-05 0.0225231
0.488184 0.0371997 0.189461 0.250799 9.9991E-05 0.0342566
0.390344 9.9991E-05 0.400024 0.142923 0.0374998 0.0291085
0.498935 0.0840617 0.18881 0.165746 0.0623479 9.9991E-05
0.384949 0.0734174 0.234328 0.285838 0.0213668 9.9991E-05
0.262789 0.0679406 0.220223 0.254696 9.9991E-05 0.194251
0.26424 0.326423 0.16669 0.172286 0.0689708 0.00138939
0.497503 0.0217062 0.10322 0.159417 0.0651918 0.152963
0.441063 0.0771374 0.156573 0.24226 0.0231468 0.0598194
0.615903 0.125691 0.152794 0.068822 9.9991E-05 0.0366895
0.433112 9.9991E-05 0.251863 0.233181 0.0210438 0.0607009
0.475753 0.0330585 0.21276 0.177403 9.9991E-05 0.100926
0.161887 9.9982E-05 0.41598 0.228756 9.9982E-05 0.193177
0.588416 9.9982E-05 0.122456 0.171279 0.11765 9.9982E-05
0.18069 0.0240182 0.255944 0.336587 9.9991E-05 0.202661
9.9991E-05 0.107594 0.791769 0.00385369 0.0495839 0.0471001
0.128089 0.048435 0.0621913 9.9982E-05 0.761084 9.9982E-05
9.9964E-05 9.9964E-05 0.0157828 9.9964E-05 0.983817 9.9964E-05
0.000972162 9.9973E-05 0.0290971 9.9973E-05 0.969631 9.9973E-05
0.00681207 9.9973E-05 9.9973E-05 0.000218716 0.992669 9.9973E-05
0.00705223 9.9973E-05 9.9973E-05 0.0448015 0.947846 9.9973E-05
0.124737 9.9964E-05 9.9964E-05 9.9964E-05 0.874863 9.9964E-05
9.9964E-05 9.9964E-05 0.0887136 9.9964E-05 0.910887 9.9964E-05
9.9973E-05 9.9973E-05 0.180839 0.0185868 0.800274 9.9973E-05
0.0170641 0.0657369 0.900695 0.0100607 0.00634372 9.9991E-05
0.0937215 9.9973E-05 0.835096 9.9973E-05 0.0708822 9.9973E-05
0.00707674 0.0293659 0.875799 0.0875583 9.9982E-05 9.9982E-05
0.0440252 9.9982E-05 0.821392 9.9982E-05 0.0974159 0.0369672
9.9982E-05 0.0134479 0.892602 0.0827465 0.0110032 9.9982E-05
9.9973E-05 9.9973E-05 0.897997 9.9973E-05 0.0541556 0.0475474
0.0418744 9.9991E-05 0.705814 0.130676 0.105128 0.0164078
9.9991E-05 0.0141014 0.85374 0.0918088 0.019766 0.0204834
9.9982E-05 0.0305284 0.704223 0.117107 0.147941 9.9982E-05
0.0564628 9.9982E-05 0.918563 0.0236757 9.9982E-05 0.00109847
9.9973E-05 0.0180954 0.934758 9.9973E-05 0.0468466 9.9973E-05
9.9982E-05 0.0626783 0.843128 0.064227 0.0297671 9.9982E-05
0.0372687 9.9973E-05 0.950857 9.9973E-05 0.0115741 9.9973E-05
0.0678924 9.9982E-05 0.902416 0.0287889 9.9982E-05 0.00070295
0.0617385 0.0336326 0.87056 0.0338694 9.9982E-05 9.9982E-05
0.163567 9.9973E-05 0.816476 0.019657 9.9973E-05 9.9973E-05
0.0740883 9.9973E-05 0.782354 0.143258 9.9973E-05 9.9973E-05
0.147774 9.9973E-05 0.775882 0.0760436 9.9973E-05 9.9973E-05
0.149248 9.9973E-05 0.803132 0.0473202 9.9973E-05 9.9973E-05
0.412338 0.039048 0.151978 0.0253649 0.0861317 0.285139
0.761133 0.01613 0.0970663 9.9982E-05 9.9982E-05 0.125471
0.629715 0.132061 0.0623529 9.9991E-05 0.0624487 0.113323
0.196365 0.0499887 0.0418685 9.9982E-05 9.9982E-05 0.711578
0.568255 0.0182282 0.0865471 9.9991E-05 0.162528 0.164342
0.156095 9.9973E-05 0.15093 9.9973E-05 9.9973E-05 0.692675
0.675636 9.9973E-05 0.143882 9.9973E-05 9.9973E-05 0.180182
0.484188 0.0440378 0.109734 9.9991E-05 0.159779 0.202161
0.575433 0.130345 0.0711899 0.000492166 0.00686726 0.215672
0.554465 0.305484 0.0756887 0.0157488 0.027717 0.0208964
0.505594 9.9982E-05 0.0694676 9.9982E-05 0.185068 0.239671
0.691533 0.0605668 0.12402 9.9991E-05 0.0363358 0.087444
0.648894 9.9982E-05 0.0922548 9.9982E-05 0.1483 0.110351
0.120368 0.127699 9.9991E-05 0.049133 0.417473 0.285227
0.0211539 0.0623297 0.0607479 9.9991E-05 0.0644564 0.791212
0.233968 9.9982E-05 0.0316654 9.9982E-05 0.0489461 0.68522
0.631771 0.0391738 0.0510933 0.0882583 0.0935021 0.0962012
0.540943 0.056802 0.126311 9.9991E-05 0.0342346 0.241609
0.598575 0.0665868 0.116311 9.9982E-05 9.9982E-05 0.218326
0.539332 0.134534 0.0785932 0.13031 9.9991E-05 0.117131
0.624803 9.9991E-05 0.201731 0.104379 0.00958783 0.0593988
0.56213 9.9991E-05 0.178533 0.15574 0.0703312 0.0331659
0.131617 0.0563918 0.387248 0.153364 0.147119 0.124259
0.564282 0.111029 0.161995 0.0897705 0.0728234 9.9991E-05
0.378236 9.9991E-05 0.236872 0.145078 0.077305 0.162409
9.9973E-05 9.9973E-05 0.403764 0.158851 9.9973E-05 0.437085
0.352024 0.0292756 0.292369 0.167912 9.9991E-05 0.158319
0.237927 0.0949472 0.334806 0.201104 0.0425208 0.0886949
0.399101 0.0723436 0.299927 0.124552 0.103977 9.9991E-05
0.467456 0.0791586 0.196366 0.122403 0.0764237 0.0581936
0.590231 9.9991E-05 0.12009 0.118839 0.0600226 0.110718
0.618405 0.0117713 0.18242 0.171875 9.9991E-05 0.0154288
0.420835 0.12927 0.249371 0.0845608 0.0124456 0.103518
0.243482 0.144728 0.465003 0.146587 9.9982E-05 9.9982E-05
