0.049096 9.9973E-05 9.9973E-05 9.9973E-05 0.881364 0.0692404
9.9964E-05 0.0414162 9.9964E-05 9.9964E-05 0.958184 9.9964E-05
0.0240879 9.9982E-05 0.141127 9.9982E-05 0.815386 0.0191999
0.0584175 9.9982E-05 0.0711766 9.9982E-05 0.7875 0.0827057
0.0450398 9.9991E-05 0.0342035 0.0182387 0.882729 0.0196887
0.0373716 0.112544 0.0455057 0.0797397 0.664074 0.0607651
9.9973E-05 0.065185 9.9973E-05 0.0761384 0.858377 9.9973E-05
0.0404237 9.9982E-05 9.9982E-05 0.167736 0.687731 0.103909
9.9982E-05 0.038569 9.9982E-05 0.0411388 0.8288 0.0912919
0.065506 0.0041948 0.129878 0.0996597 0.700662 9.9991E-05
9.9982E-05 9.9982E-05 0.0944236 0.0378927 0.762445 0.105038
0.0257522 0.150863 0.339478 9.9982E-05 9.9982E-05 0.483706
0.0609277 0.0916291 0.502861 0.0592312 9.9991E-05 0.285251
0.0519758 0.108081 0.29023 0.144905 0.00460208 0.400207
0.162615 0.0975851 0.284282 0.106494 9.9991E-05 0.348924
0.129927 0.0726406 0.346277 0.0635692 0.142079 0.245508
0.136804 9.9991E-05 0.596579 0.0783701 0.0125272 0.175619
0.0874638 0.230069 0.409373 0.0284811 0.00963761 0.234976
0.0526906 0.0821052 0.373407 0.0694704 0.129636 0.292692
0.0887173 0.0700152 0.0290789 0.209438 0.00654101 0.596209
0.0789841 0.25052 0.374823 0.0959787 9.9991E-05 0.199594
0.0859583 0.108101 0.421856 0.195334 0.0405095 0.148241
9.999E-05 0.121872 0.551116 0.0513097 0.0941983 0.181403
0.116084 0.158893 0.279232 0.0525185 0.0169863 0.376286
0.0883509 0.0712543 0.582513 0.0211812 0.116386 0.120315
0.0989327 0.069383 0.481217 0.0550613 0.0357805 0.259625
0.12765 0.212247 0.17381 9.9991E-05 0.0227998 0.463393
0.199153 0.145149 0.192488 0.033314 0.0253952 0.404501
0.0408513 0.136154 0.249776 0.093312 9.9991E-05 0.479807
0.0576612 9.9973E-05 0.101338 9.9973E-05 0.840701 9.9973E-05
9.9964E-05 9.9964E-05 0.163065 9.9964E-05 0.836535 9.9964E-05
0.00319701 0.030218 0.156644 9.9982E-05 0.809741 9.9982E-05
0.0795738 0.0782903 0.0858846 9.9982E-05 0.756051 9.9982E-05
9.999E-05 0.273939 0.526741 0.0501909 0.0123231 0.136707
0.0789108 0.342995 0.447026 0.00678652 0.114858 0.00942423
0.0135736 0.448697 0.481473 9.9982E-05 0.056056 9.9982E-05
9.9982E-05 0.17839 0.173438 9.9982E-05 0.161356 0.486615
9.9982E-05 0.555606 0.334994 0.0753924 0.0338078 9.9982E-05
0.0443326 0.268661 0.464465 0.0187722 0.0785276 0.125242
0.0565126 0.290883 0.619452 0.0317813 0.00127049 9.9991E-05
0.0220302 0.137986 0.610762 0.0408572 0.10427 0.0840945
9.9991E-05 0.188082 0.592646 0.0248671 0.127013 0.0672922
9.9991E-05 0.757487 0.0786266 0.0212905 0.083516 0.0589798
0.0521873 0.127349 0.596564 0.158191 0.0376181 0.0280906
0.164266 0.307763 0.409117 0.0781854 0.0108654 0.0298038
0.0251863 0.130764 0.585189 0.0891441 0.14655 0.0231667
9.9964E-05 0.72089 0.27871 9.9964E-05 9.9964E-05 9.9964E-05
0.0694172 0.299495 0.561395 0.0199419 0.0453802 0.00437095
0.0805218 0.26537 0.542281 9.9982E-05 0.111627 9.9982E-05
9.9973E-05 0.597593 9.9973E-05 0.339915 0.0621914 9.9973E-05
9.9982E-05 0.241846 0.211454 0.130495 9.9982E-05 0.416005
0.0332711 0.277272 0.103044 0.379354 0.00232315 0.204736
0.0446712 0.123363 0.546039 9.9991E-05 0.0262772 0.259549
9.9982E-05 9.9982E-05 0.739726 0.0133849 0.0970548 0.149634
0.0415462 0.139662 0.57354 0.146535 0.0986164 9.9991E-05
9.9991E-05 0.222383 0.211471 0.142083 0.0756534 0.34831
0.0317011 9.9991E-05 0.633332 0.0753087 0.0310086 0.22855
0.0775098 0.0571664 0.562663 0.102143 0.0313864 0.169132
9.9991E-05 0.219956 0.367685 0.0769215 0.113861 0.221477
0.0594896 0.150347 0.0975367 0.202637 0.148267 0.341723
0.0961174 0.218124 0.469825 0.0217124 0.0517187 0.142503
0.0597699 0.0843253 0.433045 0.112402 0.0266316 0.283826
9.9991E-05 0.339214 0.0121601 0.0883177 0.0789206 0.481288
0.0123018 0.0602492 0.515528 0.159948 9.9991E-05 0.251873
0.0781531 0.0844183 0.626641 0.147276 0.0130768 0.050435
0.100969 0.185305 0.50254 0.0146255 0.0905688 0.105992
0.106811 0.202122 0.24633 0.0993942 0.0375839 0.307759
0.120046 0.150745 0.444252 0.026694 0.00223923 0.256023
0.0096935 0.0849803 0.63108 9.9991E-05 0.113769 0.160376
9.9982E-05 0.150624 0.235625 0.214306 9.9982E-05 0.399246
0.0169819 0.428873 0.485224 9.9982E-05 9.9982E-05 0.0687215
0.0168252 0.728986 0.132566 9.9991E-05 0.0103677 0.111156
0.0918632 0.323367 0.413031 0.0421904 0.0730472 0.0565018
9.9973E-05 0.847233 9.9973E-05 0.126413 0.0260545 9.9973E-05
9.9973E-05 0.837268 9.9973E-05 0.130891 9.9973E-05 0.0315413
9.9964E-05 0.736923 0.262677 9.9964E-05 9.9964E-05 9.9964E-05
9.9982E-05 0.493399 0.408663 9.9982E-05 0.0240311 0.073707
0.020874 0.273477 0.501214 0.0722819 0.132052 9.9991E-05
9.9991E-05 0.488557 0.429066 0.038678 0.0351257 0.00847364
0.0310507 0.601222 0.110449 9.9991E-05 0.0715912 0.185587
9.9982E-05 0.50987 0.242237 9.9982E-05 0.0406327 0.20706
0.112651 0.314238 0.419824 9.9991E-05 0.114495 0.0386919
0.0477905 0.641967 0.222338 9.9991E-05 0.0332365 0.0545676
0.000516147 0.455478 0.406782 9.9991E-05 0.0475706 0.0895537
9.9973E-05 0.611547 0.386573 0.00157991 9.9973E-05 9.9973E-05
0.010724 0.739794 9.9982E-05 0.232122 0.0171599 9.9982E-05
0.0816583 0.267839 0.517302 0.0798387 9.9991E-05 0.053261
9.9973E-05 9.9973E-05 0.135713 9.9973E-05 0.808659 0.0553286
9.9964E-05 9.9964E-05 0.078414 9.9964E-05 0.921186 9.9964E-05
0.0446364 9.9973E-05 0.0873187 9.9973E-05 0.867745 9.9973E-05
0.00522358 0.0204615 0.0515989 9.9982E-05 0.922516 9.9982E-05
9.9973E-05 0.027974 0.105133 9.9973E-05 0.866593 9.9973E-05
0.0214543 0.00495439 0.0742485 9.9982E-05 0.899143 9.9982E-05
9.9964E-05 9.9964E-05 0.094649 9.9964E-05 0.904951 9.9964E-05
0.0101619 0.272282 0.445918 0.0120042 0.203112 0.0565221
0.111597 0.21563 0.461043 0.000570185 0.0769131 0.134246
9.9982E-05 0.840194 9.9982E-05 0.00184964 0.0308749 0.126881
0.0545874 0.226771 0.572018 0.00666158 0.116583 0.0233788
0.051404 0.490097 0.373599 9.9991E-05 0.031871 0.0529293
0.0165828 0.324502 0.587863 0.0170318 0.0539199 9.9991E-05
0.0625292 0.238914 0.563741 0.0915667 9.9991E-05 0.0431485
0.05605 0.520004 0.401912 9.9982E-05 0.0218335 9.9982E-05
9.9973E-05 0.790862 9.9973E-05 9.9973E-05 0.0711 0.137738
0.0455365 0.149644 0.562006 0.0668014 0.122481 0.0535302
9.9982E-05 0.261689 0.611997 9.9982E-05 0.063201 0.0629126
0.0991487 0.177265 0.511863 0.0276772 0.0561462 0.1279
0.0397534 0.530974 0.230821 0.197771 0.000581293 9.9991E-05
9.9982E-05 0.48627 0.470995 0.0343381 0.00819688 9.9982E-05
0.0281731 0.439792 0.394699 0.0336076 9.9991E-05 0.103629
0.136106 0.674074 0.18952 9.9973E-05 9.9973E-05 9.9973E-05
9.9982E-05 0.434115 0.422346 9.9982E-05 0.0403682 0.102971
9.9991E-05 0.136003 0.563833 0.100087 0.0835156 0.116462
0.0659173 0.193227 0.151117 0.243086 9.9991E-05 0.346552
0.111975 0.0973414 0.370125 0.0851531 0.077416 0.25799
0.0539613 9.9991E-05 0.570836 0.0550276 0.128201 0.191873
0.111804 0.19257 0.537556 0.0267078 0.0255831 0.105779
9.9982E-05 0.0257922 0.563392 9.9982E-05 0.0382299 0.372386
0.0615154 0.0224371 0.549652 0.0383691 9.9991E-05 0.327926
0.0447481 0.0995072 0.506022 9.9991E-05 0.00863649 0.340986
9.9991E-05 0.0456795 0.55181 0.191288 0.105431 0.105691
0.0647312 0.0707851 0.617988 0.0806518 0.0447044 0.12114
9.9991E-05 0.167403 0.600983 0.0342965 0.0234088 0.173808
9.9973E-05 0.116057 0.555042 9.9973E-05 9.9973E-05 0.328602
0.00244927 0.0162853 0.708674 0.132368 0.035346 0.104878
0.14584 0.171864 0.418042 0.0590248 0.101717 0.103512
0.0758031 0.0832788 0.568689 9.9982E-05 9.9982E-05 0.272029
0.0010934 9.9991E-05 0.582344 0.116609 0.116882 0.182972
0.107366 9.9982E-05 0.552367 9.9982E-05 0.03797 0.302097
0.0186004 0.0773954 0.402297 0.190071 0.147315 0.164321
0.143933 0.127423 0.559365 0.0451752 9.9991E-05 0.124004
0.0496527 9.9982E-05 0.626212 0.151357 9.9982E-05 0.172579
0.0968937 0.179496 0.23054 0.0219894 0.000150563 0.47093
0.054106 0.203026 0.135625 0.372512 9.9991E-05 0.234631
0.0165526 0.112526 0.521722 0.0532509 0.089113 0.206836
0.0488161 0.212849 0.118227 0.314158 9.9991E-05 0.30585
0.0110311 0.197203 0.255736 0.0769766 0.0460643 0.412989
9.9973E-05 0.232354 0.422299 9.9973E-05 9.9973E-05 0.345047
9.9982E-05 0.19436 0.372249 9.9982E-05 0.0187488 0.414442
9.9991E-05 0.144086 0.335912 0.00239139 0.0267952 0.490716
0.0602253 0.109316 0.617488 0.0373011 0.134601 0.0410681
0.126936 0.0778337 0.584215 0.119472 0.0162438 0.0753007
0.00678064 0.156203 0.590162 0.00465391 0.0337673 0.208433
0.0359902 0.104418 0.233517 0.343253 9.9991E-05 0.282721
0.0506088 0.107001 0.494668 0.0910328 0.176513 0.0801762
0.0841751 0.158533 0.439969 0.235567 0.0129274 0.0688281
9.9982E-05 0.209036 9.9982E-05 0.552292 0.142471 0.0960011
9.9982E-05 0.0610705 0.74093 0.0929047 0.104895 9.9982E-05
9.9991E-05 0.0974453 0.416616 0.347801 0.0825245 0.0555129
0.0574063 0.0478809 0.538498 0.196159 0.0773556 0.0826998
9.9991E-05 0.0945111 0.302488 0.406482 0.0716617 0.124758
9.9991E-05 0.160837 0.209463 0.418214 0.0562865 0.155099
9.9982E-05 0.139753 0.451418 0.274413 9.9982E-05 0.134216
0.0759624 0.018389 0.543403 0.173472 0.105447 0.0833271
9.9991E-05 0.044029 0.515811 0.240613 0.0748011 0.124646
0.198501 0.206886 9.9991E-05 0.452409 0.0020554 0.140048
0.109787 0.085958 0.565285 0.137358 0.069556 0.0320567
9.9982E-05 0.233562 0.387017 0.268956 9.9982E-05 0.110266
9.9982E-05 0.163659 0.544121 0.187561 9.9982E-05 0.104459
0.0618692 0.113845 0.521762 0.123062 0.124943 0.0545183
0.247953 9.9982E-05 0.183733 0.283159 0.284955 9.9982E-05
0.114041 9.9973E-05 9.9973E-05 0.34071 0.544948 9.9973E-05
0.150182 9.9973E-05 9.9973E-05 0.430403 0.419114 9.9973E-05
0.359837 9.9991E-05 0.0587771 0.169636 0.364907 0.046744
9.9982E-05 0.0908034 0.681496 0.208994 9.9982E-05 0.0185065
0.120505 0.125541 0.476235 0.094421 0.0981044 0.0851937
0.709069 9.9973E-05 0.280383 9.9973E-05 9.9973E-05 0.010248
0.426716 0.0694775 0.393089 9.9991E-05 0.0184198 0.0921973
0.419109 0.0840916 0.337788 0.0246857 0.0767993 0.0575269
9.9982E-05 0.124104 0.382947 0.468897 9.9982E-05 0.023852
0.0632599 0.170196 0.457482 0.132745 0.164434 0.0118841
9.9982E-05 0.162849 0.189711 0.62472 9.9982E-05 0.02252
9.9982E-05 0.0951029 0.610338 0.286987 0.00737265 9.9982E-05
0.050601 0.175783 0.443253 0.257954 9.9991E-05 0.0723092
0.0206035 0.0137952 0.644603 0.267866 9.9991E-05 0.0530322
9.9982E-05 0.170824 0.226164 0.564557 9.9982E-05 0.0382553
0.128006 0.159058 0.610722 0.087043 0.0150705 9.9991E-05
0.0972008 0.122214 0.526407 0.176986 0.0346756 0.0425171
0.970177 0.0294229 9.9964E-05 9.9964E-05 9.9964E-05 9.9964E-05
0.886658 9.9973E-05 0.111034 9.9973E-05 9.9973E-05 0.00200782
0.58772 0.06959 0.200387 9.9991E-05 0.0493866 0.0928155
0.655019 9.9982E-05 0.274476 9.9982E-05 0.0039446 0.0663608
0.866795 0.0193442 0.0708894 9.9991E-05 0.0261681 0.0167028
0.9995 9.996E-05 9.996E-05 9.996E-05 9.996E-05 9.996E-05
0.9995 9.996E-05 9.996E-05 9.996E-05 9.996E-05 9.996E-05
0.835137 9.9964E-05 0.164464 9.9964E-05 9.9964E-05 9.9964E-05
0.9995 9.996E-05 9.996E-05 9.996E-05 9.996E-05 9.996E-05
0.9995 9.996E-05 9.996E-05 9.996E-05 9.996E-05 9.996E-05
0.9995 9.996E-05 9.996E-05 9.996E-05 9.996E-05 9.996E-05
0.755154 9.9973E-05 0.221996 9.9973E-05 0.0225499 9.9973E-05
0.874423 9.9982E-05 0.0423221 0.014139 9.9982E-05 0.0689157
0.972477 0.0215881 9.9973E-05 9.9973E-05 9.9973E-05 0.00563486
0.43242 0.0846143 0.315542 9.9982E-05 9.9982E-05 0.167224
0.634173 9.9982E-05 0.26254 9.9982E-05 0.0154311 0.0876554
0.790323 9.9982E-05 0.131538 9.9982E-05 0.0160623 0.0618768
0.87432 9.9973E-05 0.0742276 9.9973E-05 9.9973E-05 0.0511523
0.9995 9.996E-05 9.996E-05 9.996E-05 9.996E-05 9.996E-05
0.831571 9.9973E-05 0.098335 9.9973E-05 0.0697944 9.9973E-05
0.9995 9.996E-05 9.996E-05 9.996E-05 9.996E-05 9.996E-05
0.640768 9.9982E-05 0.244292 0.0407982 9.9982E-05 0.0739422
0.897778 0.0237474 0.0781747 9.9973E-05 9.9973E-05 9.9973E-05
0.0648441 9.9973E-05 9.9973E-05 0.614079 0.320777 9.9973E-05
0.0313181 9.9991E-05 0.436433 0.185049 0.189852 0.157247
0.0128623 0.0169353 0.493044 0.231594 0.245465 9.9991E-05
0.111314 0.0456862 0.146021 0.452438 0.244441 9.9991E-05
0.109463 0.13964 0.418717 0.187982 0.144098 9.9991E-05
0.0671317 9.9982E-05 0.284621 0.404084 0.243963 9.9982E-05
0.0302137 9.9991E-05 0.495045 0.265082 0.184057 0.025503
0.182609 9.9982E-05 0.344265 0.350253 0.122673 9.9982E-05
0.186271 0.0111097 0.42932 0.221736 0.062633 0.08893
0.173351 9.9982E-05 0.36417 0.304272 0.158007 9.9982E-05
0.0766175 0.0466651 0.450831 0.278564 0.138316 0.00900661
9.9991E-05 0.00505237 0.0491249 0.0495447 0.809423 0.0867553
0.0333779 9.9982E-05 0.0302727 0.0152125 0.920937 9.9982E-05
9.9973E-05 9.9973E-05 9.9973E-05 0.00788261 0.969351 0.0224664
9.9982E-05 9.9982E-05 0.0357099 0.0308231 0.929268 0.00399897
9.9982E-05 9.9982E-05 0.0510904 0.0329539 0.899225 0.0165309
0.121506 9.9964E-05 9.9964E-05 9.9964E-05 0.878094 9.9964E-05
0.0795499 0.0100136 0.0260895 9.9982E-05 0.884147 9.9982E-05
9.9973E-05 9.9973E-05 9.9973E-05 0.0952295 0.877909 0.0265614
0.0282088 0.0273603 0.00529871 0.00907027 0.929962 9.9991E-05
0.0992523 9.9982E-05 9.9982E-05 0.012028 0.842421 0.0460989
9.9973E-05 0.113088 9.9973E-05 9.9973E-05 0.63606 0.250552
0.0149994 0.0695253 9.9982E-05 9.9982E-05 0.613434 0.301841
9.9982E-05 0.0989532 9.9982E-05 0.115262 0.548376 0.237209
9.9982E-05 0.103471 9.9982E-05 0.0722845 0.496156 0.32789
0.0349697 0.309259 0.513033 9.9991E-05 0.03433 0.108307
0.104708 0.364545 0.421194 9.9991E-05 0.00964753 0.0998054
0.0710931 0.207305 0.472375 0.112365 9.9991E-05 0.136761
9.9982E-05 0.349682 0.387754 9.9982E-05 0.0897058 0.172658
0.0145495 0.198825 0.179982 9.9991E-05 0.020063 0.586481
0.0175986 0.241885 0.607625 0.052769 0.0800226 9.9991E-05
0.00956209 0.284833 0.58574 0.0236722 9.9991E-05 0.0960931
0.0180195 0.238152 0.496095 0.116711 9.9991E-05 0.130923
0.0532931 0.545904 0.295006 0.105597 9.9982E-05 9.9982E-05
0.0760345 0.089558 0.635231 0.0409202 0.0179894 0.140266
9.9982E-05 0.354285 0.482989 0.0355689 9.9982E-05 0.126957
9.9973E-05 0.818827 9.9973E-05 0.145458 9.9973E-05 0.0354145
9.9991E-05 0.0535272 0.640764 0.122052 0.0507999 0.132757
0.0047711 0.562179 0.258412 0.172913 9.9991E-05 0.00162493
9.9982E-05 0.356049 0.560799 0.0468642 9.9982E-05 0.0360879
9.9982E-05 0.654647 0.11267 9.9982E-05 0.0224616 0.210021
0.0118 9.9982E-05 9.9982E-05 0.0536321 0.113223 0.821145
9.9982E-05 9.9982E-05 0.0462954 0.0959504 0.109202 0.748352
9.9982E-05 9.9982E-05 0.0101553 0.0972287 0.045276 0.84714
9.9982E-05 0.0160703 9.9982E-05 0.0638695 0.107576 0.812285
9.9973E-05 9.9973E-05 0.0506584 0.106952 9.9973E-05 0.84209
0.057167 9.9991E-05 0.0534901 0.0337852 0.0351323 0.820325
0.0261817 0.0264341 0.0582532 9.9982E-05 0.888931 9.9982E-05
0.048395 9.9982E-05 0.0603289 9.9982E-05 0.79774 0.0933359
0.117873 9.9982E-05 0.094335 9.9982E-05 0.736731 0.0508603
0.157951 9.9982E-05 0.0139062 9.9982E-05 0.747178 0.0807647
0.114787 9.9991E-05 0.0547249 0.00472231 0.764137 0.0615285
9.9973E-05 9.9973E-05 9.9973E-05 0.062959 0.373565 0.563176
9.9982E-05 0.0581162 9.9982E-05 0.094764 0.464198 0.382722
9.9982E-05 0.0951325 9.9982E-05 0.0141252 0.43115 0.459392
0.0283966 9.9982E-05 0.135672 9.9982E-05 0.820574 0.0151577
9.9982E-05 0.102779 9.9982E-05 0.0349118 0.358501 0.503608
0.396533 9.9982E-05 0.197367 0.23108 0.17482 9.9982E-05
0.143493 9.9991E-05 0.636516 0.0930718 0.117405 0.00941465
0.247029 9.9973E-05 0.574903 9.9973E-05 0.177768 9.9973E-05
0.172762 0.0626905 0.373099 0.128832 0.262517 9.9991E-05
0.140666 0.0771959 0.498444 0.100445 0.132793 0.0504548
0.283011 9.9973E-05 9.9973E-05 0.246628 0.470061 9.9973E-05
9.9991E-05 0.117319 0.482049 0.0552744 0.0189062 0.326352
9.9982E-05 0.131462 0.378303 0.294606 9.9982E-05 0.195429
0.0254432 0.0768674 0.316316 9.9991E-05 0.0923321 0.488941
0.0124155 0.176937 0.506884 0.123308 9.9991E-05 0.180356
9.9973E-05 0.243764 9.9973E-05 0.567323 9.9973E-05 0.188613
0.0718268 0.0693964 0.58606 0.0666543 0.0572352 0.148827
0.0259616 0.163777 0.505035 0.134891 9.9991E-05 0.170235
9.9991E-05 0.144923 0.355873 0.02616 0.0401922 0.432752
0.153687 0.187094 0.355377 0.0961835 0.0591266 0.148531
9.9982E-05 0.226859 0.106994 0.389048 9.9982E-05 0.276899
0.0264473 9.9982E-05 0.497059 0.320236 9.9982E-05 0.156057
0.10399 0.150611 0.444421 0.0362349 9.9991E-05 0.264643
0.202707 0.130783 0.364378 0.0770272 0.168982 0.0561225
9.9982E-05 0.0608574 0.410845 0.229116 9.9982E-05 0.298981
0.0219457 0.107925 0.457011 0.120581 0.0563591 0.236179
0.0934718 0.156079 0.477698 0.151916 9.9991E-05 0.120735
0.0291434 0.163552 0.517732 0.0746603 0.0417824 0.17313
0.0793509 0.069326 0.577607 0.10676 0.0330072 0.133949
0.128833 0.131932 0.492159 0.0245797 0.114201 0.108296
9.9991E-05 0.0985418 0.561898 0.0564715 0.0795513 0.203437
0.0842257 9.9973E-05 0.136308 9.9973E-05 0.779166 9.9973E-05
0.0273022 0.0239833 0.0806759 0.00763742 0.860301 9.9991E-05
9.9991E-05 0.0246175 0.0817894 0.0515019 0.795823 0.0461682
0.0280225 0.0744961 0.049805 9.9991E-05 0.791073 0.0565038
0.020251 9.9973E-05 0.141314 9.9973E-05 0.838135 9.9973E-05
0.0433464 0.0989294 0.212403 0.104801 9.9991E-05 0.540421
0.0637973 0.0857883 0.485446 0.130701 0.101055 0.133213
0.158726 9.9982E-05 0.424032 0.172888 0.244154 9.9982E-05
0.0244451 0.00820171 0.720269 0.0722539 9.9991E-05 0.17473
9.9982E-05 0.0953391 0.526893 9.9982E-05 0.0879674 0.289601
0.085878 9.9982E-05 0.333649 0.232355 9.9982E-05 0.347918
9.9991E-05 0.124655 0.0378629 0.111769 0.124705 0.600909
9.9991E-05 0.106822 0.524519 0.00990728 0.000405049 0.358246
0.0110774 0.13617 0.105595 0.13326 0.0976651 0.516232
0.0232447 0.161303 0.452463 0.189435 0.0425166 0.131038
0.00106067 0.0643844 0.172011 0.0314628 0.143905 0.587177
0.0747838 9.9991E-05 0.583848 0.0166053 0.0917981 0.232865
9.9991E-05 0.0970059 0.24903 0.00717238 0.150416 0.496276
0.0985101 0.124433 0.335122 0.177285 9.9991E-05 0.264549
0.00589089 0.0240251 0.527264 0.247207 0.0787102 0.116903
9.9973E-05 9.9973E-05 0.38156 0.509026 9.9973E-05 0.109114
9.9982E-05 9.9982E-05 0.610049 0.254653 0.0266258 0.108472
9.9982E-05 9.9982E-05 0.641315 0.215982 0.116891 0.0256118
9.9982E-05 0.0183115 0.411815 0.466258 9.9982E-05 0.103416
0.0762106 0.154084 0.419008 0.16065 0.0763747 0.113672
9.9982E-05 0.116411 0.537155 0.273108 0.0731253 9.9982E-05
9.9982E-05 0.141954 0.158634 0.59997 9.9982E-05 0.0992422
9.9973E-05 0.0813007 0.307938 0.610461 9.9973E-05 9.9973E-05
9.9964E-05 9.9964E-05 0.540802 0.458798 9.9964E-05 9.9964E-05
9.9982E-05 0.155495 0.166748 0.569301 9.9982E-05 0.108257
9.9982E-05 0.0407145 0.509328 0.266987 9.9982E-05 0.18277
9.9991E-05 0.165881 0.151038 0.0580599 0.00718093 0.617741
9.9982E-05 0.120605 0.299409 0.238715 9.9982E-05 0.341072
0.0935116 0.0324589 0.401046 9.9991E-05 0.0254574 0.447426
0.0835405 0.0552353 0.630106 9.9991E-05 0.0519637 0.179055
0.0156658 0.262711 0.214079 9.9982E-05 9.9982E-05 0.507345
0.0582994 0.143671 0.435683 0.14176 0.134055 0.0865314
0.0788699 0.112505 0.576823 0.0383615 0.0687374 0.124704
0.0640982 0.0455608 0.493163 0.049431 0.0924951 0.255252
0.098383 0.0328701 0.489135 0.0757163 9.9991E-05 0.303796
0.0790439 0.12796 0.433135 9.9982E-05 9.9982E-05 0.359662
0.0589082 0.214669 0.2481 9.9982E-05 9.9982E-05 0.478123
0.110089 0.167497 0.275374 0.0102652 9.9991E-05 0.436675
0.0176077 0.0821631 0.629474 0.0878772 9.9991E-05 0.182778
0.0301082 0.0765882 0.64948 0.1203 0.0305879 0.0929358
0.0394988 0.0673816 0.44772 0.154887 0.0806687 0.209843
0.0848787 0.0651844 0.473275 0.071823 9.9991E-05 0.304739
0.0802091 9.9991E-05 0.386138 0.0524897 0.0577626 0.4233
0.040231 9.9982E-05 0.6459 0.0117304 9.9982E-05 0.301939
0.116152 0.078472 0.484766 0.0194586 9.9991E-05 0.301051
0.123889 0.00530571 0.513427 0.0572353 0.0460242 0.25412
0.164093 0.113297 0.326262 0.00982007 0.386427 9.9991E-05
0.235132 9.9982E-05 0.470506 0.193229 0.100933 9.9982E-05
0.0739729 9.9991E-05 0.567145 0.133262 0.20772 0.0177998
0.152259 0.0471554 0.556819 0.138134 0.00495018 0.100682
0.250073 0.10207 0.409567 9.9991E-05 0.198986 0.0392037
9.9982E-05 0.0305975 0.532708 0.259868 9.9982E-05 0.176627
0.147054 0.134794 0.455405 0.123696 0.128209 0.0108416
0.0988438 0.145222 0.0562643 0.440171 0.259399 9.9991E-05
0.221404 9.9991E-05 0.456014 0.121718 0.0627707 0.137994
0.19263 0.0836317 0.56228 9.9991E-05 0.0733612 0.0879972
0.287131 0.00496193 0.394708 0.0664291 0.0795129 0.167257
0.143954 0.102812 0.281788 0.145787 0.21657 0.10909
0.168013 0.00429295 0.526353 0.07838 0.173954 0.0490078
0.229947 9.9982E-05 0.51077 0.093694 0.165389 9.9982E-05
0.175728 0.0030817 9.9982E-05 0.323477 0.497513 9.9982E-05
0.245244 9.9991E-05 0.485681 0.107295 0.160225 0.00145503
0.170163 9.9982E-05 0.619777 0.0443308 0.165529 9.9982E-05
0.131948 0.0615008 0.611917 0.0907684 0.0400994 0.0637658
0.155341 9.9982E-05 0.583307 0.0956114 0.16554 9.9982E-05
0.0865451 9.9991E-05 0.49209 0.165076 0.179336 0.0768526
0.0564639 0.171983 0.486728 0.234504 9.9991E-05 0.0502213
0.0108922 0.113661 0.644973 0.197787 0.0325874 9.9991E-05
9.9982E-05 0.333371 0.0266361 0.522264 9.9982E-05 0.117529
9.9982E-05 0.256952 0.0560463 0.608715 9.9982E-05 0.0780872
0.0975665 0.158609 0.474981 0.258288 0.0104549 9.9991E-05
0.30546 9.9991E-05 0.443551 0.169464 0.0721617 0.0092635
0.314663 0.0207479 0.344957 0.230823 0.0887092 9.9991E-05
0.305995 0.00192258 0.170032 0.330227 0.191723 9.9991E-05
0.266614 9.9982E-05 0.353503 0.184437 0.195245 9.9982E-05
0.0798054 9.9982E-05 0.197488 0.712809 0.0096979 9.9982E-05
0.147807 0.0842671 0.203849 0.540521 0.0234556 9.9991E-05
0.194659 0.124214 0.453601 0.171965 9.9991E-05 0.0554614
0.0886874 0.172319 0.459156 0.23121 0.0274175 0.0212094
0.131131 0.153028 0.217484 0.474675 0.0235826 9.9991E-05
0.140382 0.0615791 0.469055 0.246765 0.0235816 0.0586376
0.103474 0.149082 0.548642 0.172554 0.0173213 0.0089268
0.149497 0.076998 0.501883 0.179899 0.0916228 9.9991E-05
9.9982E-05 0.240274 0.361056 0.333942 9.9982E-05 0.0645284
0.0695433 0.235491 0.338235 0.254877 0.01112 0.0907336
0.0506443 0.153865 0.52938 0.202839 0.00787397 0.0553979
9.9991E-05 0.0280438 0.507964 0.297254 0.0207699 0.145869
0.00429745 0.137763 0.42643 0.179582 0.155843 0.0960844
9.9982E-05 0.124633 0.479991 0.301457 9.9982E-05 0.0937194
9.9982E-05 0.146174 0.266177 0.480137 9.9982E-05 0.107312
9.9973E-05 0.305699 0.551328 0.142673 9.9973E-05 9.9973E-05
0.183728 0.225016 0.351156 0.0597054 0.0816301 0.098765
0.0316027 0.282848 0.20535 0.37816 9.9991E-05 0.10194
9.9973E-05 0.160895 0.473936 0.364869 9.9973E-05 9.9973E-05
0.0379431 0.225937 0.487108 0.125406 0.066946 0.0566606
0.00456188 0.151694 0.559483 0.255551 0.0286097 9.9991E-05
0.154701 9.9982E-05 0.563103 0.150483 0.131514 9.9982E-05
0.131122 9.9991E-05 0.507903 0.133425 0.144681 0.0827675
0.242579 0.0238032 0.32005 0.163655 0.174749 0.0751647
0.196167 9.9991E-05 0.358248 0.220825 0.162856 0.0618037
0.182647 0.104265 0.447682 0.0546072 0.0667619 0.144037
0.184555 0.106997 0.413093 0.0743531 0.163018 0.0579837
0.18604 0.12345 9.9991E-05 0.515823 0.122371 0.052216
0.217232 0.00243705 0.546385 0.166944 0.0506685 0.0163336
0.152552 9.9973E-05 9.9973E-05 0.497855 0.349293 9.9973E-05
0.218515 0.10928 0.505866 0.166139 9.9982E-05 9.9982E-05
9.9973E-05 0.421389 0.10441 0.473901 9.9973E-05 9.9973E-05
9.9973E-05 0.376044 9.9973E-05 0.526375 9.9973E-05 0.0972805
9.9973E-05 0.241937 0.46612 0.291643 9.9973E-05 9.9973E-05
0.0352928 0.082396 0.669704 0.201055 9.9991E-05 0.0114529
9.9982E-05 0.123832 0.493009 0.346848 9.9982E-05 0.0361113
0.0354697 0.261481 0.456392 0.209958 9.9991E-05 0.0365996
9.9982E-05 0.111796 0.581741 0.242259 9.9982E-05 0.0640041
0.0294027 0.00296441 0.109767 9.9991E-05 0.825704 0.0320628
0.11411 9.9982E-05 9.9982E-05 0.00773787 0.714444 0.163508
0.0422444 9.9973E-05 9.9973E-05 9.9973E-05 0.908533 0.0489222
9.9973E-05 9.9973E-05 0.0372078 0.0475266 0.914966 9.9973E-05
0.0322909 0.331328 0.525631 0.00800941 0.0298957 0.0728453
0.00128515 0.458947 0.458588 9.9991E-05 0.0662692 0.0148105
0.0238332 0.499029 0.429314 9.9991E-05 0.0123745 0.0353497
9.9982E-05 0.315492 0.574334 9.9982E-05 0.0727299 0.0372436
0.105021 0.18494 0.530789 9.9991E-05 0.11339 0.0657595
9.9991E-05 0.571062 0.233935 0.0881711 0.00946071 0.0972713
0.0449145 0.340979 0.570607 9.9982E-05 9.9982E-05 0.0432997
9.9991E-05 0.522652 0.315097 0.150688 0.00854528 0.00291746
0.12269 9.9991E-05 0.532756 0.145834 0.164973 0.0336462
0.0535424 0.398758 0.395556 0.125327 9.9991E-05 0.0267163
9.9982E-05 0.53378 0.353291 9.9982E-05 0.0216283 0.0911012
9.9982E-05 0.333168 0.569529 0.0656112 9.9982E-05 0.031491
0.00893389 0.471552 0.421327 0.0458954 0.0248613 0.0274301
0.0674625 0.390969 0.517965 0.0234031 9.9982E-05 9.9982E-05
9.9982E-05 0.383892 0.516137 9.9982E-05 0.0852058 0.0145658
9.9973E-05 0.974158 0.0185262 0.0070159 9.9973E-05 9.9973E-05
0.0274925 0.691934 0.224373 0.0380668 0.00474346 0.0133905
9.9991E-05 0.49493 0.34376 0.0779709 0.000990648 0.0822484
9.9964E-05 0.816989 9.9964E-05 0.182612 9.9964E-05 9.9964E-05
9.9991E-05 0.42016 0.430594 0.00284455 0.0173849 0.128916
9.9973E-05 0.535625 0.120073 0.344002 9.9973E-05 9.9973E-05
9.9964E-05 0.66169 9.9964E-05 0.33791 9.9964E-05 9.9964E-05
9.9982E-05 0.27093 0.578481 0.0491158 0.101274 9.9982E-05
9.9982E-05 0.650959 0.186486 9.9982E-05 0.023662 0.138693
0.0682389 0.531619 0.312387 9.9991E-05 0.0137104 0.0739446
0.0526702 0.0777898 0.652493 0.11923 0.0977169 9.9991E-05
9.9982E-05 0.438951 0.510541 0.0257167 9.9982E-05 0.0245909
0.0217122 0.0574229 0.397105 0.326374 9.9991E-05 0.197286
9.9982E-05 0.362446 0.559623 9.9982E-05 0.00239999 0.0753315
0.0343596 0.421366 0.439744 9.9991E-05 0.045289 0.0591408
9.9973E-05 0.666543 0.301547 0.0316098 9.9973E-05 9.9973E-05
0.0170414 0.206574 0.502488 0.0755066 0.0582993 0.140091
0.00510083 9.9982E-05 9.9982E-05 0.0589548 0.6467 0.289045
9.9991E-05 0.122308 0.0487975 0.00986599 0.731293 0.0876358
9.9973E-05 9.9973E-05 9.9973E-05 0.0358975 0.831516 0.132287
9.9982E-05 0.00492653 9.9982E-05 0.0545573 0.800721 0.139595
9.9982E-05 9.9982E-05 0.00945331 0.0415956 0.74275 0.206001
0.0550774 0.809686 9.9982E-05 9.9982E-05 0.0363184 0.0987187
9.9991E-05 0.639769 0.151053 0.0554345 0.0798046 0.0738388
0.0273584 0.824308 0.0674394 0.0806938 9.9982E-05 9.9982E-05
0.0989503 0.322188 0.452767 9.9982E-05 0.125894 9.9982E-05
9.9982E-05 0.239916 0.502326 9.9982E-05 0.149994 0.107564
0.0230755 0.590653 0.266338 0.106379 0.0134555 9.9991E-05
0.109154 0.314289 0.548245 0.017664 0.010548 9.9991E-05
0.0532914 0.465924 0.310155 0.0957447 0.0561461 0.0187384
9.9991E-05 0.303306 0.594383 0.0135418 0.056719 0.0319498
0.0677893 0.270727 0.533226 9.9991E-05 0.0477953 0.0803627
0.0356295 0.604376 0.228155 9.9982E-05 9.9982E-05 0.13164
0.00443264 0.622986 0.30322 9.9991E-05 0.0162376 0.0530232
9.9973E-05 0.631655 0.262272 9.9973E-05 9.9973E-05 0.105772
9.9991E-05 0.0827193 0.594614 0.196884 0.104754 0.0209282
9.9973E-05 0.552553 0.407335 9.9973E-05 0.0398121 9.9973E-05
0.0588953 0.49501 0.394089 9.9991E-05 0.0327753 0.01913
0.291189 0.0250261 0.514817 0.0405401 0.0776586 0.0507698
0.442897 9.9982E-05 0.343714 0.122683 0.0905058 9.9982E-05
0.476265 9.9991E-05 0.374363 0.0179507 0.0910542 0.0402673
0.48758 0.0432016 0.290098 0.114015 0.0650049 9.9991E-05
0.301654 9.9982E-05 0.495012 0.0854624 0.117671 9.9982E-05
0.0174897 0.276778 0.551766 0.153669 0.00019779 9.9991E-05
0.642477 9.9982E-05 0.0431295 0.059015 0.255179 9.9982E-05
0.432413 0.0299064 0.306821 9.9982E-05 0.23066 9.9982E-05
0.155491 0.0785003 0.392153 0.17691 0.120132 0.0768139
9.9973E-05 9.9973E-05 0.635196 0.265314 0.0991908 9.9973E-05
0.00650059 9.9991E-05 0.516249 0.312297 0.114616 0.0502373
9.9982E-05 9.9982E-05 0.660628 0.123337 0.129319 0.0865158
0.0250045 0.15048 0.611583 0.106415 0.0521349 0.0543815
0.397765 9.9973E-05 0.386665 9.9973E-05 0.21527 9.9973E-05
0.427817 0.0643611 0.337965 0.00197119 0.0610556 0.10683
0.465566 9.9982E-05 0.435264 0.0187053 0.080265 9.9982E-05
0.278964 0.0330252 0.449613 0.0990349 0.107184 0.0321784
0.513807 0.0189171 0.272741 0.0394579 0.154977 9.9991E-05
0.279496 0.0143451 0.507964 9.9982E-05 0.197996 9.9982E-05
0.551167 9.9982E-05 0.243548 0.02291 0.182176 9.9982E-05
0.411263 0.0387401 0.412832 0.0232744 0.11379 9.9991E-05
9.9982E-05 9.9982E-05 0.563275 0.315529 0.0837883 0.0372074
0.352964 0.0615687 0.323552 0.0134701 0.173635 0.0748098
0.648167 9.9982E-05 0.136421 0.0331295 0.182083 9.9982E-05
0.393129 0.239366 0.234494 9.9982E-05 0.132811 9.9982E-05
9.9991E-05 0.0991117 0.246265 0.248479 0.129148 0.276897
0.0352882 9.9991E-05 0.615982 0.234896 0.0109558 0.102778
0.302341 0.0102246 0.400322 0.0706569 0.180858 0.0355972
9.9982E-05 9.9982E-05 0.673838 0.159699 0.119441 0.0468219
9.9982E-05 0.158724 0.494198 0.204451 0.142427 9.9982E-05
0.295353 0.0147584 0.37519 0.127151 0.187448 9.9991E-05
0.21042 9.9982E-05 0.447995 0.0567011 0.284684 9.9982E-05
0.0849062 0.0827556 0.629359 0.0172934 0.11948 0.0662059
0.396985 0.0563523 0.348905 0.0994206 0.098237 9.9991E-05
0.419893 9.9982E-05 0.399767 0.0972727 0.0828669 9.9982E-05
0.560048 9.9982E-05 0.142009 0.0923201 0.205423 9.9982E-05
0.0935875 0.0140158 0.605112 0.165808 0.0464269 0.0750504
9.9991E-05 0.140942 0.517027 0.208977 0.0906047 0.0423502
0.0324062 0.0200603 0.219557 0.645918 0.0819584 9.9991E-05
0.0818937 0.0515982 0.534226 0.0757791 0.228404 0.0280994
0.112407 0.173795 0.293837 0.0990441 0.113708 0.207209
0.107516 0.165957 0.443801 0.104703 0.177922 9.9991E-05
0.0849197 0.129544 0.430576 0.140589 0.146566 0.0678054
0.212622 9.9973E-05 9.9973E-05 0.552446 0.234632 9.9973E-05
0.0609638 9.9973E-05 9.9973E-05 0.647774 0.290963 9.9973E-05
0.103474 0.00160647 0.34093 0.41018 0.143709 9.9991E-05
0.2462 0.00108261 9.9982E-05 0.453457 0.299061 9.9982E-05
0.204765 9.9973E-05 9.9973E-05 0.41713 0.377805 9.9973E-05
0.125408 0.136186 0.341325 0.295518 0.101463 9.9991E-05
0.18044 0.139959 0.331301 0.109463 0.211135 0.0277024
0.241132 0.110123 0.0749782 0.257363 0.316304 9.9991E-05
0.122537 9.9982E-05 0.0891612 0.511577 0.276525 9.9982E-05
0.124946 0.027849 0.498166 0.221707 0.0984969 0.0288353
0.190995 0.0619533 0.110839 0.452375 0.183738 9.9991E-05
0.0418184 9.9973E-05 9.9973E-05 0.563819 0.394063 9.9973E-05
0.251271 0.114297 0.420045 0.0101746 0.109657 0.0945559
0.253394 0.077077 0.231883 0.270585 0.136457 0.0306033
0.15428 0.0705663 0.43264 9.9991E-05 0.294198 0.0482154
0.178527 9.9973E-05 0.606721 9.9973E-05 0.214452 9.9973E-05
0.0742623 0.0482498 0.539227 0.0913807 0.202174 0.0447063
0.154995 0.0524665 0.486644 0.0876549 0.21814 9.9991E-05
0.238973 0.0371987 0.418009 0.147892 0.157827 9.9991E-05
0.135527 9.9991E-05 0.439345 0.0557731 0.359393 0.0098617
0.0751348 9.9991E-05 0.60161 0.0826811 0.229514 0.0109609
0.285491 0.0832889 0.428509 9.9991E-05 0.189881 0.0127302
0.231835 0.0487221 0.291839 0.187294 0.234338 0.00597108
0.165592 0.237797 0.192333 0.0981054 0.148016 0.158156
0.0687246 0.0959465 0.515522 0.114507 0.161302 0.0439985
0.103613 0.0575239 0.572947 0.0691769 0.128075 0.068664
0.161522 0.157093 0.542901 0.0805443 0.0578395 9.9991E-05
0.301359 9.9991E-05 0.325225 0.152618 0.220083 0.000615067
0.100178 9.9991E-05 0.565299 0.0490264 0.253981 0.0314152
0.191899 9.9982E-05 0.180655 0.235046 0.3922 9.9982E-05
0.179603 0.0130139 0.505942 9.9982E-05 0.301241 9.9982E-05
0.305804 9.9982E-05 0.141616 0.257561 0.294819 9.9982E-05
9.9982E-05 0.0421488 0.000933186 9.9982E-05 0.851253 0.105465
9.9973E-05 9.9973E-05 0.118735 9.9973E-05 0.124036 0.756929
9.996E-05 9.996E-05 9.996E-05 9.996E-05 9.996E-05 0.9995
9.9964E-05 9.9964E-05 9.9964E-05 9.9964E-05 0.0194021 0.980198
0.0197974 9.9973E-05 9.9973E-05 0.0207129 9.9973E-05 0.95919
0.0545091 9.9973E-05 9.9973E-05 9.9973E-05 0.0101475 0.935043
9.9964E-05 9.9964E-05 0.0661544 9.9964E-05 9.9964E-05 0.933446
9.9964E-05 9.9964E-05 9.9964E-05 9.9964E-05 0.0703049 0.929295
0.0210244 9.9973E-05 9.9973E-05 9.9973E-05 0.228548 0.750127
0.0312329 0.0258334 0.00182651 9.9991E-05 0.928448 0.012559
9.9973E-05 9.9973E-05 0.0629373 9.9973E-05 0.819963 0.1168
0.0101957 0.0153897 0.0527819 0.00823863 0.913294 9.9991E-05
9.9973E-05 9.9973E-05 0.0621889 9.9973E-05 0.831137 0.106374
0.0681351 9.9973E-05 9.9973E-05 9.9973E-05 0.867621 0.0639436
0.00322666 9.9982E-05 0.00346112 9.9982E-05 0.912197 0.0809156
0.140665 0.00818932 0.0828978 9.9991E-05 0.701248 0.0668998
0.0635349 0.0614385 9.9982E-05 0.0150693 0.859757 9.9982E-05
0.113402 0.00810579 0.042986 0.0233939 0.682629 0.129484
0.0797096 0.0110591 9.9973E-05 9.9973E-05 0.908931 9.9973E-05
9.9973E-05 0.0231446 9.9973E-05 9.9973E-05 0.971206 0.00534976
0.0659424 0.0436829 9.9991E-05 0.0135097 0.839376 0.0373888
9.9964E-05 9.9964E-05 9.9964E-05 9.9964E-05 0.95368 0.0459199
0.0418121 9.9982E-05 0.0422843 0.0109961 0.904707 9.9982E-05
0.0326536 0.00202977 0.0979857 9.9982E-05 0.867131 9.9982E-05
0.0034258 9.9973E-05 0.165348 9.9973E-05 0.830926 9.9973E-05
0.0935142 9.9973E-05 0.118086 9.9973E-05 0.788099 9.9973E-05
0.0860644 9.9973E-05 0.152982 9.9973E-05 0.760653 9.9973E-05
0.0314273 9.9973E-05 0.153986 9.9973E-05 0.814287 9.9973E-05
9.9991E-05 0.065063 0.44746 0.268317 0.14975 0.0693104
9.9982E-05 9.9982E-05 0.751582 0.126892 0.0417662 0.0795602
0.0537762 0.0393379 0.685389 0.104715 0.0891693 0.0276126
9.9982E-05 0.0887782 0.214042 0.63935 0.0576294 9.9982E-05
9.9991E-05 0.0201714 0.532477 0.182399 0.107008 0.157845
9.9982E-05 0.0122514 0.163473 0.704692 0.119384 9.9982E-05
9.9982E-05 9.9982E-05 0.702331 0.186332 0.0922812 0.0188553
9.9991E-05 0.191532 0.440447 0.205678 0.109558 0.0526862
0.00687125 0.153596 0.499795 0.175916 0.136651 0.0271699
0.055407 0.358091 0.43062 9.9991E-05 0.0798848 0.0758971
9.9982E-05 9.9982E-05 0.556336 0.190804 0.0940902 0.15857
9.9991E-05 0.0405128 0.651595 0.158755 0.0699045 0.0791323
9.9982E-05 9.9982E-05 0.63855 0.176743 0.0893044 0.0952026
0.0130449 0.19331 0.112801 0.202637 9.9991E-05 0.478107
9.9991E-05 0.0492216 0.00325244 0.829624 0.0137758 0.104026
9.9973E-05 9.9973E-05 0.186058 0.724942 9.9973E-05 0.0886997
9.9982E-05 9.9982E-05 0.694843 0.168774 0.11417 0.0220136
9.9991E-05 0.0170299 0.596337 0.284361 0.100301 0.00187036
9.9982E-05 0.0473854 0.535902 0.283523 0.13299 9.9982E-05
0.0156009 0.164481 0.579125 0.146522 0.0941711 9.9991E-05
0.168649 0.0351215 0.547988 0.0117981 0.221049 0.0153947
0.133018 9.9982E-05 0.636633 9.9982E-05 0.186166 0.0439833
0.173099 0.0846887 0.134232 0.0797903 0.378416 0.149773
9.9982E-05 0.117742 0.655822 9.9982E-05 0.132865 0.093371
0.151056 0.0263551 0.419426 0.0679359 0.260234 0.0749934
0.181755 9.9973E-05 9.9973E-05 0.432796 0.38515 9.9973E-05
0.144157 0.0114838 0.363944 0.157363 0.322952 9.9991E-05
0.221845 0.126989 0.298377 0.037887 0.314801 9.9991E-05
0.0910055 0.0711207 0.387851 9.9991E-05 0.309584 0.140339
0.232383 0.0960964 0.427359 0.0409067 0.137989 0.0652648
0.185452 0.0246419 0.459543 0.106891 0.180603 0.0428688
0.184965 0.00382574 0.505901 0.0682771 0.152491 0.0845402
0.0788687 0.113977 0.454426 0.229944 0.116733 0.00605196
0.143456 0.0402336 0.309967 9.9982E-05 0.506144 9.9982E-05
