9.9973E-05 0.0562642 0.00922813 0.0180025 0.916205 9.9973E-05 9.9973E-05
0.0196664 0.00541428 0.0453218 9.9973E-05 0.929298 9.9973E-05 9.9973E-05
9.9973E-05 0.0448688 9.9973E-05 0.045738 0.802652 9.9973E-05 0.106441
9.9973E-05 0.0963423 9.9973E-05 0.121292 0.755572 9.9973E-05 0.0264945
0.0717505 9.9973E-05 9.9973E-05 0.0265041 0.869251 9.9973E-05 0.0321944
0.030512 0.0388981 0.0960537 0.0484874 0.60159 0.120286 0.0641729
9.9964E-05 0.0673247 9.9964E-05 9.9964E-05 0.812186 0.12009 9.9964E-05
0.0485367 0.101696 9.9982E-05 0.00287456 0.713327 0.133366 9.9982E-05
0.0100981 0.0845294 0.0228845 9.9982E-05 0.828394 0.0538938 9.9982E-05
0.0302435 0.0151418 0.0123333 0.078774 0.68185 0.0965186 0.0851388
9.9982E-05 0.118251 0.012286 9.9982E-05 0.684538 0.179353 0.00537296
9.9982E-05 0.515518 0.191311 0.0565601 9.9982E-05 0.0088904 0.227521
9.9982E-05 0.343719 0.00260935 9.9982E-05 0.0197238 0.0318044 0.601943
0.0823348 0.434661 0.0781008 0.103872 9.9991E-05 0.0910187 0.209913
0.0145544 0.423467 0.0196153 0.161856 0.00374827 0.0719278 0.304831
9.999E-05 0.305599 0.077666 0.192987 0.0651398 0.0772672 0.281241
0.0925765 0.12516 0.0346035 0.0632899 0.0738313 0.0535586 0.55698
0.0118719 0.271461 0.201227 0.0622219 9.9991E-05 0.0862386 0.366879
9.9982E-05 0.339508 0.0894761 0.100386 0.110379 9.9982E-05 0.36005
9.9982E-05 0.62741 0.0926686 0.0258471 9.9982E-05 0.177179 0.0766949
0.0985811 0.32269 0.149356 0.154051 9.9982E-05 9.9982E-05 0.275121
0.00191028 0.15603 0.160335 0.0488529 0.0240425 0.171738 0.437092
0.0629033 0.229304 0.0428568 0.0433232 0.0259693 0.0695234 0.52612
9.9982E-05 0.359593 0.0964646 0.131236 9.9982E-05 0.115573 0.296932
9.9991E-05 0.152348 0.0936458 0.0876306 0.0198257 0.0785381 0.567912
9.9982E-05 0.195382 0.0929376 0.0395163 9.9982E-05 0.0944314 0.577532
9.999E-05 0.442285 0.169511 0.0611162 0.0348789 0.0681104 0.223999
9.9982E-05 0.454256 0.094073 0.179814 9.9982E-05 0.063498 0.208159
9.9973E-05 0.441478 0.131778 9.9973E-05 9.9973E-05 0.157087 0.269358
9.9964E-05 9.9964E-05 9.9964E-05 0.0623662 0.854206 9.9964E-05 0.0830281
9.9964E-05 9.9964E-05 9.9964E-05 0.0253577 0.84862 9.9964E-05 0.125622
9.9973E-05 9.9973E-05 0.062546 0.0295252 0.807494 9.9973E-05 0.100135
9.9973E-05 9.9973E-05 0.152644 0.102926 0.723897 9.9973E-05 0.0202337
0.0193612 0.0543708 0.308456 0.00440332 0.0411463 0.0687371 0.503526
0.0216965 0.0456389 0.335561 0.101079 0.141736 0.00672196 0.347566
9.9955E-05 9.9955E-05 0.453391 9.9955E-05 9.9955E-05 9.9955E-05 0.54611
0.0307902 0.565334 0.157375 9.9991E-05 0.0822064 0.0173466 0.146848
0.0214189 0.0296941 0.721956 0.0354084 9.9991E-05 0.003119 0.188304
0.0247137 0.161566 0.215554 0.0383879 0.094238 9.9991E-05 0.465441
9.9973E-05 9.9973E-05 0.324069 0.0714334 0.0252846 9.9973E-05 0.578913
0.0737472 0.0341785 0.103237 9.9991E-05 0.067869 0.101318 0.61955
9.999E-05 0.0655656 0.116124 0.0873283 0.0967297 0.06071 0.573442
9.9982E-05 0.086225 0.754373 9.9982E-05 0.0268008 0.0101982 0.122203
9.999E-05 0.00849749 0.102398 0.0385542 0.0406985 0.217259 0.592492
9.999E-05 0.0347238 0.225169 0.122077 0.00164756 0.0435727 0.57271
0.0218344 9.9982E-05 0.206306 0.0317759 0.207358 9.9982E-05 0.532526
0.0330024 9.9964E-05 0.713904 9.9964E-05 9.9964E-05 9.9964E-05 0.252694
9.9973E-05 9.9973E-05 0.347858 0.0459796 0.0810943 9.9973E-05 0.524769
0.102131 9.9991E-05 0.229392 0.0108962 0.100594 0.0417451 0.515142
0.0684352 9.9973E-05 0.65376 9.9973E-05 0.00996746 0.267538 9.9973E-05
9.9973E-05 0.431891 0.324402 9.9973E-05 9.9973E-05 0.0720005 0.171407
0.0862411 0.213725 0.198515 9.9982E-05 9.9982E-05 0.37647 0.124849
0.0855804 0.088305 0.0150622 0.0134307 0.114262 0.102859 0.580501
0.0747381 9.9982E-05 0.0309781 9.9982E-05 0.0469601 0.157078 0.690045
0.0421202 0.0407598 0.0420196 0.0575154 0.0308118 0.123423 0.66335
0.0724687 0.309734 0.289681 9.9991E-05 0.104004 0.0549528 0.169059
0.0344913 0.314782 0.0303412 9.9982E-05 9.9982E-05 0.0276997 0.592486
0.070883 0.0678134 0.0475441 0.0766094 0.0667606 0.112328 0.558061
0.087058 0.177256 0.212766 9.9991E-05 0.147185 0.0306428 0.344992
0.0866258 0.345722 0.0748679 0.0709491 0.167253 0.191887 0.0626943
9.9991E-05 0.0932087 0.180636 0.000185777 0.0858902 0.044655 0.595325
0.135783 0.297608 0.0108069 0.0404693 0.0480878 0.0487766 0.418468
0.0136628 0.472783 0.256806 9.9991E-05 0.0368577 0.191513 0.028277
0.114495 0.232242 0.0937281 9.9982E-05 9.9982E-05 0.0454808 0.513853
0.100668 0.0277669 0.0427731 0.0126707 0.0564026 0.110202 0.649517
0.0940069 0.0647915 0.134858 0.0637765 0.0861109 0.0156486 0.540808
0.113793 0.248807 0.29476 0.0742244 0.00414645 0.0629543 0.201314
0.147055 0.167459 0.134377 0.0929619 9.9982E-05 9.9982E-05 0.457947
9.9991E-05 0.13347 0.111325 0.0484241 0.140056 0.0106883 0.555937
0.0785666 0.396525 0.201183 0.021323 9.9991E-05 0.0894093 0.212893
9.9964E-05 0.11097 0.383663 9.9964E-05 9.9964E-05 9.9964E-05 0.504967
9.9982E-05 0.0369596 0.786647 0.00151794 0.0386933 9.9982E-05 0.135982
0.0568876 0.0113746 0.227856 0.133296 0.0837252 0.0123728 0.474487
9.9955E-05 9.9955E-05 0.837053 9.9955E-05 9.9955E-05 0.162447 9.9955E-05
0.0162758 0.0156844 0.839056 9.9982E-05 9.9982E-05 0.128414 0.000370153
9.9955E-05 9.9955E-05 0.759752 9.9955E-05 9.9955E-05 9.9955E-05 0.239749
9.9964E-05 9.9964E-05 0.560737 9.9964E-05 9.9964E-05 0.0171525 0.421711
0.0581808 9.9991E-05 0.229935 0.0690529 0.143825 0.0152122 0.483695
0.101091 0.0101936 0.444575 0.0526465 0.0291503 9.9991E-05 0.362244
9.9982E-05 0.148932 0.696488 0.0310949 0.0417639 9.9982E-05 0.0815214
0.0193081 0.262208 0.483397 9.9982E-05 0.028529 9.9982E-05 0.206357
0.118456 9.9982E-05 0.204359 0.0203012 0.154475 9.9982E-05 0.502209
9.9982E-05 0.117925 0.573745 0.0527483 0.0443968 9.9982E-05 0.210985
9.9982E-05 0.159437 0.419798 0.0207656 0.0244228 9.9982E-05 0.375376
0.0681318 9.9973E-05 0.485203 9.9973E-05 9.9973E-05 0.0686631 0.377702
0.108016 0.0107573 0.678384 9.9982E-05 0.0110437 0.191599 9.9982E-05
9.9973E-05 9.9973E-05 0.294861 0.0514809 9.9973E-05 0.0606949 0.592663
9.9964E-05 0.0520713 9.9964E-05 9.9964E-05 0.845005 9.9964E-05 0.102524
9.9964E-05 9.9964E-05 0.000718382 9.9964E-05 0.923259 9.9964E-05 0.0756232
9.9964E-05 9.9964E-05 9.9964E-05 0.0326981 0.869963 9.9964E-05 0.0969389
9.9964E-05 9.9964E-05 9.9964E-05 9.9964E-05 0.898148 0.0648576 0.0365944
0.00705007 9.9973E-05 0.0386007 9.9973E-05 0.889523 9.9973E-05 0.0645264
0.00813285 9.9982E-05 0.0576856 0.0476491 0.859652 9.9982E-05 0.0266803
9.9973E-05 9.9973E-05 9.9973E-05 0.0176223 0.913245 0.00717904 0.0616537
9.9982E-05 0.041995 0.392294 0.138034 0.0741133 9.9982E-05 0.353364
9.9982E-05 9.9982E-05 0.212731 0.0783502 0.0464897 0.09853 0.563699
0.154718 0.0808515 0.760933 9.9973E-05 0.00319754 9.9973E-05 9.9973E-05
0.070079 0.0529817 0.217982 0.0427292 0.0876287 0.0276268 0.500973
9.9973E-05 0.12968 0.415663 0.0220943 9.9973E-05 9.9973E-05 0.432263
0.0227096 9.9973E-05 0.310752 9.9973E-05 0.0870025 9.9973E-05 0.579236
0.143813 9.9982E-05 0.319359 0.0535566 0.0124859 9.9982E-05 0.470586
0.00452338 9.9982E-05 0.47823 0.0981807 0.00604595 9.9982E-05 0.41282
9.9964E-05 0.195167 0.775902 9.9964E-05 0.0285312 9.9964E-05 9.9964E-05
9.9982E-05 0.064413 0.18341 9.9982E-05 0.163557 0.0880382 0.500381
0.0474428 0.17515 0.0388707 9.9991E-05 0.0404802 0.0428348 0.655122
0.0578495 0.107298 0.100377 0.0283868 0.141465 9.9991E-05 0.564523
0.00360121 9.9982E-05 0.661468 0.0712501 9.9982E-05 0.095966 0.167514
0.0581118 9.9991E-05 0.455941 0.0466624 0.0124139 0.00479573 0.421975
0.0109763 0.103586 0.390444 9.9982E-05 0.00889276 9.9982E-05 0.4859
0.0211156 9.9973E-05 0.633583 0.0560776 9.9973E-05 9.9973E-05 0.288924
0.0434352 0.115619 0.439966 9.9982E-05 0.0478166 9.9982E-05 0.352964
0.0539533 0.0258184 0.0962158 0.00622751 0.163303 0.0207025 0.633779
0.240266 0.316592 0.126283 0.0974941 9.9991E-05 0.051163 0.168102
9.9982E-05 0.328266 0.004011 9.9982E-05 0.108186 0.0572645 0.502073
0.118712 0.162479 0.0569004 0.0394974 0.0968825 0.00972461 0.515804
0.101577 0.0957239 0.162866 0.122164 0.0786536 9.9991E-05 0.438914
0.0357837 0.307878 9.9991E-05 0.0176043 0.0585482 0.0752654 0.504821
0.0606533 0.287844 9.9973E-05 9.9973E-05 9.9973E-05 0.0132006 0.638002
0.0631101 0.394597 9.9964E-05 9.9964E-05 9.9964E-05 9.9964E-05 0.541893
0.13793 0.154846 0.0413558 0.0665326 0.0781103 0.0416829 0.479542
9.9991E-05 0.162674 0.12984 0.0914277 0.0437777 0.030728 0.541453
9.9982E-05 0.193385 0.131761 9.9982E-05 0.0657939 0.00637455 0.602486
0.0204226 0.366056 0.0333038 9.9982E-05 9.9982E-05 0.00466469 0.575353
0.0193292 0.103045 0.0250277 0.011285 0.0829993 0.0877534 0.670561
0.0906011 0.137061 9.9991E-05 0.127124 0.0284217 0.0346161 0.582076
0.0774128 0.24132 0.117564 0.0325794 9.9982E-05 9.9982E-05 0.530924
0.0808357 0.130222 0.0285456 0.0488194 0.0481836 0.0563943 0.606999
0.0801527 0.144147 0.105786 0.125285 9.9991E-05 0.00807308 0.536456
0.103728 0.315128 9.9982E-05 9.9982E-05 0.0727425 0.115423 0.392778
0.0743548 0.140736 0.0606682 0.0318074 9.9991E-05 0.00522047 0.687113
0.181847 0.150726 9.9982E-05 0.0575736 9.9982E-05 0.00123193 0.608421
0.0927035 0.438973 0.154886 0.0945062 9.9982E-05 9.9982E-05 0.218731
0.182991 0.2462 0.153795 0.0730239 0.0515161 0.171304 0.12117
0.0278284 0.256218 0.0806621 0.00501337 0.00785736 0.0408464 0.581574
0.219259 0.281033 0.247216 0.0533701 9.9991E-05 0.157875 0.0411467
0.0558325 0.422823 0.150012 9.9991E-05 0.0461184 0.0347809 0.290333
0.0537368 0.299024 0.214943 9.9982E-05 0.00325571 9.9982E-05 0.42884
9.9973E-05 0.44971 0.164293 9.9973E-05 0.0522223 9.9973E-05 0.333475
9.9982E-05 0.562736 0.109801 0.0254906 0.00434409 9.9982E-05 0.297428
0.0576506 0.0896752 0.0688953 0.0774846 0.108733 0.0140342 0.583527
9.9991E-05 0.12934 0.129026 0.0774891 0.0866761 0.0704066 0.506962
0.166699 0.116767 0.113971 9.9982E-05 0.0319346 9.9982E-05 0.570428
0.0509798 0.356264 0.16543 0.0515885 9.9991E-05 0.2692 0.106438
0.0332128 0.135768 0.0061897 0.0447786 0.10001 0.142419 0.537621
0.0589847 9.9991E-05 0.0940034 0.0478281 0.097927 0.218119 0.483038
0.0867495 0.107154 0.116618 9.9991E-05 0.117772 0.528882 0.0427235
0.126803 9.9991E-05 0.07486 0.0117437 0.100895 0.0513971 0.634201
0.0905343 0.0367177 0.267842 0.0538405 0.0214232 0.241311 0.288331
0.11951 0.00900854 0.168115 0.0496604 0.126308 0.094809 0.432589
0.0325394 0.120015 0.0861085 0.0220656 0.0377716 0.431241 0.270259
0.0916275 0.150464 0.100166 9.9991E-05 0.0423369 0.415514 0.199792
0.172373 0.0810325 0.123148 9.9982E-05 9.9982E-05 0.17574 0.447507
0.0516611 0.126932 0.0419536 0.0704816 0.0950858 0.214539 0.399347
0.0798374 0.0747301 0.138449 0.0687898 0.116452 0.100729 0.421013
0.124116 0.106952 0.180475 0.128471 0.0387773 0.412708 0.00850018
0.0293583 0.143941 0.20184 0.120375 0.0212118 0.0491597 0.434114
9.9973E-05 0.0880121 0.179063 9.9973E-05 9.9973E-05 0.345144 0.38748
0.0581321 0.0727297 0.220324 9.9982E-05 9.9982E-05 0.18678 0.461834
0.0718557 0.129904 0.00316484 9.9991E-05 0.097338 0.0620697 0.635568
9.9973E-05 9.9973E-05 9.9973E-05 0.234183 0.276834 0.326645 0.162038
9.9964E-05 9.9964E-05 9.9964E-05 0.150797 0.484506 0.364297 9.9964E-05
9.9964E-05 9.9964E-05 9.9964E-05 0.152302 0.393714 0.453584 9.9964E-05
9.9973E-05 9.9973E-05 9.9973E-05 0.31563 0.396267 0.23037 0.0574334
9.9973E-05 0.023795 0.104947 9.9973E-05 9.9973E-05 0.221876 0.649081
0.0797509 0.10613 0.117547 0.0973545 0.0475239 0.0688962 0.482797
9.9964E-05 9.9964E-05 0.014345 0.719069 9.9964E-05 9.9964E-05 0.266186
0.00245074 0.125476 0.0764553 0.386428 0.0321139 9.9991E-05 0.376976
0.102088 9.9991E-05 0.134897 0.364158 0.0988703 0.0149226 0.284964
0.13252 9.9982E-05 0.106171 0.0126346 9.9982E-05 0.413069 0.335406
0.0822583 0.1538 0.106632 0.0595979 0.0148576 0.113281 0.469574
0.169133 0.00959027 0.0615086 9.9982E-05 9.9982E-05 0.514518 0.24505
0.0243706 9.9973E-05 0.056556 9.9973E-05 9.9973E-05 0.280673 0.6381
0.12207 9.9982E-05 0.0775231 9.9982E-05 0.0516704 0.264563 0.483974
0.0351163 0.037957 0.0329003 0.0116263 0.00328377 0.233138 0.645979
0.0977389 0.031472 0.0875737 9.9982E-05 9.9982E-05 0.541828 0.241188
9.9991E-05 0.0378642 0.144502 0.032245 0.0166563 0.13083 0.637803
0.119517 0.029979 9.9991E-05 0.00753716 0.0645284 0.215066 0.563273
0.0116028 9.9964E-05 9.9964E-05 0.966427 9.9964E-05 9.9964E-05 0.0215699
9.9973E-05 0.00343826 0.00451463 0.942798 9.9973E-05 9.9973E-05 0.048949
0.000713249 0.0763602 9.9991E-05 0.54715 0.0213998 0.0104583 0.343818
0.0359511 9.9964E-05 9.9964E-05 0.75678 9.9964E-05 9.9964E-05 0.206869
9.9973E-05 0.0131073 0.0647796 0.764544 9.9973E-05 9.9973E-05 0.157269
9.995E-05 9.995E-05 9.995E-05 0.9994 9.995E-05 9.995E-05 9.995E-05
9.9955E-05 0.0515945 9.9955E-05 0.947906 9.9955E-05 9.9955E-05 9.9955E-05
9.9955E-05 9.9955E-05 9.9955E-05 0.882591 9.9955E-05 9.9955E-05 0.11691
9.9964E-05 0.0254484 0.00388499 0.970267 9.9964E-05 9.9964E-05 9.9964E-05
9.995E-05 9.995E-05 9.995E-05 0.9994 9.995E-05 9.995E-05 9.995E-05
9.995E-05 9.995E-05 9.995E-05 0.9994 9.995E-05 9.995E-05 9.995E-05
9.9973E-05 0.0859346 9.9973E-05 0.794793 0.0373998 9.9973E-05 0.0815732
9.9973E-05 0.0265205 9.9973E-05 0.789761 0.0116157 9.9973E-05 0.171803
9.9955E-05 9.9955E-05 0.0285427 0.970958 9.9955E-05 9.9955E-05 9.9955E-05
0.00155934 0.0280045 0.161833 0.386928 0.0829823 9.9991E-05 0.338592
9.9973E-05 9.9973E-05 0.101674 0.690219 0.0154889 9.9973E-05 0.192318
9.9955E-05 9.9955E-05 9.9955E-05 0.712036 9.9955E-05 9.9955E-05 0.287464
9.9973E-05 0.0422114 0.0100804 0.859935 9.9973E-05 9.9973E-05 0.0874732
9.9964E-05 9.9964E-05 0.00274676 0.9911 9.9964E-05 9.9964E-05 0.00575323
9.9982E-05 9.9982E-05 0.029617 0.896901 0.00293647 0.0250607 0.0452847
9.995E-05 9.995E-05 9.995E-05 0.9994 9.995E-05 9.995E-05 9.995E-05
0.0388075 0.0183512 0.0784259 0.63633 9.9982E-05 9.9982E-05 0.227885
0.0224617 9.9964E-05 0.0400598 0.937079 9.9964E-05 9.9964E-05 9.9964E-05
0.0661336 9.9973E-05 9.9973E-05 0.0158952 0.297353 0.620319 9.9973E-05
9.9991E-05 0.0312006 0.121208 0.0488287 0.134611 0.188754 0.475298
0.0171944 0.0219367 0.0374974 0.0107657 0.215651 0.210848 0.486107
0.00638167 0.00968959 9.9991E-05 0.10746 0.196894 0.48793 0.191545
0.0877692 0.069066 0.126184 0.258514 0.0548617 0.0898893 0.313716
9.9982E-05 9.9982E-05 0.021437 0.0879003 0.257355 0.41541 0.217697
0.0963355 0.228816 0.0147197 0.112913 0.101652 9.9991E-05 0.445464
9.9982E-05 9.9982E-05 0.0569838 0.205906 0.135291 0.350484 0.251135
9.9982E-05 9.9982E-05 0.0275519 0.114418 0.13906 0.242093 0.476678
9.9973E-05 9.9973E-05 9.9973E-05 0.226094 0.144817 0.300794 0.327995
0.0156723 0.0620843 0.115359 0.0704852 0.163807 0.162549 0.410044
0.0082778 0.0531647 0.0172423 9.9991E-05 0.832079 0.0257138 0.0634225
0.0391686 9.9964E-05 9.9964E-05 0.0418199 0.918612 9.9964E-05 9.9964E-05
9.9964E-05 0.0265393 0.0324486 9.9964E-05 0.940612 9.9964E-05 9.9964E-05
9.9964E-05 0.0403847 9.9964E-05 9.9964E-05 0.937992 9.9964E-05 0.021223
9.9982E-05 0.0390933 9.9982E-05 0.00706183 0.886816 0.0402926 0.0265365
0.046107 9.9964E-05 9.9964E-05 0.104393 0.8491 9.9964E-05 9.9964E-05
9.9964E-05 9.9964E-05 9.9964E-05 0.0914757 0.898827 9.9964E-05 0.00929718
0.044596 9.9982E-05 9.9982E-05 0.0032135 0.875626 0.043603 0.0327614
0.0143584 9.9973E-05 0.0315232 0.0396132 0.914205 9.9973E-05 9.9973E-05
0.0222178 9.9973E-05 9.9973E-05 0.114726 0.822169 0.040588 9.9973E-05
0.0512669 0.264985 0.0877556 9.9973E-05 0.595693 9.9973E-05 9.9973E-05
9.9973E-05 0.320523 0.0623114 0.00730536 0.60956 9.9973E-05 9.9973E-05
0.0719026 0.317171 0.0295185 9.9982E-05 0.547578 0.0336294 9.9982E-05
0.0378092 0.303593 0.100766 9.9982E-05 0.500366 0.0572662 9.9982E-05
9.9982E-05 0.140062 0.235534 9.9982E-05 0.0935974 0.0384129 0.492194
0.0655017 0.121347 0.277051 9.9982E-05 0.0203526 9.9982E-05 0.515548
0.123073 0.154387 0.125409 0.020425 0.0286589 9.9991E-05 0.547947
0.00604939 0.232961 0.244322 9.9991E-05 0.0639126 0.0325596 0.420096
0.0284853 0.627028 0.137219 0.0536444 9.9991E-05 0.000670713 0.152852
0.0254097 0.00751103 0.250422 0.0478728 0.0147561 0.0436205 0.610407
0.0180794 0.0454569 0.405842 9.9973E-05 9.9973E-05 9.9973E-05 0.530321
0.0540488 0.130696 0.301678 0.0292491 9.9991E-05 0.0229093 0.461318
9.9973E-05 9.9973E-05 0.48831 0.00896682 9.9973E-05 0.0921418 0.410281
0.0807721 0.108967 0.0842197 0.102402 9.9991E-05 0.0119193 0.61162
9.9982E-05 0.142839 0.436302 9.9982E-05 0.0159421 0.0274805 0.377237
0.126396 0.0639645 0.757773 9.9973E-05 9.9973E-05 0.0515665 9.9973E-05
0.081957 0.16762 0.157879 0.0397812 0.0189611 0.0525102 0.481291
0.124342 9.9973E-05 0.495137 9.9973E-05 9.9973E-05 0.128859 0.251362
0.0528632 0.0139795 0.361547 9.9991E-05 0.0165454 0.0926807 0.462285
9.9973E-05 0.202666 0.651172 9.9973E-05 0.040262 9.9973E-05 0.1056
9.9982E-05 0.685293 0.00312179 9.9982E-05 0.0877226 0.155046 0.0686168
9.9982E-05 0.74907 9.9982E-05 0.00263882 0.0544353 0.144449 0.0492076
0.0581288 0.795179 9.9982E-05 9.9982E-05 0.0294925 0.0999978 0.0170017
0.0476316 0.860876 9.9964E-05 9.9964E-05 0.0910923 9.9964E-05 9.9964E-05
9.9973E-05 0.800175 9.9973E-05 0.0022747 9.9973E-05 0.167232 0.0300185
0.00295371 0.729167 9.9991E-05 0.0192965 0.0499265 0.0781329 0.120423
0.0130296 9.9982E-05 0.0133831 0.0276909 0.857474 9.9982E-05 0.0882221
9.9973E-05 0.0576626 9.9973E-05 0.0247983 0.83551 9.9973E-05 0.0817297
9.9964E-05 9.9964E-05 9.9964E-05 0.0562048 0.782179 9.9964E-05 0.161217
9.9982E-05 0.0428188 9.9982E-05 0.100718 0.77138 0.0175844 0.0672985
9.9982E-05 0.0168321 9.9982E-05 0.0636711 0.780225 0.0691751 0.0698963
9.9973E-05 0.504601 0.0828585 9.9973E-05 0.348512 0.0637286 9.9973E-05
0.139478 0.335674 0.0517756 9.9982E-05 0.458858 0.0140141 9.9982E-05
0.0903489 0.416459 0.0652947 9.9973E-05 0.427598 9.9973E-05 9.9973E-05
9.9973E-05 0.0339342 9.9973E-05 0.0240803 0.816507 9.9973E-05 0.125179
0.0483966 0.463853 0.112522 9.9973E-05 0.374928 9.9973E-05 9.9973E-05
9.9973E-05 9.9973E-05 9.9973E-05 0.387696 0.18192 0.175626 0.254458
0.0253069 9.9991E-05 0.0151228 0.199571 0.187683 0.0582695 0.513947
9.9964E-05 9.9964E-05 9.9964E-05 0.257436 0.195897 9.9964E-05 0.546267
9.9991E-05 0.0601756 0.0927317 0.287697 0.222899 0.0925202 0.243876
9.9991E-05 0.0540845 0.0552368 0.0874176 0.159707 0.0607189 0.582735
9.9964E-05 9.9964E-05 9.9964E-05 0.329694 0.418923 0.250983 9.9964E-05
0.0880257 0.37431 0.0749416 9.9982E-05 9.9982E-05 0.0226428 0.43988
0.187872 0.192614 0.103542 9.9982E-05 9.9982E-05 0.183265 0.332507
0.0494606 0.522006 0.0380369 9.9991E-05 0.0645955 0.016546 0.309255
0.301349 0.124188 0.080628 9.9982E-05 9.9982E-05 0.0127526 0.480882
0.340187 0.144491 0.167513 9.9973E-05 9.9973E-05 0.34751 9.9973E-05
0.0749675 0.0811531 0.175705 0.0977797 0.0935818 0.0161364 0.460677
0.219137 0.162019 0.0858474 0.0212332 0.0582709 9.9991E-05 0.453393
0.0874683 0.408547 0.152553 9.9982E-05 0.0227646 9.9982E-05 0.328467
0.113605 0.154469 0.0488728 0.152132 0.0734871 0.0284671 0.428968
0.124436 0.283551 0.220567 9.9982E-05 9.9982E-05 0.264696 0.106551
0.144783 0.160321 0.0913197 9.9991E-05 0.0175972 0.0664635 0.519416
9.9982E-05 0.287023 0.111028 0.0332841 9.9982E-05 0.0396703 0.528795
0.0216984 0.0683739 0.0961372 0.230218 0.133892 0.123445 0.326236
0.15162 0.263197 0.0774359 9.9982E-05 9.9982E-05 0.111675 0.395872
0.0967896 0.272977 0.138578 9.9982E-05 0.0391038 9.9982E-05 0.452352
0.152209 0.116847 0.0546457 0.0523918 9.9991E-05 0.10734 0.516465
0.0241767 0.170981 0.144841 0.0205576 0.0276803 0.0723351 0.539428
0.100011 0.125774 0.0567194 0.0819064 0.015079 9.9991E-05 0.620411
0.0755183 0.108976 0.11012 0.0762068 0.031747 0.0560122 0.541419
9.9982E-05 0.189339 0.0151916 9.9982E-05 0.0685454 0.146057 0.580667
0.00176891 9.9973E-05 9.9973E-05 0.109836 0.778771 9.9973E-05 0.109325
0.0771055 9.9982E-05 0.00301678 0.0332217 0.832786 9.9982E-05 0.0536704
0.0334251 0.0308812 9.9982E-05 9.9982E-05 0.776537 0.0968694 0.0620873
0.0688186 9.9973E-05 0.0689965 0.0584759 0.803409 9.9973E-05 9.9973E-05
0.00205833 9.9964E-05 9.9964E-05 9.9964E-05 0.831776 9.9964E-05 0.165766
9.9982E-05 0.630804 0.0314334 0.0443582 9.9982E-05 0.0898811 0.203323
0.125566 0.134867 0.079255 0.126277 0.00934441 0.0581114 0.466579
9.9973E-05 9.9973E-05 9.9973E-05 0.120663 0.166042 0.124264 0.588731
0.0418939 0.143586 9.9982E-05 0.0676687 9.9982E-05 0.0565977 0.690053
0.0597427 0.149229 0.213714 9.9982E-05 0.0926143 9.9982E-05 0.4845
0.0943279 0.348909 9.9982E-05 0.0162476 9.9982E-05 0.190789 0.349527
9.9982E-05 0.621015 0.161266 9.9982E-05 0.108586 0.100042 0.00889086
0.0065679 0.294476 0.148458 0.0513232 9.9982E-05 9.9982E-05 0.498974
0.235312 0.53154 9.9982E-05 0.0630111 0.0595581 9.9982E-05 0.110379
0.139377 0.149684 0.0422758 0.0322095 0.0104079 0.221868 0.404178
0.144411 0.481143 0.0460057 0.0196258 0.137036 0.0200637 0.151715
0.0117733 0.22052 9.9991E-05 0.0572664 0.0721519 0.0683753 0.569814
0.0518706 0.541661 0.116134 0.0498687 0.0521778 0.0466852 0.141602
0.0963115 0.264276 0.179318 0.0468793 0.0372219 0.0844499 0.291544
9.9991E-05 0.160472 0.00434075 0.0500484 0.0507782 0.28633 0.447931
0.0944885 0.116929 0.0368901 9.9982E-05 9.9982E-05 0.466622 0.284871
9.9982E-05 0.0359079 0.143269 9.9982E-05 0.0367914 0.212544 0.571288
9.9991E-05 0.0203255 0.0779307 0.0232092 0.11427 0.190656 0.573509
0.011254 0.109134 0.0365515 9.9982E-05 9.9982E-05 0.459765 0.383095
0.0980445 0.10869 0.0491287 0.0250287 0.0240308 0.131664 0.563414
0.118402 9.9982E-05 0.0435401 9.9982E-05 0.00754222 0.238596 0.59172
0.178324 0.130208 0.11707 9.9982E-05 9.9982E-05 0.488304 0.0858932
9.9964E-05 9.9964E-05 0.093769 9.9964E-05 9.9964E-05 0.615738 0.290093
0.0722709 0.0526115 9.9982E-05 9.9982E-05 0.00105708 0.35157 0.52229
0.0713404 0.0998162 0.171959 9.9982E-05 9.9982E-05 0.480636 0.176049
9.9973E-05 0.0838904 0.101898 9.9973E-05 9.9973E-05 0.343513 0.470399
0.0288652 0.565772 0.248523 0.0356712 9.9991E-05 0.0123741 0.108695
0.289993 0.317617 0.112598 0.0511921 9.9991E-05 0.0320947 0.196405
0.173365 0.40063 0.0420475 0.0475218 9.9982E-05 9.9982E-05 0.336236
0.00736363 0.182213 0.0889501 0.0561845 0.00401512 0.027842 0.633432
0.0330162 0.538037 0.198048 0.0114254 9.9982E-05 9.9982E-05 0.219273
0.173323 0.167124 9.9991E-05 0.136858 0.0127133 0.0611222 0.448759
0.000775489 0.254385 0.0253757 0.0867205 0.0425053 0.0311607 0.559077
9.9991E-05 0.210806 0.12764 0.0751679 0.0554076 0.0990079 0.431871
0.0749144 0.240668 0.078619 0.0855759 9.9991E-05 0.00123385 0.518889
9.9982E-05 0.313083 0.226477 0.0211337 0.0514475 9.9982E-05 0.387659
9.9973E-05 0.515782 0.259227 0.0788313 9.9973E-05 9.9973E-05 0.14586
0.0561558 0.422762 0.144912 0.13484 9.9982E-05 9.9982E-05 0.24113
0.136343 0.186058 9.9973E-05 0.0332857 9.9973E-05 9.9973E-05 0.644013
0.0883999 0.180542 0.042964 0.0235126 0.0648599 0.0224619 0.577259
0.183127 0.266701 9.9982E-05 9.9982E-05 0.0310043 0.0829705 0.435997
0.19238 0.243913 9.9973E-05 0.0676654 9.9973E-05 9.9973E-05 0.495741
9.9973E-05 0.396679 9.9973E-05 9.9973E-05 0.0705737 0.0556562 0.476791
0.0395359 0.267701 0.0841311 9.9973E-05 9.9973E-05 9.9973E-05 0.608332
0.193325 0.267469 0.0155588 0.0431424 0.00133197 9.9991E-05 0.479073
0.0475046 0.147162 0.0851512 0.159083 0.0659075 0.0532536 0.441938
9.9991E-05 0.0355743 0.080055 0.070855 0.339356 0.0456083 0.428451
0.108224 9.9982E-05 0.145384 0.23002 0.121742 9.9982E-05 0.394431
0.0200053 9.9982E-05 9.9982E-05 0.11661 0.103307 0.222271 0.537607
0.0845825 0.074793 0.033556 0.0608924 0.149083 9.9991E-05 0.596993
0.083686 9.9982E-05 0.0747071 0.198612 0.238776 9.9982E-05 0.404018
0.112915 0.142079 0.070527 0.00143514 9.9991E-05 0.196187 0.476757
0.0668423 0.0653691 0.0533709 0.0520997 0.201648 9.9991E-05 0.56057
9.9982E-05 9.9982E-05 0.215452 0.11832 0.223043 0.43087 0.012114
0.0540987 0.107864 0.0200292 0.2352 0.101611 9.9991E-05 0.481097
0.163774 0.0616239 9.9991E-05 0.211485 0.0972953 0.0390898 0.426632
0.0654454 0.0490299 0.086239 0.22293 0.0163794 0.104501 0.455475
0.156043 0.0329296 0.0167752 0.111072 0.201574 0.156658 0.324948
0.0151818 9.9991E-05 0.0860004 0.136176 0.152085 0.105313 0.505144
0.0917696 0.0549879 9.9991E-05 0.150007 0.127364 0.0503916 0.52538
0.0269631 9.9973E-05 9.9973E-05 0.188245 0.438768 0.345724 9.9973E-05
0.0378964 0.0616859 0.0442953 0.169057 0.206483 0.0166799 0.463902
0.0733369 9.9973E-05 9.9973E-05 0.154367 0.177347 9.9973E-05 0.594648
0.0163197 0.0433389 0.124966 0.107083 0.135371 0.0514506 0.52147
9.9973E-05 9.9973E-05 9.9973E-05 0.187988 0.222852 0.0880381 0.500821
0.0459498 9.9991E-05 0.0185027 0.073324 0.197235 0.079257 0.585632
0.369815 0.0715145 0.0246221 0.122498 0.0128721 9.9991E-05 0.398578
0.234425 0.0462484 0.00957658 0.081025 0.127734 0.00928864 0.491702
0.806229 0.081503 0.111868 9.9964E-05 9.9964E-05 9.9964E-05 9.9964E-05
0.840644 0.0414124 0.0501067 9.9973E-05 9.9973E-05 0.0675369 9.9973E-05
0.225788 0.0575332 0.100235 0.136229 0.000737265 9.9991E-05 0.479378
0.0884162 0.0743021 9.9991E-05 0.254134 0.117633 0.0834294 0.381985
0.221359 9.9991E-05 0.0399519 0.379501 0.0710758 0.0241715 0.263841
0.0719082 0.0251099 9.9991E-05 0.253884 0.178456 0.243169 0.227372
0.248918 9.9973E-05 9.9973E-05 0.268615 0.231857 9.9973E-05 0.25031
0.72398 9.9973E-05 9.9973E-05 0.104432 0.0763808 0.0949069 9.9973E-05
0.636935 9.9982E-05 9.9982E-05 0.121865 0.0654619 0.0986131 0.0769248
0.370655 9.9973E-05 0.0591078 0.123167 9.9973E-05 9.9973E-05 0.44677
0.516154 9.9973E-05 9.9973E-05 0.11945 0.0135145 9.9973E-05 0.350581
0.651103 9.9973E-05 9.9973E-05 0.112918 0.0530795 9.9973E-05 0.182599
0.302221 0.0013983 0.0426984 0.131212 0.0377005 0.00876841 0.476001
0.354924 0.0132719 9.9982E-05 0.0652756 9.9982E-05 0.0497647 0.516564
0.248351 0.0895731 9.9982E-05 0.0996518 0.12882 9.9982E-05 0.433404
0.601651 0.0810679 9.9973E-05 9.9973E-05 0.0242561 9.9973E-05 0.292725
0.440695 0.0277745 0.131044 9.9982E-05 9.9982E-05 0.0555685 0.344718
0.315881 0.0274827 0.0960085 0.0573892 0.047139 0.000678216 0.455421
0.314331 0.163996 0.0601323 0.0527147 0.0373708 0.0286995 0.342755
0.147367 0.0820928 0.167429 0.150462 0.0614167 0.0110341 0.380198
0.459104 9.9964E-05 9.9964E-05 9.9964E-05 9.9964E-05 0.064199 0.476297
0.781921 0.0286368 9.9973E-05 9.9973E-05 9.9973E-05 0.02379 0.165353
0.405547 9.9973E-05 9.9973E-05 0.00842883 0.0673935 9.9973E-05 0.518331
0.230696 0.126225 0.00258439 0.0877739 0.0826985 0.110148 0.359873
0.77662 0.0192378 0.0109846 9.9973E-05 9.9973E-05 9.9973E-05 0.192858
0.613223 0.0221636 9.9964E-05 9.9964E-05 9.9964E-05 9.9964E-05 0.364214
0.32373 0.00949248 0.0934822 0.00359773 0.021955 9.9991E-05 0.547642
0.417167 0.0876593 0.00409253 9.9982E-05 0.0475953 9.9982E-05 0.443286
0.078046 0.0210265 0.111841 0.267147 0.124148 0.0348612 0.36293
0.196571 0.10617 0.00878957 0.184371 0.0538935 0.152736 0.297468
0.139528 0.00753606 0.0690428 0.276453 0.148456 0.091739 0.267245
0.0752218 0.148135 9.9991E-05 0.221655 0.149198 0.099649 0.306041
9.9982E-05 0.142667 9.9982E-05 0.192249 0.147154 0.0078471 0.509883
0.0777474 0.0671543 0.0225375 0.145023 0.113897 0.0750353 0.498606
0.594547 9.9973E-05 9.9973E-05 0.0995741 0.160929 0.14465 9.9973E-05
0.170509 0.0643849 9.9991E-05 0.158755 0.0508235 0.0164185 0.53901
0.379379 9.9973E-05 9.9973E-05 0.0983744 0.33702 0.184927 9.9973E-05
0.304682 9.9973E-05 9.9973E-05 0.192763 0.0426749 9.9973E-05 0.459581
0.862812 9.9964E-05 0.126927 9.9964E-05 9.9964E-05 9.9964E-05 0.00986107
0.926025 9.9964E-05 0.043838 9.9964E-05 9.9964E-05 0.0297369 9.9964E-05
0.522543 9.9964E-05 0.00913928 9.9964E-05 9.9964E-05 9.9964E-05 0.467918
0.350957 9.9964E-05 9.9964E-05 9.9964E-05 0.0321303 9.9964E-05 0.616513
0.592654 9.9955E-05 9.9955E-05 9.9955E-05 9.9955E-05 9.9955E-05 0.406846
0.460786 9.9955E-05 9.9955E-05 9.9955E-05 9.9955E-05 9.9955E-05 0.538715
0.535379 9.9964E-05 9.9964E-05 0.0044075 9.9964E-05 9.9964E-05 0.459813
0.101743 9.9973E-05 9.9973E-05 0.00364508 0.823006 9.9973E-05 0.0713055
0.0510156 0.0891495 9.9973E-05 0.130323 0.729212 9.9973E-05 9.9973E-05
9.9973E-05 0.0207246 9.9973E-05 0.0790269 0.880546 9.9973E-05 0.0194022
0.0553949 9.9964E-05 9.9964E-05 9.9964E-05 0.938831 9.9964E-05 0.00537392
9.9982E-05 9.9982E-05 0.444341 0.00972172 0.0398194 0.0524639 0.453454
9.9982E-05 0.0201056 0.324227 0.0153547 0.139854 9.9982E-05 0.500259
0.0593523 9.9973E-05 0.536608 9.9973E-05 0.0148504 9.9973E-05 0.388889
0.00885771 0.0370733 0.302379 9.9991E-05 0.0819114 0.0311389 0.53854
9.9991E-05 0.0895737 0.273116 0.0984176 0.037003 0.0421526 0.459637
0.0417149 0.0646283 0.57947 0.0541691 0.00782195 0.0830505 0.169145
0.0234219 0.01962 0.357546 0.143735 9.9982E-05 9.9982E-05 0.455477
0.0265765 9.9973E-05 0.425159 9.9973E-05 9.9973E-05 0.161724 0.386241
9.9982E-05 0.0636973 9.9982E-05 0.173233 0.239135 0.0842284 0.439506
0.103764 0.0143585 0.334338 0.0375386 9.9991E-05 0.0631974 0.446704
0.0172189 0.0505299 0.614351 0.0230105 0.0215149 9.9991E-05 0.273275
0.093846 0.0671903 0.260475 0.00126694 9.9982E-05 9.9982E-05 0.577022
0.0530823 0.022056 0.524803 9.9973E-05 9.9973E-05 9.9973E-05 0.399759
0.0451751 9.9982E-05 0.365191 0.0222114 0.00583103 9.9982E-05 0.561392
0.0687171 0.0465247 0.314244 0.0309138 0.00947698 9.9991E-05 0.530023
0.0905227 9.9955E-05 0.908978 9.9955E-05 9.9955E-05 9.9955E-05 9.9955E-05
0.0758362 0.0390412 0.583176 9.9991E-05 0.00379837 0.0797167 0.218332
9.9973E-05 0.0166639 0.652638 9.9973E-05 0.0308461 9.9973E-05 0.299552
0.0435697 9.9964E-05 0.794616 9.9964E-05 9.9964E-05 0.161414 9.9964E-05
0.018809 0.116728 0.343166 9.9991E-05 0.0335278 0.00314378 0.484526
0.0416276 0.0136732 0.636281 9.9982E-05 9.9982E-05 0.277134 0.0310838
0.0905087 9.9964E-05 0.73886 9.9964E-05 9.9964E-05 0.170231 9.9964E-05
0.0455713 9.9982E-05 0.368626 9.9982E-05 0.0663801 0.00972379 0.509499
0.0290446 0.144783 0.614594 9.9982E-05 0.0359754 9.9982E-05 0.175403
9.9973E-05 0.0389134 0.521396 0.123796 9.9973E-05 9.9973E-05 0.315595
0.0930543 0.0320238 0.0814097 0.0224525 0.11254 0.0714003 0.587119
9.9982E-05 0.0831411 0.360659 0.0589321 9.9982E-05 0.0277242 0.469343
0.0888253 0.248783 0.129091 0.0311993 9.9991E-05 0.127679 0.374322
0.145666 0.0100105 0.26463 9.9982E-05 0.0334736 9.9982E-05 0.54602
9.9982E-05 0.0872647 0.481867 0.0331521 0.0461596 9.9982E-05 0.351357
9.9973E-05 9.9973E-05 0.671744 0.0169744 9.9973E-05 0.0399199 0.271061
0.0332081 0.0287229 0.286178 0.0715561 0.0597236 9.9991E-05 0.520512
9.9982E-05 0.282425 0.0542052 9.9982E-05 0.614628 0.0465871 0.00195506
0.0324203 0.0998344 0.0859356 9.9991E-05 0.736258 0.00941638 0.0360352
9.9964E-05 0.131787 9.9964E-05 9.9964E-05 0.797019 0.0707941 9.9964E-05
0.0393106 0.153285 9.9973E-05 9.9973E-05 0.799625 0.00747883 9.9973E-05
9.9973E-05 0.220315 9.9973E-05 9.9973E-05 0.741969 0.0146718 0.0227446
9.9982E-05 0.144482 0.719925 0.0751783 0.022447 9.9982E-05 0.0377671
9.9973E-05 0.172857 0.658286 9.9973E-05 0.0449275 9.9973E-05 0.12363
0.0381951 9.9982E-05 0.833231 0.00646171 9.9982E-05 0.0294064 0.0925061
0.0105315 0.12406 0.241559 0.142516 0.00356741 0.0450011 0.432765
0.0147182 9.9991E-05 0.318398 0.0772879 0.0644868 0.00849085 0.516518
9.9982E-05 9.9982E-05 0.603798 0.0360405 0.00406217 0.0759151 0.279984
0.0558463 0.0312827 0.327146 0.0373296 9.9982E-05 9.9982E-05 0.548196
9.9982E-05 9.9982E-05 0.489487 0.0835809 0.0224407 0.0484444 0.355847
0.0140788 0.0395782 0.365474 9.9982E-05 0.0473066 9.9982E-05 0.533362
9.9991E-05 0.0942665 0.246911 0.0468613 0.031759 0.0143653 0.565737
0.0418562 0.170593 0.529603 0.0319477 9.9991E-05 0.00737201 0.218528
9.9964E-05 0.0751208 0.58799 9.9964E-05 9.9964E-05 9.9964E-05 0.336489
0.0255954 0.146269 0.541469 0.0291724 9.9982E-05 9.9982E-05 0.257294
0.0149264 0.137793 9.9982E-05 9.9982E-05 0.0700594 0.136671 0.640351
9.9964E-05 0.0867289 0.494416 9.9964E-05 9.9964E-05 9.9964E-05 0.418456
0.0187295 0.128676 0.344705 0.0211578 9.9991E-05 0.0183156 0.468317
9.9982E-05 0.0607116 9.9982E-05 0.453265 0.053178 0.044629 0.388017
0.041233 0.0542115 9.9991E-05 0.525857 0.0345745 0.0493134 0.294711
9.9973E-05 9.9973E-05 9.9973E-05 0.481262 0.0680491 0.0965802 0.353808
0.0123949 9.9982E-05 9.9982E-05 0.515761 0.157805 0.098172 0.215667
0.0342737 0.0402849 0.0280511 0.376921 0.0444473 0.0517457 0.424276
9.9973E-05 9.9973E-05 0.258572 0.0472069 9.9973E-05 0.224734 0.469188
9.9982E-05 0.00660495 9.9982E-05 0.607962 0.253937 0.0432833 0.0880121
0.0150529 0.0176048 9.9982E-05 0.39941 0.251611 9.9982E-05 0.316121
9.9982E-05 9.9982E-05 0.0977005 0.120973 0.0831906 0.301347 0.396589
0.014688 0.0352377 9.9982E-05 9.9982E-05 0.0807079 0.311169 0.557997
0.00721911 0.0813728 0.0611149 9.9991E-05 0.119853 0.30226 0.42808
9.9982E-05 0.178859 9.9982E-05 0.0834921 0.0611329 0.204832 0.471484
0.0447148 9.9982E-05 9.9982E-05 0.00244088 0.10223 0.198366 0.652048
9.9973E-05 9.9973E-05 9.9973E-05 0.428277 0.180334 0.0347829 0.356306
0.00271968 0.12444 0.0010597 0.370037 0.14573 9.9991E-05 0.355914
9.9973E-05 9.9973E-05 9.9973E-05 0.454793 0.0529544 0.0322716 0.459681
9.9991E-05 0.0045526 0.0643469 0.267882 0.134249 0.0315022 0.497367
0.0310251 9.9991E-05 0.0319501 0.45625 0.119135 0.0584453 0.303094
0.0255978 9.9982E-05 0.126859 0.282518 0.200846 9.9982E-05 0.363979
0.1013 9.9973E-05 9.9973E-05 0.588333 0.124916 9.9973E-05 0.185151
0.0919981 0.0950585 9.9991E-05 0.459759 0.0165529 0.024995 0.311537
9.9982E-05 9.9982E-05 0.0440821 0.0261027 0.0512897 0.31657 0.561756
0.00625256 0.1789 0.0218404 0.464513 0.137991 9.9991E-05 0.190402
9.9973E-05 9.9973E-05 9.9973E-05 0.650375 0.202582 0.0253816 0.121361
0.0397302 0.0713818 0.0780484 0.320413 0.108997 9.9991E-05 0.38133
9.9991E-05 0.204549 0.0513605 0.0066032 0.0856534 0.431805 0.219929
9.9973E-05 0.0509972 9.9973E-05 0.0265736 9.9973E-05 0.265311 0.656818
0.0115549 9.9991E-05 0.0530309 0.295965 0.209147 0.0766165 0.353585
9.9973E-05 0.0670051 9.9973E-05 9.9973E-05 0.0871268 0.172232 0.673336
9.9982E-05 0.0755242 0.0961429 9.9982E-05 0.133065 0.168903 0.526165
0.0423123 0.0481602 0.0941759 0.259317 0.149849 0.15607 0.250115
0.0352449 9.9982E-05 9.9982E-05 0.320655 0.231038 0.148146 0.264716
0.0766465 0.109688 9.9991E-05 0.147838 0.0801008 0.0588114 0.526815
0.00773432 0.0605763 0.0685747 0.372063 0.146814 0.0878414 0.256397
0.104934 9.9982E-05 9.9982E-05 0.441134 0.0830214 0.0319423 0.338768
0.0271608 9.9982E-05 9.9982E-05 0.531301 0.225835 0.0126404 0.202863
0.109272 0.0487938 0.0104768 0.0367455 0.0564859 0.179804 0.558422
9.9982E-05 0.0943122 0.0908463 9.9982E-05 0.0535315 0.259429 0.501681
0.0227687 9.9991E-05 0.00174056 0.00850103 0.08392 0.638163 0.244807
9.9991E-05 0.0269063 0.0681746 0.0743711 0.10765 0.103769 0.619029
0.123682 0.161302 0.0924664 9.9991E-05 0.0817681 0.0905469 0.450135
9.9982E-05 9.9982E-05 0.138216 0.136746 0.160636 0.108625 0.455578
0.047229 0.121351 0.110442 0.174345 0.117501 0.0862655 0.342868
9.9964E-05 9.9964E-05 9.9964E-05 0.191588 0.248359 0.559653 9.9964E-05
9.9964E-05 9.9964E-05 9.9964E-05 0.114459 0.194212 0.69093 9.9964E-05
0.0623516 0.0344073 9.9991E-05 0.0571379 0.151119 0.345226 0.349658
9.9973E-05 9.9973E-05 9.9973E-05 0.193502 0.306604 0.45146 0.0481337
9.9964E-05 9.9964E-05 9.9964E-05 0.228418 0.35331 0.417872 9.9964E-05
0.102139 0.0262685 0.0749419 0.173501 0.131499 0.214511 0.27714
0.0843577 9.9991E-05 0.0131422 0.126433 0.233246 0.135212 0.40751
0.00976461 0.066983 0.0508962 0.196265 0.227283 0.284843 0.163965
0.00562097 9.9982E-05 9.9982E-05 0.160778 0.251238 0.457292 0.124872
0.0161193 0.0966274 9.9991E-05 0.15177 0.158572 0.10981 0.467
0.0894914 9.9991E-05 0.101866 0.184579 0.163941 0.387709 0.0723138
9.9964E-05 9.9964E-05 9.9964E-05 0.0435178 0.331969 0.624113 9.9964E-05
9.9982E-05 0.135833 9.9982E-05 0.215767 0.0801353 0.117939 0.450126
0.0183562 0.0536176 9.9991E-05 0.28787 0.105081 0.206559 0.328416
9.9991E-05 0.0137013 0.0247653 0.168827 0.282895 0.0623439 0.447367
9.9964E-05 9.9964E-05 9.9964E-05 0.29822 0.148349 9.9964E-05 0.553031
0.175513 0.0651442 0.134583 0.172561 0.0971513 9.9991E-05 0.354948
0.0374867 9.9982E-05 0.110622 0.183569 0.156265 9.9982E-05 0.511857
0.0504427 9.9982E-05 9.9982E-05 0.155244 0.116806 0.145504 0.531803
0.00445333 0.0040405 9.9991E-05 0.174052 0.399473 0.0450821 0.3728
0.0371954 9.9982E-05 9.9982E-05 0.0678241 0.308535 0.00476769 0.581477
9.9982E-05 0.00650611 0.0893343 0.314184 0.233458 9.9982E-05 0.356318
0.0440872 0.0549462 9.9991E-05 0.202104 0.204331 0.213684 0.280747
0.126651 0.0305689 0.231878 0.150308 0.163009 0.08619 0.211395
9.9991E-05 0.0338053 0.142575 0.096685 0.132507 0.0635988 0.530728
0.015021 0.00551755 0.0345114 0.0939109 0.212451 0.0724572 0.566131
0.0753541 0.0469241 0.0601325 0.0970336 0.0640984 0.0545232 0.601934
9.9982E-05 0.0044504 9.9982E-05 0.254805 0.24945 0.11968 0.371415
0.0905621 9.9973E-05 9.9973E-05 0.165886 0.23805 9.9973E-05 0.505202
0.0677323 9.9982E-05 9.9982E-05 0.210141 0.352427 0.209838 0.159662
0.0588748 9.9991E-05 0.0741977 0.195058 0.205364 0.00866482 0.45774
0.092067 9.9982E-05 9.9982E-05 0.245297 0.276393 0.16065 0.225393
0.000568907 0.102373 0.0599835 9.9982E-05 0.798172 0.0387023 9.9982E-05
0.00659977 0.747663 0.0148694 9.9991E-05 0.0745067 0.0270621 0.1292
0.0385771 0.958186 9.9964E-05 9.9964E-05 0.00283742 9.9964E-05 9.9964E-05
9.995E-05 0.9994 9.995E-05 9.995E-05 9.995E-05 9.995E-05 9.995E-05
0.051492 0.930447 9.9964E-05 9.9964E-05 9.9964E-05 9.9964E-05 0.0176611
9.9973E-05 0.9001 9.9973E-05 0.0414834 0.00138269 9.9973E-05 0.0567344
0.0289441 0.872758 9.9964E-05 9.9964E-05 9.9964E-05 9.9964E-05 0.0978977
9.9955E-05 0.922313 9.9955E-05 9.9955E-05 0.0771871 9.9955E-05 9.9955E-05
9.9955E-05 0.791665 9.9955E-05 9.9955E-05 0.207835 9.9955E-05 9.9955E-05
9.9964E-05 0.0362605 9.9964E-05 9.9964E-05 0.936312 9.9964E-05 0.0270279
0.0377991 0.116928 9.9973E-05 9.9973E-05 0.836461 9.9973E-05 0.00851179
9.9973E-05 9.9973E-05 9.9973E-05 0.0803632 0.878863 0.0124984 0.0279753
0.0498988 0.0640374 9.9982E-05 9.9982E-05 0.852736 0.0231072 0.0100205
9.9982E-05 0.0423301 0.0058165 0.0640215 0.874714 0.0129181 9.9982E-05
0.0306898 0.0550856 0.00397464 0.0379068 0.872143 9.9982E-05 9.9982E-05
9.9991E-05 0.0478399 0.0174248 0.152643 0.719732 0.0208014 0.0414582
0.069047 0.00958901 0.000458786 0.0718448 0.841007 0.000854937 0.00719802
0.0448522 0.0926554 0.0908787 0.0831163 0.671459 0.0169386 9.9991E-05
9.9973E-05 9.9973E-05 0.0108738 0.0293413 0.941041 9.9973E-05 0.0184439
0.00945096 0.0272223 0.0149608 9.9973E-05 0.948066 9.9973E-05 9.9973E-05
0.0124485 0.0308525 0.00455248 0.0506944 0.857227 0.0441253 9.9991E-05
9.9964E-05 0.0261578 9.9964E-05 9.9964E-05 0.947303 0.0261388 9.9964E-05
9.9973E-05 9.9973E-05 9.9973E-05 0.00766549 0.900984 0.0473764 0.0436746
9.9973E-05 9.9973E-05 0.0324227 0.0151099 0.862077 9.9973E-05 0.0900905
9.9964E-05 9.9964E-05 9.9964E-05 0.0191662 0.816614 9.9964E-05 0.16382
9.9964E-05 9.9964E-05 9.9964E-05 0.0887577 0.768346 9.9964E-05 0.142496
9.9964E-05 9.9964E-05 9.9964E-05 0.0347127 0.796591 9.9964E-05 0.168297
9.9964E-05 9.9964E-05 9.9964E-05 0.0395242 0.776681 9.9964E-05 0.183395
0.0144334 0.138506 0.0338886 9.9991E-05 0.125902 0.270504 0.416666
9.9973E-05 9.9973E-05 0.0621108 9.9973E-05 0.0610226 0.17951 0.697057
0.048287 0.048951 0.110548 0.0919229 0.10876 0.0691124 0.522418
0.0108953 9.9973E-05 0.106544 9.9973E-05 9.9973E-05 0.697705 0.184556
0.0366624 0.102752 0.00594922 9.9991E-05 0.101774 0.238932 0.51383
0.0142233 9.9982E-05 0.0151028 9.9982E-05 0.0375259 0.721407 0.211541
9.9973E-05 9.9973E-05 0.0485643 9.9973E-05 0.0597148 0.23382 0.657601
9.9982E-05 0.153574 0.0943583 9.9982E-05 0.0417769 0.245905 0.464186
9.9973E-05 0.11028 9.9973E-05 9.9973E-05 0.0308697 0.26555 0.593001
0.04066 9.9991E-05 0.45641 0.0272302 0.0121276 0.008666 0.454806
9.9973E-05 0.179657 9.9973E-05 9.9973E-05 0.00522785 0.391458 0.423357
0.045931 9.9973E-05 9.9973E-05 9.9973E-05 0.132474 0.110673 0.710622
9.9982E-05 0.133738 0.0768062 9.9982E-05 0.0412151 0.149487 0.598553
0.14334 0.459429 0.180006 0.0771271 9.9991E-05 0.113982 0.0260156
0.0607202 0.0591376 0.0102862 9.9973E-05 9.9973E-05 0.869556 9.9973E-05
9.9964E-05 0.0337242 9.9964E-05 9.9964E-05 9.9964E-05 0.729019 0.236857
0.00636635 0.0153048 0.124348 0.0190951 0.0720189 0.143284 0.619583
9.9973E-05 0.107515 9.9973E-05 9.9973E-05 0.0339725 0.29333 0.564883
