0.0151009 9.9973E-05 9.9973E-05 0.904485 0.036059 9.9973E-05 0.0440551
9.9973E-05 0.0326865 9.9973E-05 0.912408 0.019673 9.9973E-05 0.034933
0.0555068 9.9973E-05 0.0525726 0.787495 9.9973E-05 0.104126 9.9973E-05
0.0984775 9.9982E-05 0.0407162 0.747332 9.9982E-05 0.0753732 0.037901
0.0631289 0.0159751 0.0204388 0.844001 9.9982E-05 9.9982E-05 0.0562562
0.0790578 0.1115 0.0620839 0.544585 0.093663 9.9991E-05 0.10901
0.029425 0.0851325 9.9982E-05 0.838883 9.9982E-05 0.0388889 0.0074703
0.00345205 0.128339 9.9982E-05 0.744936 9.9982E-05 0.085995 0.0370781
9.99729E-05 0.0572275 9.99729E-05 0.83228 0.0521811 9.99729E-05 0.0580116
0.0862082 0.068519 0.0833617 0.664246 9.9982E-05 9.9982E-05 0.0974651
9.9973E-05 0.112016 9.9973E-05 0.731572 0.045133 9.9973E-05 0.110979
0.0713693 9.9964E-05 9.9964E-05 9.9964E-05 0.0691982 0.859033 9.9964E-05
0.0121264 9.9991E-05 0.39988 0.0137949 0.0647324 0.470595 0.0387714
0.0277253 0.144083 0.0987264 0.0400345 9.9982E-05 0.689231 9.9982E-05
0.123348 9.9982E-05 0.0449053 0.055218 0.00357078 0.772758 9.9982E-05
0.173001 9.9973E-05 0.202663 0.0870233 9.9973E-05 0.537012 9.9973E-05
0.115261 9.9982E-05 0.486572 0.0115023 0.0246198 0.361845 9.9982E-05
0.0735079 9.9982E-05 0.272261 9.9982E-05 0.13716 0.508519 0.00835241
0.0328791 9.9982E-05 0.123665 0.117932 0.0641376 0.661186 9.9982E-05
9.9973E-05 0.139019 9.9973E-05 0.00176779 9.9973E-05 0.756366 0.102548
0.0789173 0.0407363 0.240442 9.9991E-05 0.172304 0.455621 0.0118788
0.039206 0.22641 0.359591 0.0135793 9.9991E-05 0.331786 0.0293273
9.999E-05 0.0597524 0.527871 0.0472646 0.0451902 0.264166 0.0556558
0.0814522 0.0188903 0.0816666 0.00887904 0.088157 0.720855 9.9991E-05
0.00503213 0.0391223 0.568821 0.0999025 0.031976 0.255046 9.9991E-05
0.114529 9.9973E-05 0.415033 0.019138 9.9973E-05 0.450999 9.9973E-05
0.0608364 9.9973E-05 9.9973E-05 0.0343078 0.0397947 0.864761 9.9973E-05
0.122267 9.9955E-05 9.9955E-05 9.9955E-05 9.9955E-05 0.877233 9.9955E-05
9.9964E-05 0.125867 9.9964E-05 0.0103403 9.9964E-05 0.863393 9.9964E-05
0.0768433 9.9964E-05 0.084227 0.83853 9.9964E-05 9.9964E-05 9.9964E-05
9.9964E-05 9.9964E-05 0.149564 0.820263 9.9964E-05 0.0297731 9.9964E-05
0.0612933 9.9964E-05 0.119222 0.819085 9.9964E-05 9.9964E-05 9.9964E-05
0.0636871 9.9973E-05 0.15947 0.716446 0.0600969 9.9973E-05 9.9973E-05
0.0153343 0.0245298 0.499396 0.0525257 0.242641 0.0741028 0.0914707
0.111631 9.9982E-05 0.426424 0.0635922 0.343399 0.054754 9.9982E-05
9.9964E-05 9.9964E-05 0.531479 9.9964E-05 0.424608 9.9964E-05 0.0435134
9.9982E-05 0.0200747 9.9982E-05 0.102403 0.107274 0.610811 0.159237
0.0286635 0.121283 0.326297 9.9973E-05 0.523456 9.9973E-05 9.9973E-05
0.0505025 0.0694268 0.430401 0.0590203 0.172536 0.210544 0.00756901
0.0127584 9.9973E-05 0.665661 0.0685666 0.252714 9.9973E-05 9.9973E-05
9.9991E-05 0.0162718 0.60126 0.139735 0.165123 0.00213159 0.0753792
0.0815713 0.0428819 0.573973 0.0887089 0.116967 9.9991E-05 0.0957984
9.9973E-05 9.9973E-05 0.0738321 0.0617417 0.780083 0.0840437 9.9973E-05
0.0808574 0.0535553 0.478693 0.0735878 0.205853 0.0911783 0.0162748
0.184327 0.0134554 0.371964 9.9982E-05 0.333816 9.9982E-05 0.0962377
0.0464618 0.0512911 0.567103 0.150473 0.142205 0.0220953 0.0203709
0.0215276 0.00796986 0.29169 9.9973E-05 0.678513 9.9973E-05 9.9973E-05
9.9982E-05 0.00819563 0.709974 9.9982E-05 0.207236 0.00718406 0.0672107
0.00951652 0.00611543 0.584395 0.129149 0.195326 0.0753979 9.9991E-05
9.9964E-05 0.350117 9.9964E-05 0.0643308 0.585152 9.9964E-05 9.9964E-05
9.9982E-05 0.184399 0.0767198 9.9982E-05 0.138773 0.342868 0.25704
9.9982E-05 0.425972 0.0254353 0.0455867 0.125696 0.37711 9.9982E-05
0.0448393 0.166123 0.508452 0.00904128 0.0114053 0.197131 0.0630084
0.0509109 0.114353 0.578843 0.104019 9.9991E-05 0.145797 0.00597811
0.152418 0.109336 0.465081 0.0366499 9.9982E-05 0.236315 9.9982E-05
9.9991E-05 0.11795 0.091071 0.106338 0.380661 0.12512 0.17876
0.031655 0.0946233 0.539457 9.9991E-05 0.0491151 0.195974 0.0890761
0.12344 0.0335169 0.467684 0.0282083 0.0854937 0.261557 9.9991E-05
0.0339782 0.0777653 0.262904 0.138286 0.13591 0.240308 0.110849
0.0753779 0.181993 9.9991E-05 0.217485 0.128828 0.327219 0.0689975
0.0739748 9.9991E-05 0.467925 0.075547 0.121998 0.134317 0.126138
9.9991E-05 0.109987 0.345933 0.0803653 0.0545566 0.388784 0.0202732
9.9982E-05 0.18119 9.9982E-05 0.0552159 0.156507 0.477586 0.129301
9.9973E-05 0.0700753 0.39731 9.9973E-05 0.134827 0.397488 9.9973E-05
0.0328725 0.169078 0.649457 9.9991E-05 0.000765585 0.109121 0.0386053
0.0524163 0.0275284 0.48468 0.084313 0.0156914 0.335271 9.9991E-05
0.0464251 0.0942026 0.0916417 0.102751 0.23185 0.433029 9.9991E-05
0.133581 0.0128967 0.266653 9.9982E-05 0.141629 0.445039 9.9982E-05
9.9982E-05 0.14335 0.610229 0.0486513 9.9982E-05 0.0477971 0.149772
9.9991E-05 0.149314 0.120206 0.00678375 0.181049 0.417009 0.125539
9.9982E-05 0.0102851 0.458854 9.9982E-05 0.399982 0.111356 0.0193218
9.9973E-05 9.9973E-05 0.119227 0.0231302 0.675053 0.18229 9.9973E-05
0.0160355 0.0294704 0.554449 0.0706116 0.147105 0.124826 0.0575027
9.9973E-05 0.225457 9.9973E-05 0.00652914 0.766286 9.9973E-05 0.0014281
9.9964E-05 0.151363 9.9964E-05 9.9964E-05 0.769905 0.0783319 9.9964E-05
9.9964E-05 0.0104376 0.286214 9.9964E-05 0.702949 9.9964E-05 9.9964E-05
9.9973E-05 9.9973E-05 0.362081 0.0361856 0.480731 0.120702 9.9973E-05
0.0131931 9.9982E-05 0.565362 0.0894258 0.0981 0.23372 9.9982E-05
0.0434271 9.9982E-05 0.388135 0.00765552 0.54146 9.9982E-05 0.0191228
0.0424575 9.9991E-05 0.0574703 0.030669 0.636594 0.135572 0.0971371
0.0512397 9.9991E-05 0.106367 0.0418493 0.51321 0.0799788 0.207255
0.202277 9.9982E-05 0.326632 0.040462 0.309902 0.120527 9.9982E-05
0.0642643 9.9991E-05 0.157108 0.024484 0.632007 0.121479 0.000557107
0.0423728 9.9982E-05 0.302077 0.0188072 0.539717 0.0968261 9.9982E-05
0.00162881 0.0650282 0.407601 9.9973E-05 0.525442 9.9973E-05 9.9973E-05
9.9964E-05 0.290718 9.9964E-05 9.9964E-05 0.665865 0.0430175 9.9964E-05
0.0389904 9.9982E-05 0.5708 9.9982E-05 0.290277 0.0495436 0.0501895
9.9964E-05 9.9964E-05 0.0975014 0.813743 9.9964E-05 0.088356 9.9964E-05
9.9964E-05 9.9964E-05 0.0720973 0.922577 0.00492619 9.9964E-05 9.9964E-05
0.0356073 9.9973E-05 0.072554 0.861805 9.9973E-05 9.9973E-05 0.0297338
0.0218488 0.0125266 0.0330896 0.932235 9.9973E-05 9.9973E-05 9.9973E-05
0.0221719 9.9982E-05 0.0820273 0.893182 0.00101452 0.00140487 9.9982E-05
0.0327355 0.0169763 0.0396121 0.882685 0.0111347 9.9991E-05 0.0167565
9.99551E-05 9.99551E-05 0.0728859 0.926614 9.99551E-05 9.99551E-05 9.99551E-05
0.0818305 9.9991E-05 0.331544 0.133285 0.326597 0.120288 0.00635555
0.0734824 9.9991E-05 0.518812 0.113845 0.20081 0.0713208 0.021629
9.9973E-05 0.0528613 9.9973E-05 0.00903404 0.812272 0.125532 9.9973E-05
0.0570526 0.0730936 0.54936 0.0700679 0.139554 0.0196268 0.0912452
0.0104762 9.9982E-05 0.389316 0.0310424 0.439409 0.129557 9.9982E-05
0.0284347 9.9973E-05 0.624346 0.0235286 0.323391 9.9973E-05 9.9973E-05
0.0466637 0.0332306 0.496157 0.0345562 0.276793 0.0818265 0.030773
0.0535515 9.9964E-05 0.473644 9.9964E-05 0.472405 9.9964E-05 9.9964E-05
9.9973E-05 9.9973E-05 9.9973E-05 0.0556256 0.758102 0.0439792 0.141994
9.9973E-05 9.9973E-05 0.492972 0.228076 0.152803 9.9973E-05 0.125849
0.00365185 9.9991E-05 0.620314 0.0245879 0.118472 0.157818 0.0750564
0.119948 9.9991E-05 0.461934 0.00306475 0.18255 0.149434 0.08297
0.00930431 0.145505 0.256914 9.9973E-05 0.587977 9.9973E-05 9.9973E-05
9.9973E-05 0.101174 0.5115 0.0426711 0.344356 9.9973E-05 9.9973E-05
9.9982E-05 9.9982E-05 0.399983 0.0310053 0.384914 0.175095 0.00880325
0.0749609 0.00104648 0.314772 9.9973E-05 0.608921 9.9973E-05 9.9973E-05
9.9973E-05 9.9973E-05 0.415235 0.0426606 0.358441 0.183364 9.9973E-05
0.0577229 9.9991E-05 0.479818 0.115992 0.194741 0.124421 0.0272057
9.9991E-05 0.282389 0.164446 0.0731116 0.0379724 0.419335 0.0226456
0.0539716 0.0712778 0.339902 0.0861121 0.00650312 0.239385 0.202848
0.121834 0.0584643 0.512953 0.0755282 9.9991E-05 0.110553 0.120567
0.112851 0.0286812 0.422635 0.00126674 0.0818463 0.300368 0.0523519
9.9982E-05 0.0150396 0.372412 0.0592942 9.9982E-05 0.472158 0.0808963
0.0088968 9.9982E-05 0.489146 0.0421909 9.9982E-05 0.352951 0.106615
0.0659716 9.9973E-05 0.366587 9.9973E-05 9.9973E-05 0.481901 0.0852406
0.00788199 0.0607827 0.523263 0.0182379 0.141184 0.139989 0.108662
9.9991E-05 0.0495318 0.562542 0.0806545 0.0127441 0.164787 0.129641
9.9991E-05 0.0829934 0.539398 0.042821 0.0710311 0.249621 0.0140349
9.9982E-05 9.9982E-05 0.396661 0.0161853 0.0946273 0.336478 0.155848
0.111775 0.0145492 0.640833 0.0379957 0.0307535 0.0348721 0.129222
0.0858129 0.139951 0.45478 0.10575 9.9991E-05 0.1495 0.0641061
0.0518443 0.00629916 0.493562 0.00270758 0.0694008 0.308675 0.0675113
0.0397772 0.208396 0.602649 0.000647454 0.00827528 0.0738475 0.0664075
0.108412 0.136821 0.504916 9.9991E-05 0.0247822 0.135536 0.0894329
9.9982E-05 0.167061 0.340653 0.0948039 9.9982E-05 0.322371 0.0749099
9.9982E-05 0.0539551 0.626496 0.0102561 9.9982E-05 0.253482 0.0556109
9.9973E-05 0.100565 0.623247 0.0227073 9.9973E-05 0.253181 9.9973E-05
0.0665613 0.0527199 0.12599 0.00102054 0.168071 0.415013 0.170624
0.0882745 0.373966 0.0661712 0.00869196 0.0537378 0.335345 0.0738133
0.0217517 0.0530889 0.454826 0.0497987 0.0826581 0.201416 0.13646
0.0647204 0.352457 0.0249176 9.9991E-05 0.117019 0.27125 0.169536
9.9991E-05 0.115328 0.153657 0.0355542 0.0643637 0.52812 0.102877
9.9982E-05 0.0503147 0.331837 9.9982E-05 0.154862 0.416742 0.0460441
9.9982E-05 9.9982E-05 0.196102 0.0758882 0.12936 0.50589 0.0925593
0.0171264 9.9991E-05 0.120503 0.0191608 0.171653 0.521642 0.149814
0.0901776 0.00831685 0.465809 0.0604024 0.0699312 0.305263 9.9991E-05
0.122224 0.0861675 0.488351 0.0417099 0.0993471 0.0501352 0.112065
9.9991E-05 0.104281 0.489845 0.0480441 0.139659 0.206638 0.011432
0.00758794 0.353744 0.108512 9.9991E-05 0.0109191 0.418741 0.100396
9.9991E-05 0.0908848 0.556506 0.121444 0.0581312 0.133014 0.0399196
0.026349 0.266315 0.482565 0.0583607 9.9991E-05 0.1229 0.0434099
9.9991E-05 0.585989 0.0188799 0.132167 0.0831017 0.0893711 0.090391
0.0462095 0.137592 0.676575 0.0942312 0.0451922 9.9982E-05 9.9982E-05
0.0910162 0.23333 0.286751 0.0609799 0.22913 0.0220195 0.0767734
9.9991E-05 0.125974 0.50068 0.0989245 0.121504 0.116631 0.0361873
9.9991E-05 0.369393 0.337199 0.101828 0.0631225 0.0427613 0.0855961
9.9991E-05 0.425317 0.191498 0.0545076 0.129005 0.0734732 0.1261
0.0106239 0.31298 0.40265 0.026447 0.0903091 0.0628064 0.0941833
0.100181 0.30543 0.501877 9.9973E-05 9.9973E-05 9.9973E-05 0.0922114
0.0302864 0.194786 0.443146 0.0712554 9.9991E-05 0.181405 0.0790217
0.141609 0.438019 9.9991E-05 0.0791286 0.192738 0.0992929 0.0491126
0.0720074 0.171219 0.453275 0.108908 0.0227911 0.142703 0.0290957
9.9982E-05 0.301757 0.368184 9.9982E-05 0.189237 0.0920056 0.0486165
9.9973E-05 0.197494 0.402845 9.9973E-05 0.139652 0.259709 9.9973E-05
0.00449203 9.9991E-05 0.571571 0.106092 0.172636 0.0765306 0.0685772
0.311632 0.275566 0.0735067 0.258024 9.9982E-05 0.0810711 9.9982E-05
0.138044 0.308566 9.9964E-05 0.55299 9.9964E-05 9.9964E-05 9.9964E-05
0.140497 0.406776 9.9964E-05 0.452327 9.9964E-05 9.9964E-05 9.9964E-05
0.331846 0.120379 0.0457673 0.39979 9.9982E-05 0.102018 9.9982E-05
9.9973E-05 0.234081 0.682732 9.9973E-05 0.0381347 9.9973E-05 0.0447516
0.0412141 0.140634 0.533176 0.101492 0.110574 0.0728091 9.9991E-05
0.665561 9.9973E-05 0.216775 9.9973E-05 0.0317313 0.0856327 9.9973E-05
0.462726 9.9982E-05 0.204726 9.9982E-05 0.0519724 0.246499 0.0338766
0.42478 0.0123881 0.359404 0.0222185 9.9991E-05 0.120264 0.060846
9.9982E-05 0.532678 0.430464 9.9982E-05 0.0209844 0.0108608 0.00481282
0.123296 0.218167 0.441939 0.00124512 0.111689 0.0424847 0.0611794
9.9973E-05 0.65115 0.330183 0.00270671 9.9973E-05 0.0156609 9.9973E-05
0.0100521 0.269594 0.595984 9.9982E-05 0.0446279 0.0795422 9.9982E-05
0.00924573 0.308122 0.475964 9.9991E-05 0.100204 0.0812369 0.0251267
0.00990515 0.222782 0.661522 9.9982E-05 9.9982E-05 0.0469013 0.05869
9.9973E-05 0.570341 0.227566 9.9973E-05 0.0814702 0.120324 9.9973E-05
0.0925448 0.0749915 0.51491 0.00725176 0.245998 0.0642047 9.9991E-05
9.9982E-05 0.159096 0.607651 0.108677 9.9982E-05 0.0813278 0.0430471
0.958608 0.0397935 9.9964E-05 9.9964E-05 0.0011988 9.9964E-05 9.9964E-05
0.872836 9.9964E-05 0.0989724 9.9964E-05 9.9964E-05 9.9964E-05 0.0277919
0.632397 0.0436585 0.16054 0.0336432 0.103605 0.0260556 9.9991E-05
0.658394 9.9964E-05 0.294211 9.9964E-05 9.9964E-05 0.0469954 9.9964E-05
0.794197 9.9973E-05 0.100256 9.9973E-05 0.0219418 0.0833058 9.9973E-05
0.9994 9.995E-05 9.995E-05 9.995E-05 9.995E-05 9.995E-05 9.995E-05
0.951213 9.9955E-05 9.9955E-05 9.9955E-05 9.9955E-05 0.0482875 9.9955E-05
0.829161 9.9964E-05 0.14868 9.9964E-05 9.9964E-05 0.0217587 9.9964E-05
0.960951 9.9955E-05 9.9955E-05 9.9955E-05 9.9955E-05 9.9955E-05 0.0385489
0.9994 9.995E-05 9.995E-05 9.995E-05 9.995E-05 9.995E-05 9.995E-05
0.9994 9.995E-05 9.995E-05 9.995E-05 9.995E-05 9.995E-05 9.995E-05
0.798931 0.000973379 0.151198 9.9991E-05 0.0195907 0.0212274 0.00797962
0.850327 9.9982E-05 0.0615382 0.00879225 0.0086195 9.9982E-05 0.0705234
0.985672 9.9955E-05 9.9955E-05 9.9955E-05 0.0138286 9.9955E-05 9.9955E-05
0.429675 0.0685643 0.239059 0.0145665 0.108318 0.0434716 0.0963457
0.669784 9.9973E-05 0.243148 0.0394907 9.9973E-05 0.0472776 9.9973E-05
0.705017 0.0078093 0.16418 0.0683586 9.9991E-05 0.00109842 0.0534371
0.857482 9.9964E-05 0.0975171 9.9964E-05 9.9964E-05 0.0446014 9.9964E-05
0.9994 9.995E-05 9.995E-05 9.995E-05 9.995E-05 9.995E-05 9.995E-05
0.837756 9.9982E-05 0.10081 0.0156797 9.9982E-05 0.0265951 0.0189594
0.991749 9.9955E-05 9.9955E-05 0.007751 9.9955E-05 9.9955E-05 9.9955E-05
0.616313 0.0354895 0.218597 0.0502597 0.0421964 0.0370451 9.9991E-05
0.91784 9.9964E-05 9.9964E-05 9.9964E-05 0.0167264 9.9964E-05 0.0650333
0.0343496 0.586715 9.9973E-05 0.349978 0.0286575 9.9973E-05 9.9973E-05
0.030143 0.212782 0.420576 0.15376 0.0234389 0.069448 0.0898514
0.0714879 0.214659 0.420778 0.182855 0.0368826 0.00194255 0.0713953
0.0878342 0.400352 0.254237 0.255519 9.9982E-05 9.9982E-05 0.00185837
0.192596 0.209485 0.446934 0.130064 0.00541518 9.9991E-05 0.0154055
0.107122 0.324877 0.216758 0.315599 0.0101257 0.0254191 9.9991E-05
0.0616951 0.111468 0.427814 0.138445 0.0190672 0.202862 0.0386493
0.210394 0.251737 0.307689 0.102044 0.0454611 9.9991E-05 0.0825751
0.119112 0.155397 0.504573 0.200308 9.9991E-05 0.00175385 0.0187565
0.190412 0.251133 0.387425 0.17073 9.9973E-05 9.9973E-05 9.9973E-05
0.0521373 0.151343 0.492998 0.154332 0.00245263 0.112968 0.0337697
9.9973E-05 9.9973E-05 0.0681255 0.815398 0.00582009 9.9973E-05 0.110356
0.0675952 0.0104148 0.00195613 0.909829 9.9982E-05 9.9982E-05 0.0100045
9.9964E-05 9.9964E-05 0.00459231 0.943487 9.9964E-05 9.9964E-05 0.0515211
9.9964E-05 9.9964E-05 0.0128342 0.93924 9.9964E-05 9.9964E-05 0.0475258
0.0279314 0.00105007 9.9982E-05 0.885473 9.9982E-05 0.0339584 0.0513871
0.0624726 0.0526442 9.9973E-05 0.882573 9.9973E-05 0.00201043 9.9973E-05
0.0892332 9.9973E-05 0.00800837 0.882807 9.9973E-05 0.0196519 9.9973E-05
0.00703557 0.0920854 0.0126967 0.887882 9.9973E-05 9.9973E-05 9.9973E-05
9.9973E-05 9.9973E-05 0.0281742 0.920873 0.0342396 0.0164133 9.9973E-05
0.115312 0.0321449 9.9973E-05 0.833245 9.9973E-05 0.0189979 9.9973E-05
9.9982E-05 0.0664028 9.9982E-05 0.612566 0.0675084 0.132891 0.120431
9.9973E-05 9.9973E-05 9.9973E-05 0.575945 0.0375208 0.124686 0.261549
9.9973E-05 0.167381 9.9973E-05 0.49991 9.9973E-05 0.164912 0.167497
9.9982E-05 0.0467748 9.9982E-05 0.488494 0.0789206 0.273284 0.112327
9.9982E-05 9.9982E-05 0.463567 0.035135 0.249862 0.240027 0.0112091
0.017993 9.9973E-05 0.51188 9.9973E-05 0.266411 0.203416 9.9973E-05
9.9991E-05 0.0028171 0.540323 0.0465046 0.085864 0.144386 0.180005
9.9991E-05 0.0365497 0.297425 0.0751361 0.246614 0.270098 0.0740772
9.9982E-05 0.0227048 0.0761864 9.9982E-05 0.0661388 0.53345 0.30132
0.0781629 0.0800288 0.565965 9.9991E-05 0.205475 0.0349544 0.0353142
0.00103866 9.9982E-05 0.506411 9.9982E-05 0.313136 0.154653 0.0245615
0.0103791 0.0725286 0.421586 9.9991E-05 0.34311 0.120716 0.0315798
0.0689926 0.104421 0.323381 9.9973E-05 0.502905 9.9973E-05 9.9973E-05
0.00693882 9.9991E-05 0.643178 0.00128112 0.123032 0.0950976 0.130372
9.9982E-05 0.0131791 0.375883 9.9982E-05 0.391343 0.134636 0.0847581
9.9973E-05 0.251531 9.9973E-05 9.9973E-05 0.72904 0.00997922 0.00914963
9.9982E-05 9.9982E-05 0.518217 0.0297298 0.139517 0.25389 0.0584469
0.0173343 0.181024 0.225383 0.00801344 0.546595 0.0215512 9.9991E-05
9.9982E-05 0.0853143 0.464722 0.0291164 0.38916 0.0314871 9.9982E-05
9.9982E-05 9.9982E-05 0.0346353 0.0132218 0.657192 0.207547 0.0872035
0.0309512 0.0788693 0.0221046 0.0544813 0.0216797 9.9991E-05 0.791814
0.00314125 0.0160434 0.0904507 0.0228931 9.9982E-05 9.9982E-05 0.867272
9.9964E-05 0.0354931 0.0256244 9.9964E-05 9.9964E-05 9.9964E-05 0.938483
9.9973E-05 0.0525592 9.9973E-05 0.0121486 0.00130104 9.9973E-05 0.933691
9.9973E-05 0.0656183 0.0606096 9.9973E-05 9.9973E-05 0.0257055 0.847767
0.0872101 9.9964E-05 0.0580437 9.9964E-05 9.9964E-05 9.9964E-05 0.854346
0.0548386 9.9973E-05 0.0419862 0.855106 0.0477694 9.9973E-05 9.9973E-05
0.0469925 9.9982E-05 0.0369276 0.801948 9.9982E-05 0.0785046 0.0354276
0.124374 0.00148341 0.12631 0.747533 9.9973E-05 9.9973E-05 9.9973E-05
0.13458 9.9982E-05 0.00620375 0.737003 9.9982E-05 0.0748091 0.0472036
0.0962675 9.9973E-05 0.066224 0.780223 9.9973E-05 9.9973E-05 0.0569854
9.9982E-05 0.0454978 9.9982E-05 0.355657 0.00518377 0.112361 0.481101
9.9973E-05 0.0549995 9.9973E-05 0.419287 0.0706448 9.9973E-05 0.454769
0.0231987 0.0487909 9.9991E-05 0.383941 0.077025 0.0153927 0.451552
0.0194853 9.9982E-05 0.0929339 0.815079 9.9982E-05 0.0504262 0.0218756
0.0123603 0.014393 9.9982E-05 0.33174 0.09423 9.9982E-05 0.547076
0.373124 0.13081 0.298056 0.197711 9.9973E-05 9.9973E-05 9.9973E-05
0.208461 0.0279667 0.572562 0.111413 0.0308963 0.0472044 0.00149671
0.238923 9.9964E-05 0.605064 0.155613 9.9964E-05 9.9964E-05 9.9964E-05
0.22915 9.9991E-05 0.275359 0.280193 0.15627 0.0313426 0.0275851
0.10362 0.000128117 0.548132 0.224374 9.9982E-05 0.123546 9.9982E-05
0.329215 0.221071 9.9964E-05 0.449314 9.9964E-05 9.9964E-05 9.9964E-05
9.99749E-05 9.99749E-05 0.375781 9.99749E-05 0.0883987 0.376748 0.158773
9.9982E-05 0.252691 0.323397 9.9982E-05 0.0198325 0.335048 0.0688315
9.9982E-05 0.0742392 0.103432 0.065018 9.9982E-05 0.624014 0.133096
9.9982E-05 0.276782 0.507829 9.9982E-05 0.0329073 0.168515 0.0137674
9.9973E-05 0.703071 9.9973E-05 9.9973E-05 0.10367 0.141874 0.0510856
0.107188 0.0621667 0.436667 0.0914422 0.00818857 0.294247 9.9991E-05
9.9991E-05 0.115977 0.420049 0.0336966 0.108136 0.293003 0.0290386
9.9991E-05 0.0575619 0.208435 0.0329719 0.0537423 0.606051 0.0411373
0.212181 0.0519671 0.29904 0.0394097 0.0415817 0.242537 0.113283
9.9982E-05 0.417105 0.022956 9.9982E-05 0.120885 0.424476 0.0143776
0.0241964 0.233534 0.454574 9.9991E-05 0.0318568 0.131318 0.124421
0.020056 0.0331067 0.431775 9.9991E-05 0.162615 0.243136 0.109212
0.131025 0.0159571 0.361133 0.207872 0.169024 0.0767051 0.0382831
0.0233331 0.240701 0.264113 9.9991E-05 0.0223257 0.42417 0.0252576
0.0197733 0.0801063 0.404244 0.010766 0.0279586 0.334009 0.123142
0.0887221 0.214364 0.470641 9.9982E-05 0.0848878 0.141186 9.9982E-05
9.9991E-05 0.0836959 0.519304 0.0181629 0.0614354 0.189136 0.128166
0.0160974 0.119304 0.584123 0.0715985 9.9991E-05 0.150972 0.0578055
0.133306 9.9991E-05 0.390552 0.0700718 0.0334755 0.303077 0.0694177
0.105075 0.0594494 0.444629 0.0935367 0.073523 0.18814 0.0356465
0.0885365 0.00995774 0.135631 0.765575 9.9973E-05 9.9973E-05 9.9973E-05
0.0451873 0.0158294 0.0744391 0.850847 0.0134972 9.9982E-05 9.9982E-05
9.9982E-05 0.114996 0.0791813 0.76088 9.9982E-05 0.0112693 0.0334735
0.0122859 9.9973E-05 9.9973E-05 0.823012 0.127068 9.9973E-05 0.0373347
9.9955E-05 9.9955E-05 0.150696 0.848804 9.9955E-05 9.9955E-05 9.9955E-05
9.9991E-05 0.111031 0.0160482 0.011654 0.0141125 0.704073 0.142981
0.0685577 0.15995 0.455218 0.0556037 0.0361043 0.207551 0.017016
0.175154 0.0585684 0.484845 0.171827 0.0229155 0.0865903 9.9991E-05
0.109612 9.9991E-05 0.558247 0.0207014 0.0686538 0.165423 0.0772626
9.9991E-05 0.0463766 0.389291 0.103716 0.0599398 0.333411 0.0671659
0.048161 0.240794 0.309579 9.9982E-05 9.9982E-05 0.216524 0.184742
9.9982E-05 0.137476 9.9982E-05 0.139869 0.00311579 0.493273 0.226066
0.0371603 9.9991E-05 0.536195 0.00416285 0.0215831 0.185734 0.215065
0.0656398 0.115403 0.100918 0.0635566 0.0194155 0.430302 0.204765
0.0391705 0.218884 0.363218 0.0369134 0.197705 0.0644309 0.0796779
9.9991E-05 0.102963 0.0200029 0.195394 0.102127 0.458278 0.121136
0.0611559 9.9991E-05 0.457908 0.115725 0.0239653 0.262749 0.0783972
9.9991E-05 0.0370331 0.0513834 0.0988556 0.0482154 0.541893 0.222519
0.0552905 0.201612 0.246936 9.9982E-05 9.9982E-05 0.392876 0.103086
0.0712759 0.253389 0.488916 9.9991E-05 0.135837 0.00703486 0.0434471
9.9982E-05 0.50005 0.350723 0.00711968 9.9982E-05 0.0700015 0.071905
9.9991E-05 0.295041 0.502629 0.0481018 0.0169767 0.119595 0.0175561
0.0349532 0.107869 0.50554 0.122422 0.038 0.157673 0.0335427
9.9982E-05 0.397702 0.455116 9.9982E-05 0.0233386 0.0123352 0.111309
0.0790102 0.140744 0.555152 9.9982E-05 9.9982E-05 0.0995508 0.125343
0.000572634 0.257704 0.585303 0.00015209 0.0769419 9.9991E-05 0.0792261
9.9973E-05 0.609703 0.188302 9.9973E-05 0.0577914 9.9973E-05 0.143904
9.9973E-05 0.583126 0.344294 9.9973E-05 0.0360717 9.9973E-05 0.0362087
9.9964E-05 0.309024 0.563067 9.9964E-05 9.9964E-05 9.9964E-05 0.12751
9.9991E-05 0.49415 0.211143 0.00424282 0.122141 0.0340386 0.134185
9.9982E-05 0.162423 0.489225 9.9982E-05 0.157645 0.0994241 0.0910826
9.9982E-05 0.0730563 9.9982E-05 0.0284049 0.205212 0.529089 0.164038
9.9973E-05 0.293636 0.174154 9.9973E-05 0.0760694 0.45584 9.9973E-05
0.0223236 9.9991E-05 0.197438 0.044426 0.058735 0.549691 0.127286
0.097165 9.9982E-05 0.534649 9.9982E-05 0.0435528 0.294624 0.0298096
9.9982E-05 0.0256472 0.0861053 9.9982E-05 0.178147 0.571636 0.138265
0.0464751 0.288684 0.497953 9.9982E-05 9.9982E-05 0.14838 0.0183077
0.0298546 9.9991E-05 0.508123 0.0771031 0.0861101 0.229049 0.06966
0.0696574 0.0303015 0.316261 0.0566142 0.074018 0.446432 0.00671608
0.132863 0.0139704 0.363891 9.9991E-05 0.128832 0.289968 0.0703755
0.0727497 0.000198396 0.289023 0.0532098 0.222198 0.212335 0.150287
0.0650358 9.9973E-05 9.9973E-05 9.9973E-05 0.218627 0.574544 0.141493
0.132241 0.0168593 0.141718 9.9991E-05 0.16276 0.325404 0.220917
0.0536438 0.0763847 0.498466 9.9973E-05 9.9973E-05 0.371206 9.9973E-05
0.0971604 0.0138382 0.454169 0.125883 0.0130191 0.295831 9.9991E-05
9.9991E-05 0.1166 0.398962 0.081792 0.00860191 0.33658 0.0573644
0.0918022 0.0761622 0.430834 9.9973E-05 9.9973E-05 0.400901 9.9973E-05
9.9982E-05 0.0685169 0.275942 0.0556301 9.9982E-05 0.476216 0.123495
0.0622123 9.9973E-05 0.475045 9.9973E-05 0.0650959 0.397347 9.9973E-05
0.00920721 0.0115501 0.449357 0.0974683 0.00476292 0.309641 0.118013
0.0954977 0.12889 0.452701 0.0535166 9.9991E-05 0.109256 0.160038
0.118266 9.9991E-05 0.403024 0.370111 0.0437669 0.0641211 0.000611178
0.173471 9.9991E-05 0.543751 0.136626 0.0713616 0.0472569 0.0274328
0.164373 0.0731969 0.47919 0.116603 0.0811817 0.0532032 0.0322515
0.111922 0.0484437 0.590731 0.058633 0.0184977 0.106387 0.0653852
0.311605 0.014218 0.271204 0.153376 0.111189 0.138308 9.9991E-05
0.0221641 0.241084 0.383456 9.9982E-05 9.9982E-05 0.337129 0.0159667
0.141631 0.0883969 0.451479 0.148265 0.0805833 0.0895439 9.9991E-05
0.148295 0.374339 9.9982E-05 0.266713 0.130641 0.0798128 9.9982E-05
0.151551 0.0293843 0.496757 0.116167 9.9982E-05 0.205941 9.9982E-05
0.203997 0.0618054 0.429651 0.090811 0.0250889 0.0934464 0.0952004
0.229349 0.00105794 0.444256 0.0983372 9.9991E-05 0.19383 0.0330701
0.0583861 0.16482 0.315338 0.229606 0.0429545 0.188795 9.9991E-05
0.109145 0.053925 0.532921 0.17326 9.9982E-05 0.130549 9.9982E-05
0.123458 0.0604529 0.531571 0.147949 9.9982E-05 0.136369 9.9982E-05
0.198151 0.308763 9.9964E-05 0.492686 9.9964E-05 9.9964E-05 9.9964E-05
0.213314 9.9991E-05 0.520392 0.165411 0.0179217 0.0384733 0.0443876
0.18809 0.00284676 0.484455 0.163387 9.9982E-05 0.161022 9.9982E-05
0.0362292 9.9982E-05 0.724218 0.150559 0.00377422 0.0850192 9.9982E-05
0.168127 0.0383807 0.596991 0.191027 0.00527353 9.9982E-05 9.9982E-05
0.0528611 0.0894536 0.519863 0.200895 9.9991E-05 0.110247 0.02658
0.0424683 0.27891 0.471556 0.00693352 0.102968 0.0505223 0.0466418
0.0386174 0.173718 0.50516 0.0672388 0.0378884 0.166047 0.0113311
9.9964E-05 0.675733 9.9964E-05 9.9964E-05 0.188231 0.135637 9.9964E-05
9.9973E-05 0.7395 0.115305 9.9973E-05 0.105567 9.9973E-05 0.0393282
0.0713767 0.249712 0.419225 0.0445579 9.9982E-05 0.214929 9.9982E-05
0.258374 0.127028 0.46173 0.146928 9.9982E-05 0.00573994 9.9982E-05
0.343963 0.155706 0.324105 0.0694571 0.106569 9.9982E-05 9.9982E-05
0.278336 0.333429 0.207843 0.16904 9.9982E-05 0.0111514 9.9982E-05
0.280161 0.174195 0.332217 0.176217 9.9982E-05 0.0370094 9.9982E-05
0.138522 0.690211 0.131568 0.0393987 9.9973E-05 9.9973E-05 9.9973E-05
0.134684 0.515193 0.174702 0.113989 0.061233 9.9982E-05 9.9982E-05
0.0932341 0.215146 0.539035 9.9973E-05 0.152285 9.9973E-05 9.9973E-05
0.0888261 0.299929 0.468592 9.9982E-05 0.0420346 0.100419 9.9982E-05
0.175612 0.526722 0.235213 0.0415513 0.0207024 9.9982E-05 9.9982E-05
0.142007 0.112374 0.500975 9.9991E-05 0.150785 0.0595244 0.0342349
0.112768 0.239184 0.513124 0.00128146 0.0315102 0.065133 0.0369996
0.0929499 0.0231192 0.403543 0.153659 0.149589 0.156098 0.0210416
9.9973E-05 0.490929 0.423427 9.9973E-05 0.00840906 0.0769357 9.9973E-05
0.0259264 0.343128 0.378251 0.00646717 0.0661361 0.139252 0.0408384
9.9991E-05 0.283909 0.622723 0.00885895 0.00571586 0.0435225 0.0351713
0.046092 0.297962 0.346428 0.020461 0.0882603 0.0786865 0.12211
0.161676 0.197162 0.387725 0.0523473 0.123533 9.9991E-05 0.0774566
9.9973E-05 0.414532 0.503164 9.9973E-05 0.0354644 0.0465402 9.9973E-05
9.9973E-05 0.567562 0.333195 9.9973E-05 0.0266093 9.9973E-05 0.0723338
0.0163761 0.165474 0.627799 0.0301084 0.160043 9.9982E-05 9.9982E-05
0.0464461 0.084162 0.523626 0.101548 0.134555 0.0943634 0.0153
9.9973E-05 0.553282 0.288029 9.9973E-05 0.0726115 0.0857777 9.9973E-05
9.9973E-05 0.391408 0.504709 9.9973E-05 9.9973E-05 0.0555886 0.0479941
0.0558311 0.219921 0.575985 9.9991E-05 0.0421812 0.0345275 0.0714546
9.9973E-05 0.230469 0.5064 9.9973E-05 0.158829 0.104002 9.9973E-05
0.246812 0.0537308 0.351444 0.136961 0.166094 9.9991E-05 0.0448583
0.0899444 0.130054 0.435104 0.142955 0.0649385 0.0476633 0.0893405
0.248167 0.14119 0.349724 0.148168 9.9991E-05 0.00770879 0.104943
0.26133 0.0900144 0.3351 0.195732 0.0316578 0.0197001 0.0664662
0.160961 0.0953781 0.381833 0.149256 0.172439 9.9991E-05 0.040034
0.179666 0.217853 0.42075 0.135111 9.9982E-05 9.9982E-05 0.0464208
0.198311 0.628117 9.9982E-05 0.128076 0.00740196 9.9982E-05 0.0378942
0.181543 0.175426 0.546336 9.9973E-05 9.9973E-05 9.9973E-05 0.0963955
0.159016 0.516584 9.9964E-05 0.324 9.9964E-05 9.9964E-05 9.9964E-05
0.20261 0.148955 0.462366 0.0623748 0.0139507 0.109644 9.9991E-05
9.9964E-05 0.627948 0.155034 9.9964E-05 0.216619 9.9964E-05 9.9964E-05
9.9955E-05 0.797126 9.9955E-05 9.9955E-05 0.202374 9.9955E-05 9.9955E-05
9.9973E-05 0.374072 0.568307 9.9973E-05 0.0565004 0.000820702 9.9973E-05
0.00467563 0.194097 0.673919 9.9982E-05 0.0981386 0.0289697 9.9982E-05
9.9982E-05 0.388486 0.492824 9.9982E-05 0.0575851 0.021132 0.0397729
9.9991E-05 0.202365 0.556324 0.00425243 0.160281 0.0386577 0.0380208
0.00795937 0.339301 0.601617 9.9973E-05 0.0508229 9.9973E-05 9.9973E-05
0.04997 0.0691535 0.0594651 0.790558 9.9982E-05 9.9982E-05 0.0306533
0.11538 0.0308794 9.9973E-05 0.685815 9.9973E-05 9.9973E-05 0.167625
0.0903942 9.9964E-05 9.9964E-05 0.849715 9.9964E-05 9.9964E-05 0.0594909
9.9955E-05 9.9955E-05 0.0561459 0.943354 9.9955E-05 9.9955E-05 9.9955E-05
0.059128 9.9991E-05 0.408267 0.027697 0.295861 0.164097 0.0448493
0.0113388 9.9991E-05 0.590402 0.125541 0.25854 0.00491023 0.00916751
9.9973E-05 9.9973E-05 0.400358 9.9973E-05 0.455801 0.139891 0.00364924
9.9973E-05 9.9973E-05 0.690476 0.102403 0.165207 9.9973E-05 0.0416133
0.109504 0.10727 0.44308 0.0457691 0.191235 9.9991E-05 0.103043
0.0388607 0.0357608 0.198699 0.0394679 0.60182 0.0367441 0.0486475
0.0141764 9.9991E-05 0.59409 0.00260792 0.349127 0.039603 0.000295205
9.9973E-05 0.159597 0.390411 9.9973E-05 0.42378 9.9973E-05 0.0259112
0.184033 0.0201338 0.405879 0.169133 0.031611 0.100711 0.0884989
0.0572659 0.0589984 0.433849 9.9991E-05 0.372745 0.0393202 0.0377214
9.9973E-05 9.9973E-05 0.339574 0.0127569 0.585249 9.9973E-05 0.0621202
9.9982E-05 0.0158278 0.493681 9.9982E-05 0.351396 0.135009 0.00388599
0.000303492 9.9982E-05 0.400637 9.9982E-05 0.507702 0.0367284 0.0544296
0.0229434 0.00309963 0.563527 9.9982E-05 0.399103 0.0111273 9.9982E-05
0.09268 0.0268035 0.493916 9.9991E-05 0.327688 0.0211528 0.0376598
9.9964E-05 0.0453757 0.00277862 9.9964E-05 0.951446 9.9964E-05 9.9964E-05
0.0193146 0.138564 0.181101 9.9982E-05 0.604367 0.056453 9.9982E-05
0.0556116 0.0694773 0.238692 0.0109139 0.614474 9.9991E-05 0.0107313
9.9955E-05 0.303836 9.9955E-05 9.9955E-05 0.695664 9.9955E-05 9.9955E-05
9.9982E-05 9.9982E-05 0.398138 0.000658827 0.399908 0.0782385 0.122856
0.000741408 0.305343 0.0781646 9.9982E-05 0.572951 9.9982E-05 0.0426002
9.9955E-05 0.266863 9.9955E-05 9.9955E-05 0.732637 9.9955E-05 9.9955E-05
0.056175 9.9982E-05 0.436476 0.0532302 0.449991 9.9982E-05 0.00392802
0.038137 9.9982E-05 0.0937177 0.0843644 0.690147 0.093434 9.9982E-05
0.0924572 9.9982E-05 0.333827 9.9982E-05 0.424662 0.0534391 0.0954139
9.9991E-05 0.01272 0.673988 0.0353278 0.238421 0.0234152 0.0160281
0.0494729 9.9982E-05 0.438626 9.9982E-05 0.344403 0.0884683 0.07883
9.9964E-05 0.294937 0.319956 9.9964E-05 9.9964E-05 0.384707 9.9964E-05
0.0177694 0.0698708 0.495275 9.9982E-05 0.331775 0.0851103 9.9982E-05
0.0491411 0.0405275 0.405261 0.0328543 0.306305 0.164407 0.00150463
9.9982E-05 0.00789765 0.320907 0.0116053 0.645197 9.9982E-05 0.0141928
0.0275853 0.0709173 0.497835 0.0781409 0.226239 9.9991E-05 0.0991831
9.9982E-05 9.9982E-05 0.000198322 0.612675 0.0398689 0.0411446 0.305913
9.9991E-05 0.0459364 0.053568 0.757542 0.048696 0.0167574 0.0774004
9.9964E-05 0.0717178 9.9964E-05 0.793782 9.9964E-05 9.9964E-05 0.1341
9.9964E-05 0.067805 9.9964E-05 0.783921 9.9964E-05 9.9964E-05 0.147874
9.9982E-05 9.9982E-05 0.00833383 0.710001 0.0058173 0.0897477 0.1859
0.00186895 9.9991E-05 0.0156518 0.0893804 0.742131 0.14879 0.00207831
9.9991E-05 0.00771444 0.111991 0.0406755 0.640105 0.113499 0.0859155
0.0429212 0.148204 0.0930387 9.9973E-05 0.715536 9.9973E-05 9.9973E-05
0.124188 9.9982E-05 0.48592 0.0631505 0.292167 9.9982E-05 0.0343742
0.127967 9.9991E-05 0.457794 0.0676845 0.293621 0.029498 0.0233354
0.0515375 0.131093 0.223002 0.0228824 0.571285 9.9982E-05 9.9982E-05
0.089509 0.0017211 0.534658 0.00844064 0.295549 0.0700223 9.9991E-05
0.0170471 0.0616282 0.434198 0.0343766 0.445118 0.00704931 0.000582214
9.9973E-05 0.0393941 0.511052 9.9973E-05 0.29351 0.155744 9.9973E-05
0.0420504 9.9991E-05 0.541486 0.0474945 0.232807 0.117067 0.0189954
0.0284956 0.0150588 0.163577 9.9991E-05 0.602011 0.0724588 0.118298
0.00863149 9.9973E-05 0.277343 9.9973E-05 0.549821 0.163904 9.9973E-05
0.0223113 9.9982E-05 0.239837 9.9982E-05 0.464878 0.187311 0.085463
9.9973E-05 0.101743 0.684465 0.0802816 9.9973E-05 9.9973E-05 0.133211
9.9973E-05 9.9973E-05 0.373906 0.00393521 0.570271 0.0515882 9.9973E-05
9.9973E-05 9.9973E-05 0.42575 0.0202185 0.421803 0.131929 9.9973E-05
0.380222 0.0536225 0.421536 0.0465684 0.0485518 0.0493997 9.9991E-05
0.468754 9.9982E-05 0.320447 0.0688098 0.104135 9.9982E-05 0.0376547
0.411647 0.0702431 0.399043 0.118767 9.9973E-05 9.9973E-05 9.9973E-05
0.418766 9.9973E-05 0.354084 0.201409 9.9973E-05 0.0254409 9.9973E-05
0.328305 0.129704 0.365032 0.143305 9.9982E-05 9.9982E-05 0.0334546
0.0110415 0.168501 0.48709 0.0319056 0.221378 0.0799834 9.9991E-05
0.641653 0.0173011 0.0592824 0.281463 9.9973E-05 9.9973E-05 9.9973E-05
0.399842 9.9973E-05 0.381296 0.160044 0.0585178 9.9973E-05 9.9973E-05
0.0822466 0.110514 0.545086 0.177624 0.0720146 9.9991E-05 0.0124144
9.9982E-05 0.203033 0.571384 0.143234 9.9982E-05 0.0689038 0.013245
0.00891386 0.247144 0.442906 0.119243 0.0257964 0.055572 0.100424
9.9982E-05 0.139084 0.59624 0.0947041 0.00550306 9.9982E-05 0.164269
0.0390836 0.230252 0.551016 0.0514509 9.9991E-05 0.0865992 0.0414977
0.45153 9.9964E-05 0.371368 0.176703 9.9964E-05 9.9964E-05 9.9964E-05
0.400981 9.9991E-05 0.389732 0.0927004 0.0244768 0.0456866 0.0463231
0.514537 9.9964E-05 0.426144 0.0589197 9.9964E-05 9.9964E-05 9.9964E-05
0.328769 0.0263731 0.36014 0.150705 0.0847887 9.9991E-05 0.0491252
0.497056 9.9973E-05 0.311367 0.0971667 0.0941104 9.9973E-05 9.9973E-05
0.319117 0.00393422 0.353194 0.162482 0.0661025 9.9991E-05 0.0950701
0.5799 9.9982E-05 0.151328 0.130642 0.119281 0.0186488 9.9982E-05
0.336294 9.9982E-05 0.32693 0.0591313 9.9982E-05 0.241815 0.0356295
0.0120395 0.24397 0.608471 0.0572449 0.0401953 9.9991E-05 0.03798
0.300559 0.0521339 0.446663 0.200344 9.9973E-05 9.9973E-05 9.9973E-05
0.590344 0.0501147 0.206585 0.152656 9.9973E-05 9.9973E-05 9.9973E-05
0.37174 0.0201179 0.345658 0.110176 0.0767753 9.9991E-05 0.0754325
0.00436592 0.218081 0.231877 0.14208 0.0878179 0.108493 0.207285
0.117665 0.101182 0.508949 9.9982E-05 0.0974498 0.174554 9.9982E-05
0.34235 0.06562 0.350066 0.16185 0.038065 0.00508173 0.0369673
0.016437 0.103129 0.581613 0.154689 9.9991E-05 0.0322496 0.111783
9.9991E-05 0.157328 0.523199 0.17807 0.0854352 0.0268778 0.0289905
0.191913 0.13355 0.444074 0.110969 9.9982E-05 9.9982E-05 0.119294
0.323828 0.0424583 0.259007 0.248516 9.9982E-05 0.125991 9.9982E-05
0.152859 0.0204904 0.494354 0.0484951 0.125519 0.047471 0.110812
0.395028 0.0440289 0.359938 0.0739224 0.0408398 0.078019 0.00822406
0.42422 9.9964E-05 0.479014 0.0963668 9.9964E-05 9.9964E-05 9.9964E-05
0.622411 0.0851621 0.143044 0.141898 9.9982E-05 9.9982E-05 0.007285
0.128076 0.0740802 0.538189 0.00865745 0.000509684 0.0877956 0.162692
9.9991E-05 0.20055 0.491213 0.0855011 0.0855014 0.0714628 0.0656719
9.9973E-05 0.518375 0.28794 0.104028 9.9973E-05 9.9973E-05 0.0893571
0.0629362 0.13963 0.552504 0.138637 0.0435843 9.9991E-05 0.0626078
9.9991E-05 0.151859 0.393447 0.128333 0.00209288 0.211336 0.112832
0.110803 0.0914277 0.524707 0.162775 9.9991E-05 0.0781569 0.0320301
0.174119 0.137483 0.327052 0.104332 9.9991E-05 0.183896 0.073018
0.209777 0.469389 9.9973E-05 0.30829 9.9973E-05 0.012244 9.9973E-05
0.141294 0.584431 9.9964E-05 0.273876 9.9964E-05 9.9964E-05 9.9964E-05
0.0895287 0.33182 0.33297 0.179092 9.9991E-05 0.0150313 0.051458
0.21431 0.395549 0.0408421 0.348999 9.9973E-05 9.9973E-05 9.9973E-05
0.250811 0.319451 9.9964E-05 0.429338 9.9964E-05 9.9964E-05 9.9964E-05
0.122317 0.260013 0.369823 0.0948917 0.0595304 0.0933245 9.9991E-05
0.127638 0.226028 0.356509 0.184954 0.0589158 0.0458559 9.9991E-05
0.227044 0.282957 0.167105 0.270118 0.0410202 0.011655 9.9991E-05
0.175965 0.432696 0.0538146 0.290017 9.9982E-05 0.0473075 9.9982E-05
0.0753199 0.133463 0.459882 0.14058 0.0527607 0.137895 9.9991E-05
0.12302 0.408454 0.176106 0.171884 9.9982E-05 0.120335 9.9982E-05
0.0776293 0.47095 9.9964E-05 0.451021 9.9964E-05 9.9964E-05 9.9964E-05
0.129275 0.163521 0.395093 0.114655 9.9982E-05 0.197257 9.9982E-05
0.245838 0.21009 0.336049 0.188415 0.0194077 9.9982E-05 9.9982E-05
0.163323 9.9982E-05 0.392377 0.310726 0.0453548 0.0880188 9.9982E-05
0.311693 9.9973E-05 0.525652 0.120613 9.9973E-05 0.0417415 9.9973E-05
0.107333 0.158152 0.374823 0.150909 9.9991E-05 0.175017 0.0336654
0.145657 0.032885 0.453923 0.141134 0.0739684 0.152333 9.9991E-05
0.230374 0.0121717 0.534431 0.176956 0.034588 0.0113797 9.9991E-05
0.200995 0.012193 0.29381 0.376138 9.9982E-05 0.116664 9.9982E-05
0.173835 9.9973E-05 0.495577 0.189071 9.9973E-05 0.141217 9.9973E-05
0.296901 9.9973E-05 0.408667 0.232829 0.0613033 9.9973E-05 9.9973E-05
0.232171 0.200885 0.295807 0.254631 9.9982E-05 9.9982E-05 0.0163058
0.151335 0.0956221 0.178795 0.16762 0.162261 0.220667 0.0237008
0.0876928 9.9991E-05 0.498366 0.132445 0.0840856 0.115279 0.0820323
0.191146 0.00201895 0.422775 0.235484 9.9982E-05 0.148376 9.9982E-05
0.00652668 0.00299633 0.720571 0.132513 0.137192 9.9982E-05 9.9982E-05
0.248455 0.0468758 0.333721 0.275064 9.9991E-05 0.086076 0.00970785
0.183551 9.9982E-05 0.560258 0.185891 0.0388643 9.9982E-05 0.0312362
0.234529 0.233751 0.160673 0.370747 9.9973E-05 9.9973E-05 9.9973E-05
0.212803 0.00429448 0.437701 0.135096 0.0988764 0.111129 9.9991E-05
0.318971 0.178667 0.231661 0.266383 9.9982E-05 0.00411842 9.9982E-05
9.9973E-05 0.0555513 9.9973E-05 0.790908 0.0492287 9.9973E-05 0.104012
9.9982E-05 9.9982E-05 0.145 0.0539463 0.0139334 0.110948 0.675973
9.9964E-05 9.9964E-05 9.9964E-05 9.9964E-05 0.0277263 0.114125 0.857748
9.9955E-05 9.9955E-05 9.9955E-05 9.9955E-05 9.9955E-05 0.135534 0.863966
9.9964E-05 9.9964E-05 0.0258136 9.9964E-05 9.9964E-05 0.135536 0.838251
0.051871 9.9973E-05 0.00383655 9.9973E-05 9.9973E-05 0.123087 0.820906
9.9964E-05 9.9964E-05 0.135003 9.9964E-05 9.9964E-05 0.0278551 0.836742
9.99681E-05 9.99681E-05 9.99681E-05 0.0155347 9.99681E-05 0.137062 0.847003
9.9964E-05 9.9964E-05 9.9964E-05 0.172483 9.9964E-05 0.133423 0.693694
0.0077936 9.9982E-05 0.0289029 0.924038 0.00912409 9.9982E-05 0.029941
0.017842 9.9982E-05 0.0426005 0.821754 9.9982E-05 0.0140939 0.103509
0.0332473 0.00686117 0.0432745 0.916317 9.9973E-05 9.9973E-05 9.9973E-05
9.9982E-05 0.0322652 0.00750995 0.850701 9.9982E-05 0.101365 0.00795826
0.0705554 9.9973E-05 9.9973E-05 0.857457 9.9973E-05 0.0591058 0.0125817
9.9973E-05 9.9973E-05 9.9973E-05 0.88474 0.0253929 0.0423171 0.0472505
0.0934904 9.9982E-05 0.0429555 0.72767 9.9982E-05 0.032364 0.10332
0.0654701 9.9982E-05 0.0165543 0.846841 0.0379488 0.0329857 9.9982E-05
0.105405 0.012473 0.00258118 0.662496 0.0550897 0.00211671 0.159839
0.046781 9.9964E-05 9.9964E-05 0.917701 0.0351179 9.9964E-05 9.9964E-05
9.9973E-05 9.9973E-05 0.00188189 0.949879 0.0316845 9.9973E-05 0.0162542
0.0298916 0.0280242 0.0255736 0.867953 0.0197923 0.024947 0.00381873
0.017224 9.9964E-05 9.9964E-05 0.919016 9.9964E-05 9.9964E-05 0.0633603
0.0422269 0.0152025 0.0413204 0.879378 9.9982E-05 9.9982E-05 0.0216728
0.0785826 9.9973E-05 9.9973E-05 0.828946 0.0776645 9.9973E-05 0.014507
0.0409807 9.9964E-05 0.136301 0.822318 9.9964E-05 9.9964E-05 9.9964E-05
0.173406 9.9973E-05 0.0475806 0.770544 9.9973E-05 0.00816962 9.9973E-05
0.0738585 9.9964E-05 0.145763 0.779979 9.9964E-05 9.9964E-05 9.9964E-05
0.0804184 9.9964E-05 0.115835 0.803347 9.9964E-05 9.9964E-05 9.9964E-05
0.0217407 0.145459 0.41872 0.184449 0.103122 9.9991E-05 0.126409
9.9982E-05 0.00159119 0.646567 0.096728 0.154666 9.9982E-05 0.100248
0.0055405 0.0427727 0.666556 0.114004 0.0381088 0.09827 0.0347478
9.9982E-05 0.658543 0.23561 0.0117167 0.00314132 9.9982E-05 0.0907893
9.9991E-05 0.140516 0.553075 0.105945 0.019945 0.0178324 0.162586
9.9973E-05 0.637102 0.165146 0.162365 9.9973E-05 9.9973E-05 0.0350866
0.0239819 0.208875 0.65686 0.085209 9.9982E-05 9.9982E-05 0.0248736
9.9991E-05 0.065218 0.424323 0.0771168 0.141251 0.102443 0.189548
9.9982E-05 0.0908523 0.539915 0.0977948 0.132533 9.9982E-05 0.138705
0.0534919 9.9991E-05 0.432406 0.0515988 0.366793 0.0880837 0.00752702
9.9991E-05 0.177014 0.4767 0.0602581 0.0431331 0.0361933 0.206601
9.9982E-05 0.0621005 0.715117 0.0888332 9.9982E-05 0.0682297 0.0655202
9.9982E-05 0.0465947 0.598025 0.0643672 9.9982E-05 0.0682916 0.222522
0.0209594 0.249052 9.9982E-05 9.9982E-05 0.186991 0.354392 0.188406
9.9973E-05 0.797225 0.0458469 0.0218233 9.9973E-05 9.9973E-05 0.134805
0.023417 0.6175 0.25267 0.00849172 9.9982E-05 9.9982E-05 0.0977206
0.0667785 0.0368263 0.577094 0.0460693 0.0357333 0.115055 0.122444
9.9982E-05 0.215832 0.51907 0.14276 0.0738252 9.9982E-05 0.0483138
