0.017375 0.0157559 9.9973E-05 9.9973E-05 9.9973E-05 0.0709557 0.0046161 0.155998 0.734999
9.9955E-05 9.9955E-05 0.0285422 9.9955E-05 9.9955E-05 0.0254967 9.9955E-05 0.138212 0.807249
0.0234742 9.9982E-05 9.9982E-05 0.0971183 0.00605325 0.0724645 0.026016 0.116584 0.65809
0.0907475 9.9973E-05 9.9973E-05 0.0196128 9.9973E-05 0.0508293 0.0894917 0.179173 0.569846
0.0169108 9.9964E-05 0.0130843 0.0593142 9.9964E-05 9.9964E-05 9.9964E-05 0.152061 0.75823
0.0154944 9.9973E-05 0.00604508 0.045237 0.0702539 0.00818285 9.9973E-05 0.854487 9.9973E-05
9.993E-05 9.993E-05 9.993E-05 9.993E-05 9.993E-05 9.993E-05 9.993E-05 0.999201 9.993E-05
0.00443833 9.9946E-05 9.9946E-05 9.9946E-05 9.9946E-05 0.00259131 9.9946E-05 0.992371 9.9946E-05
9.99729E-05 0.00919529 9.99729E-05 9.99729E-05 0.0635832 0.0250449 0.0482234 0.177352 0.676301
0.0608931 9.9946E-05 9.9946E-05 0.0275916 9.9946E-05 9.9946E-05 9.9946E-05 0.910916 9.9946E-05
9.99459E-05 9.99459E-05 9.99459E-05 9.99459E-05 9.99459E-05 9.99459E-05 0.027844 0.850859 0.120698
0.0712062 9.9964E-05 9.9964E-05 0.159299 0.239265 9.9964E-05 0.457231 0.0725981 9.9964E-05
0.0653772 0.0290484 9.9973E-05 0.495644 0.0106635 0.0727363 0.32623 9.9973E-05 9.9973E-05
0.0829527 0.0010967 0.0937613 0.215398 0.0800014 0.0308558 0.46533 0.0305047 9.9991E-05
0.0843123 0.00594594 0.0365622 0.259714 0.0969638 0.055361 0.347201 0.11384 9.9991E-05
0.132255 9.9982E-05 0.0538731 0.350054 0.122581 0.019016 0.20095 0.121071 9.9982E-05
0.0849512 0.0632888 0.0342996 0.590181 9.9991E-05 0.0414373 0.102131 0.0585427 0.0250686
0.0878371 0.0547831 9.9973E-05 0.320836 0.25809 0.0736628 0.204491 9.9973E-05 9.9973E-05
0.0861232 9.9973E-05 9.9973E-05 0.241533 0.190032 0.0334018 0.334291 9.9973E-05 0.114319
0.0777595 0.119928 0.0309905 9.9982E-05 0.0806247 0.0370044 0.612804 0.0406885 9.9982E-05
0.0948816 0.0269965 0.0706496 0.375595 0.114463 0.0271072 0.277628 9.9991E-05 0.012579
0.0887292 0.118104 0.0431214 0.351461 0.080908 0.0347545 0.22483 0.00612721 0.0519648
0.031373 9.9973E-05 0.0633289 0.530631 0.144553 9.9973E-05 0.151278 9.9973E-05 0.0785362
0.112781 9.9982E-05 0.00305033 0.255336 0.20911 0.0332303 0.354769 0.0315233 9.9982E-05
0.0335298 0.0323244 9.9973E-05 0.626407 9.9973E-05 9.9973E-05 0.123005 0.0293639 0.15507
0.129847 0.0785055 9.9973E-05 0.367987 0.0859498 0.0229084 0.314503 9.9973E-05 9.9973E-05
0.088805 0.0299631 0.0592668 0.12429 0.173098 0.0696893 0.454688 9.9982E-05 9.9982E-05
0.253133 0.0487791 9.9973E-05 0.0322723 0.219217 0.0026317 0.443668 9.9973E-05 9.9973E-05
0.0291072 0.0760919 0.0509771 0.196219 0.121092 9.9991E-05 0.492859 0.0158131 0.0177413
9.993E-05 9.993E-05 9.993E-05 9.993E-05 9.993E-05 0.999201 9.993E-05 9.993E-05 9.993E-05
9.993E-05 9.993E-05 9.993E-05 9.993E-05 9.993E-05 0.999201 9.993E-05 9.993E-05 9.993E-05
0.0212718 9.9964E-05 9.9964E-05 0.0776217 0.0652393 0.315079 9.9964E-05 9.9964E-05 0.520389
0.0472912 9.9973E-05 9.9973E-05 0.0585006 0.0661091 0.271357 9.9973E-05 0.0793059 0.477136
9.9973E-05 9.9973E-05 0.140824 0.592325 0.190029 0.0199726 0.0267188 0.0298315 9.9973E-05
0.0753529 9.9982E-05 9.9982E-05 0.475418 0.277597 0.000895342 0.0168594 0.0805863 0.0730915
0.00270894 9.9964E-05 9.9964E-05 0.523293 0.3763 9.9964E-05 0.0235946 0.0737038 9.9964E-05
9.9991E-05 0.00573749 0.0563004 0.148121 0.155294 0.0227516 0.537028 0.0529978 0.0216695
0.0440843 0.110711 0.0302951 0.2405 0.548993 9.9973E-05 9.9973E-05 9.9973E-05 0.0251168
9.9964E-05 9.9964E-05 0.0251116 0.48796 0.234956 9.9964E-05 0.12588 9.9964E-05 0.125693
9.9973E-05 0.076933 9.9973E-05 0.648481 0.158731 0.051946 0.0244723 9.9973E-05 0.0391375
0.00314226 0.135107 9.9991E-05 0.545719 0.104306 0.0514576 0.00788487 0.0571515 0.0951315
0.0103994 0.0341803 9.9991E-05 0.547235 0.224491 0.0872817 0.011881 0.0258469 0.0585852
0.0169588 0.0230227 9.9982E-05 0.0771687 0.69071 0.0280107 0.146414 9.9982E-05 0.0175147
0.0341519 0.221841 0.0406967 0.555466 0.074328 9.9982E-05 9.9982E-05 0.0528388 0.0204774
0.0764493 0.0270685 0.0939429 0.48646 0.241667 9.9982E-05 9.9982E-05 0.00286453 0.0713474
0.0386196 0.03215 0.0500455 0.553476 0.132677 0.0314321 9.9991E-05 0.00955037 0.15195
9.9955E-05 9.9955E-05 0.069251 0.260611 0.613956 9.9955E-05 9.9955E-05 0.0556822 9.9955E-05
0.0561775 0.0235677 9.9982E-05 0.545851 0.278323 0.00194559 9.9982E-05 0.0296351 0.0643008
0.0584383 9.9982E-05 0.00878935 0.503207 0.290377 0.0364213 9.9982E-05 0.0539644 0.0486028
9.9955E-05 0.245508 0.0983556 9.9955E-05 0.602044 9.9955E-05 9.9955E-05 9.9955E-05 0.0535929
9.9973E-05 0.051992 0.0363153 0.185648 0.233463 9.9973E-05 0.443938 0.0483444 9.9973E-05
0.00741299 0.435656 0.0667542 0.120366 0.227692 0.00107576 0.140842 9.9982E-05 9.9982E-05
0.110075 9.9991E-05 0.0702724 0.503504 0.0747032 0.0437419 0.144242 0.0525915 0.000769312
0.0658524 9.9982E-05 0.0527606 0.584513 9.9982E-05 0.0103418 0.117749 0.112469 0.0561154
0.0194865 0.0731604 0.0811579 0.704329 9.9982E-05 0.00740192 0.0462219 9.9982E-05 0.0680427
0.00638716 0.071684 0.031986 0.180875 0.27826 0.0157413 0.302797 9.9991E-05 0.11217
0.00979692 0.0740478 9.9973E-05 0.60966 0.00106992 9.9973E-05 0.26102 9.9973E-05 0.044105
0.164604 0.0618706 0.0176307 0.446015 0.135335 0.019672 0.154672 9.9982E-05 9.9982E-05
9.999E-05 0.0544699 0.0748348 0.358134 0.195336 0.032777 0.186984 0.0627997 0.0345648
0.0604855 0.162539 0.135241 0.034111 0.164153 0.0102854 0.271777 9.9991E-05 0.161308
9.9982E-05 0.0139431 0.010251 0.522624 0.206512 0.0290124 0.183848 0.0336101 9.9982E-05
9.9982E-05 0.0490789 0.166109 0.390662 0.00048829 0.0530426 0.248704 9.9982E-05 0.091715
9.9973E-05 0.14601 9.9973E-05 9.9973E-05 0.275634 0.0837886 0.486665 0.00629004 0.0013125
9.999E-05 0.0071455 0.0628882 0.516721 0.102781 0.0280729 0.232767 0.00509835 0.0444272
0.00376529 0.0671967 0.0838232 0.690115 0.0461056 0.0197654 0.0890289 9.9982E-05 9.9982E-05
9.9982E-05 0.100008 0.00886455 0.524568 0.116769 0.0465552 0.121576 0.0814595 9.9982E-05
0.066737 0.0252311 0.110404 0.301176 0.246227 9.9982E-05 0.227442 9.9982E-05 0.0225831
0.121062 0.0681762 0.0691417 0.462368 0.0186026 0.0352127 0.225237 9.9982E-05 9.9982E-05
0.0842465 9.9991E-05 0.0325567 0.524235 0.0845612 0.0429215 0.150111 0.0397583 0.04151
9.9973E-05 0.0848266 0.126437 0.195701 0.124041 0.0490442 0.419651 9.9973E-05 9.9973E-05
9.9946E-05 9.9946E-05 9.9946E-05 0.509061 0.487409 9.9946E-05 0.00293028 9.9946E-05 9.9946E-05
0.0562275 9.9973E-05 9.9973E-05 0.0757614 0.747143 0.0201294 0.0910178 0.00942096 9.9973E-05
0.0252291 0.101765 9.9973E-05 0.57671 0.118276 9.9973E-05 0.141941 9.9973E-05 0.0357792
9.9946E-05 0.217933 0.00936706 9.9946E-05 0.7721 9.9946E-05 9.9946E-05 9.9946E-05 9.9946E-05
9.9946E-05 0.119461 0.0702285 9.9946E-05 0.809711 9.9946E-05 9.9946E-05 9.9946E-05 9.9946E-05
0.0167032 0.0161064 0.0281908 0.261475 0.677125 9.9964E-05 9.9964E-05 9.9964E-05 9.9964E-05
0.0226109 9.9973E-05 9.9973E-05 0.450699 0.385272 0.0407153 0.0925533 9.9973E-05 0.00784932
9.9982E-05 0.101039 9.9982E-05 0.570945 0.0777547 0.00331473 0.107539 0.011618 0.127589
9.9973E-05 0.0426162 9.9973E-05 0.411227 0.45229 0.0177554 0.0609426 0.0148695 9.9973E-05
0.013608 9.9973E-05 9.9973E-05 0.0849382 0.724145 0.00573842 0.135288 9.9973E-05 0.0359826
9.9973E-05 9.9973E-05 0.0439694 0.212606 0.476942 9.9973E-05 0.196015 0.0446964 0.0254715
0.147334 0.0465628 0.0146732 0.408563 0.246737 9.9982E-05 9.9982E-05 0.0304614 0.105468
0.0625685 0.0152389 9.9973E-05 0.23911 0.617744 9.9973E-05 0.00995608 0.0550818 9.9973E-05
9.9973E-05 9.9973E-05 9.9973E-05 0.387071 0.43399 0.0328983 0.0707369 0.0337864 0.0412176
9.9964E-05 0.0397314 0.0326082 0.379474 0.540013 9.9964E-05 9.9964E-05 0.00777386 9.9964E-05
9.9955E-05 0.144795 0.124214 9.9955E-05 0.719557 9.9955E-05 9.9955E-05 9.9955E-05 0.0109348
0.0582302 0.157529 9.9964E-05 0.559056 0.191813 9.9964E-05 0.0329727 9.9964E-05 9.9964E-05
0.0119259 9.9982E-05 9.9982E-05 0.0741118 0.00315531 0.0349725 0.0841764 0.115263 0.676195
9.9955E-05 9.9955E-05 9.9955E-05 0.0743834 9.9955E-05 0.127493 9.9955E-05 0.0127249 0.784899
0.0192159 9.9955E-05 9.9955E-05 0.0931924 9.9955E-05 0.113085 9.9955E-05 9.9955E-05 0.774007
0.0239505 0.0868568 9.9955E-05 9.9955E-05 9.9955E-05 0.129584 9.9955E-05 9.9955E-05 0.759108
9.9964E-05 0.00480686 9.9964E-05 0.100717 9.9964E-05 0.103843 9.9964E-05 0.0867333 0.7035
0.018095 9.9982E-05 0.0121875 0.0438766 0.0193988 0.0214952 9.9982E-05 0.0765353 0.808212
0.0128978 9.9973E-05 9.9973E-05 0.0434109 9.9973E-05 0.0961289 0.014343 0.0794451 0.753474
0.0996621 0.0198245 0.00149659 0.374763 0.371774 0.0226929 0.0175812 0.0543344 0.0378714
0.0908304 9.9973E-05 0.0111296 0.45087 0.246152 9.9973E-05 0.107145 9.9973E-05 0.093573
9.9973E-05 0.0160528 0.0435043 0.0290568 0.813325 9.9973E-05 0.0772013 9.9973E-05 0.0205598
0.0352842 9.9973E-05 9.9973E-05 0.448646 0.326784 0.00828199 0.0580314 9.9973E-05 0.122673
9.9973E-05 0.00759084 9.9973E-05 0.408382 0.419717 0.0103434 0.122469 9.9973E-05 0.0311973
9.9955E-05 9.9955E-05 9.9955E-05 0.611435 0.289525 0.0850381 9.9955E-05 9.9955E-05 0.0135018
9.9982E-05 0.0509841 0.145557 0.547799 0.14516 0.0226817 0.0166226 9.9982E-05 0.0709954
0.11137 9.9964E-05 0.0767542 0.396462 0.372493 0.0425216 9.9964E-05 9.9964E-05 9.9964E-05
9.9955E-05 9.9955E-05 9.9955E-05 9.9955E-05 0.778837 9.9955E-05 0.158939 0.0116822 0.0500422
0.0194812 9.9982E-05 0.0849554 0.48912 0.179151 0.0496282 0.0783054 9.9982E-05 0.0991581
0.00418289 0.016237 9.9991E-05 0.620793 0.231129 0.00274813 0.0205737 0.00141877 0.102817
0.148556 0.0411165 9.9982E-05 0.545927 0.0936712 0.0347199 0.0736054 9.9982E-05 0.0622041
0.0253055 0.155889 0.0364611 0.226201 0.53095 0.0248934 9.9973E-05 9.9973E-05 9.9973E-05
0.0173267 0.0214702 0.10205 0.465098 0.384626 0.00912978 9.9973E-05 9.9973E-05 9.9973E-05
9.9964E-05 0.069331 9.9964E-05 0.434204 0.411609 0.038358 9.9964E-05 0.0460982 9.9964E-05
0.14157 9.9946E-05 9.9946E-05 0.228971 0.62886 9.9946E-05 9.9946E-05 9.9946E-05 9.9946E-05
9.9964E-05 0.0143742 9.9964E-05 0.442602 0.355941 9.9964E-05 0.127725 0.0589583 9.9964E-05
9.9982E-05 0.060057 0.0226393 0.573314 0.137112 9.9982E-05 0.0251703 0.034226 0.147281
0.0483274 0.0584452 0.236526 0.214854 0.106305 0.00544751 0.268021 9.9991E-05 0.0619737
0.0227942 0.088641 9.9982E-05 0.408017 0.0404947 9.9982E-05 0.32697 0.000124377 0.112759
9.9973E-05 9.9973E-05 0.134008 0.49376 0.145283 0.0316945 0.0651927 9.9973E-05 0.129762
0.0745533 0.0621436 9.9982E-05 0.551602 0.0787609 9.9982E-05 0.144572 0.047414 0.0407537
9.9982E-05 0.00137074 0.0321972 0.484403 0.0225331 0.0881885 0.337944 0.0331629 9.9982E-05
9.9964E-05 0.0661545 0.0766167 0.600321 9.9964E-05 9.9964E-05 0.206007 0.050501 9.9964E-05
9.9955E-05 9.9955E-05 0.0903467 0.483477 9.9955E-05 9.9955E-05 0.374221 9.9955E-05 0.0514554
9.9982E-05 9.9982E-05 0.0205284 0.489557 0.187153 0.0228746 0.202212 0.0468325 0.0306425
9.9982E-05 0.137459 0.0691593 0.585977 0.0170967 9.9982E-05 0.116626 0.0281467 0.045335
9.9982E-05 0.0739735 0.0983241 0.543104 0.0772512 0.0242292 0.145015 9.9982E-05 0.0379034
9.9964E-05 9.9964E-05 0.0354242 0.469786 0.163833 0.0230796 0.307478 9.9964E-05 9.9964E-05
0.0184164 0.0423075 0.139488 0.624943 9.9982E-05 0.027103 0.0795854 9.9982E-05 0.0679566
0.0135859 0.017432 0.0994908 0.564198 9.9991E-05 0.0384171 0.0541897 0.151904 0.0606823
0.110839 9.9955E-05 9.9955E-05 0.527321 0.16339 9.9955E-05 0.19795 9.9955E-05 9.9955E-05
0.091598 0.0222369 0.117183 0.537402 9.9982E-05 0.0403688 0.124265 9.9982E-05 0.0667467
0.0336271 0.0894855 0.0161438 0.579947 0.0671581 0.018477 0.146138 0.048924 9.9991E-05
0.0427786 0.152479 0.0657291 0.340446 9.9982E-05 0.0314003 0.237998 9.9982E-05 0.128969
9.9991E-05 0.0662866 0.0754324 0.681223 0.00239733 0.00447834 0.150196 0.00730643 0.0125806
9.9982E-05 0.0171759 0.0991081 0.6972 9.9982E-05 0.0119437 0.141063 0.0193503 0.0139597
0.0320589 9.9973E-05 0.037857 0.302967 0.199007 9.9973E-05 0.397423 0.0303872 9.9973E-05
0.0334299 0.201746 0.207894 0.154602 0.0329808 9.9982E-05 0.346446 9.9982E-05 0.0227022
0.0738837 0.101148 0.00288999 0.479905 0.0172098 0.0271479 0.297616 9.9982E-05 9.9982E-05
0.0156291 0.172574 0.284732 0.103126 0.132616 9.9973E-05 0.291022 9.9973E-05 9.9973E-05
0.0529109 9.9982E-05 0.104066 0.267263 0.11707 0.00207347 0.447555 9.9982E-05 0.00886076
9.9964E-05 0.044163 0.0423489 0.458935 0.144636 9.9964E-05 0.309517 9.9964E-05 9.9964E-05
9.9973E-05 0.00202063 0.0175432 0.331574 0.121905 0.00199339 0.524664 9.9973E-05 9.9973E-05
0.0254133 0.0355773 0.0133508 0.271001 0.184119 9.9982E-05 0.430195 9.9982E-05 0.0401442
0.00405841 0.0141172 0.0934196 0.566225 0.0941084 0.0582895 0.103792 9.9991E-05 0.0658901
0.0441674 9.9982E-05 0.0793671 0.508168 0.18136 9.9982E-05 0.0488775 0.104347 0.0335126
0.0758955 0.0971262 0.0651027 0.547667 0.0578073 0.0358071 0.0431479 0.0362693 0.0411772
0.080879 0.24273 0.0966047 0.0984842 0.119594 9.9973E-05 0.361408 9.9973E-05 9.9973E-05
0.024382 0.0158331 0.15402 0.468517 0.1032 0.0291417 0.0215293 0.134004 0.0493733
0.0470741 0.226993 0.123087 0.510065 0.00215838 9.9982E-05 0.0705733 9.9982E-05 0.0198495
9.9973E-05 0.464155 0.129459 9.9973E-05 0.124586 9.9973E-05 0.15061 0.030115 0.100775
9.9982E-05 0.0818928 0.108731 0.645272 0.0526998 0.0232066 9.9982E-05 0.0307015 0.0572969
0.0106162 0.167098 0.155401 0.305636 0.182966 9.9982E-05 0.0785579 9.9982E-05 0.0995244
0.0161734 0.138501 0.0422289 0.508851 0.124418 9.9973E-05 9.9973E-05 9.9973E-05 0.169528
0.0187734 0.475625 0.0163439 0.299326 9.9982E-05 0.049648 0.136698 0.00338596 9.9982E-05
9.9982E-05 0.413428 0.104677 0.172054 0.104683 0.038419 0.135379 0.0311608 9.9982E-05
9.9982E-05 0.243872 0.136589 0.436863 0.0132479 0.0266778 0.104364 9.9982E-05 0.0381857
9.9973E-05 0.186859 0.0727535 0.529444 9.9973E-05 9.9973E-05 0.0422436 0.133817 0.0345831
0.0938455 0.107367 0.0236663 0.316594 0.136843 0.0618127 0.155063 0.0830273 0.0217809
0.153918 0.326365 0.0660657 9.9982E-05 0.263296 0.0184133 0.123338 0.048404 9.9982E-05
0.024205 0.0312924 0.0996228 0.570497 0.0957319 0.0313511 0.0742427 0.0729576 9.9991E-05
9.9964E-05 0.321 0.00315063 0.394031 0.162405 9.9964E-05 0.119014 9.9964E-05 9.9964E-05
9.9964E-05 0.177957 0.122899 0.463152 0.102573 9.9964E-05 0.133019 9.9964E-05 9.9964E-05
9.9982E-05 0.0750456 0.0640611 0.577324 0.130485 0.0712169 9.9982E-05 0.0011094 0.0805586
0.266212 0.236714 9.9991E-05 0.169384 0.000936359 0.0441892 0.0321773 0.133712 0.116574
0.170948 0.348069 9.9964E-05 9.9964E-05 9.9964E-05 0.0380349 9.9964E-05 0.133571 0.308977
0.128751 0.374285 0.0493469 9.9973E-05 9.9973E-05 0.0346998 9.9973E-05 0.068489 0.344129
0.315553 0.255234 9.9973E-05 0.00679607 9.9973E-05 9.9973E-05 0.0225225 0.117388 0.282207
9.9955E-05 0.254162 0.0305022 0.681737 9.9955E-05 0.033099 9.9955E-05 9.9955E-05 9.9955E-05
0.120969 0.156538 9.9982E-05 0.434534 0.155929 9.9982E-05 0.0285937 0.0904513 0.0127846
0.710341 9.9955E-05 9.9955E-05 0.241266 0.0269984 9.9955E-05 0.0208944 9.9955E-05 9.9955E-05
0.436013 9.9973E-05 9.9973E-05 0.327582 0.0861985 0.0379688 0.0281518 9.9973E-05 0.0837864
0.314185 9.9982E-05 0.00449267 0.413515 0.0742028 9.9982E-05 0.019651 0.0181416 0.155612
9.9982E-05 0.349127 0.138932 0.35572 0.0200664 0.0224782 0.0347276 0.0787488 9.9982E-05
0.0666664 0.143903 0.0102128 0.516748 0.194741 0.0245992 9.9991E-05 0.0246735 0.0183565
9.9955E-05 0.562368 0.238122 0.196918 9.9955E-05 9.9955E-05 0.00209224 9.9955E-05 9.9955E-05
9.9964E-05 0.297014 9.9964E-05 0.584117 0.087041 9.9964E-05 9.9964E-05 0.0136839 0.0177447
9.9982E-05 0.226523 0.123813 0.512905 0.0709326 9.9982E-05 0.0156231 0.00569819 0.044305
0.0141161 0.316914 0.0164472 0.618046 9.9973E-05 9.9973E-05 0.00935574 0.0248214 9.9973E-05
9.9964E-05 0.481273 0.153962 0.206276 0.107111 9.9964E-05 0.0509777 9.9964E-05 9.9964E-05
0.135778 0.0561687 0.069108 0.505025 0.17242 0.0157526 9.9982E-05 9.9982E-05 0.0455482
0.0382213 0.224973 9.9973E-05 0.559438 0.0481641 9.9973E-05 9.9973E-05 0.0893284 0.039575
0.959368 0.00765591 9.9946E-05 9.9946E-05 0.0323759 9.9946E-05 9.9946E-05 9.9946E-05 9.9946E-05
0.923835 9.9955E-05 9.9955E-05 0.040466 0.0217155 9.9955E-05 0.0134841 9.9955E-05 9.9955E-05
0.604002 0.0130079 9.9973E-05 0.208151 0.094304 9.9973E-05 0.0476968 9.9973E-05 0.0325383
0.650334 9.9946E-05 0.0847372 0.264329 9.9946E-05 9.9946E-05 9.9946E-05 9.9946E-05 9.9946E-05
0.778814 0.0372361 9.9964E-05 0.126582 0.0129283 9.9964E-05 9.9964E-05 0.0440399 9.9964E-05
0.999201 9.993E-05 9.993E-05 9.993E-05 9.993E-05 9.993E-05 9.993E-05 9.993E-05 9.993E-05
0.948482 9.9964E-05 9.9964E-05 9.9964E-05 0.00150314 0.00331259 0.00771403 0.0385888 9.9964E-05
0.909282 9.9937E-05 9.9937E-05 0.0900181 9.9937E-05 9.9937E-05 9.9937E-05 9.9937E-05 9.9937E-05
0.938277 9.9955E-05 9.9955E-05 0.0201501 9.9955E-05 0.0214282 0.0196454 9.9955E-05 9.9955E-05
0.999201 9.993E-05 9.993E-05 9.993E-05 9.993E-05 9.993E-05 9.993E-05 9.993E-05 9.993E-05
0.966794 9.9937E-05 9.9937E-05 9.9937E-05 9.9937E-05 0.0325065 9.9937E-05 9.9937E-05 9.9937E-05
0.767539 9.9964E-05 9.9964E-05 0.129174 0.031691 0.052806 9.9964E-05 9.9964E-05 0.0183909
0.813071 0.0545248 9.9973E-05 0.0731417 9.9973E-05 0.00499071 0.00263175 9.9973E-05 0.0513397
0.99745 9.9937E-05 9.9937E-05 9.9937E-05 9.9937E-05 9.9937E-05 9.9937E-05 9.9937E-05 0.00185008
0.404034 0.0429461 9.9973E-05 0.382903 0.0686743 9.9973E-05 0.0191406 9.9973E-05 0.0820017
0.62649 9.9973E-05 0.0232644 0.213081 9.9973E-05 0.0468767 0.0775997 0.0123881 9.9973E-05
0.683043 9.9964E-05 0.0253822 0.204207 9.9964E-05 0.070026 0.0169426 9.9964E-05 9.9964E-05
0.937334 9.9964E-05 9.9964E-05 0.00583857 9.9964E-05 0.00955152 0.0352582 0.0116181 9.9964E-05
0.999201 9.993E-05 9.993E-05 9.993E-05 9.993E-05 9.993E-05 9.993E-05 9.993E-05 9.993E-05
0.849687 9.9973E-05 0.00647186 0.0971996 0.00390267 9.9973E-05 9.9973E-05 0.0311202 0.0113186
0.958695 9.9937E-05 9.9937E-05 9.9937E-05 9.9937E-05 9.9937E-05 9.9937E-05 0.0406051 9.9937E-05
0.606665 9.9964E-05 0.02135 0.259496 9.9964E-05 9.9964E-05 0.0314848 0.0806047 9.9964E-05
0.911777 0.00869837 0.0103471 9.9964E-05 0.0570336 0.0117438 9.9964E-05 9.9964E-05 9.9964E-05
0.0663136 0.585324 0.00900331 9.9973E-05 0.0453951 9.9973E-05 9.9973E-05 0.0631747 0.230489
0.071422 0.117515 9.9973E-05 0.399723 9.9973E-05 0.0317088 0.230491 9.9973E-05 0.148841
0.00178874 0.222089 9.9973E-05 0.456225 0.0206664 9.9973E-05 9.9973E-05 0.200704 0.0982261
0.0989953 0.408352 0.0197436 0.199857 9.9991E-05 0.0523439 0.0225821 0.131778 0.0662479
0.116932 0.192037 9.9991E-05 0.332677 0.156702 0.0367643 0.0585 0.092115 0.0141724
0.102038 0.345128 0.064355 0.18417 9.9982E-05 0.0571984 9.9982E-05 0.0911703 0.155739
0.071553 0.0507855 0.0912738 0.46441 9.9991E-05 0.0149135 0.0206972 0.258076 0.0281911
0.229555 0.319203 9.9964E-05 0.223221 0.0918285 9.9964E-05 9.9964E-05 0.135793 9.9964E-05
0.101285 0.184195 0.0507795 0.465696 0.0118414 0.124409 9.9991E-05 0.0282731 0.0334218
0.16903 0.32184 9.9982E-05 0.337675 0.0190903 0.0688574 9.9982E-05 0.0450937 0.0382135
0.146079 0.137791 9.9991E-05 0.35914 0.126951 0.0114582 0.0629219 0.111749 0.0438102
9.9964E-05 0.0446361 9.9964E-05 0.0505166 9.9964E-05 9.9964E-05 0.0704626 0.0225155 0.811469
0.0565256 9.9964E-05 9.9964E-05 9.9964E-05 0.00730261 0.0414009 9.9964E-05 0.00303957 0.891331
9.9955E-05 9.9955E-05 9.9955E-05 9.9955E-05 0.0444187 0.036933 0.0138781 9.9955E-05 0.90427
9.9955E-05 9.9955E-05 9.9955E-05 0.0125153 9.9955E-05 0.025836 0.0410322 9.9955E-05 0.920117
0.0079306 0.0235647 9.9982E-05 0.033254 9.9982E-05 0.120506 0.0294864 0.0560237 0.729035
0.0727847 9.9955E-05 0.0313242 9.9955E-05 9.9955E-05 0.0748808 9.9955E-05 9.9955E-05 0.820511
0.0565073 9.9964E-05 9.9964E-05 0.00470197 9.9964E-05 0.0557532 9.9964E-05 0.209751 0.672886
9.9964E-05 9.9964E-05 0.0608182 0.014528 9.9964E-05 0.0401548 9.9964E-05 0.135132 0.748967
0.0270477 9.9982E-05 0.00746887 0.0163457 0.0223695 0.0366786 9.9982E-05 0.0176121 0.872278
0.110307 0.0206079 9.9964E-05 0.0276837 9.9964E-05 0.0135931 9.9964E-05 9.9964E-05 0.827409
9.9973E-05 9.9973E-05 0.0485664 9.9973E-05 0.0843587 0.0474705 0.225166 0.0767114 0.517427
0.00633361 9.9973E-05 0.0529931 9.9973E-05 9.9973E-05 0.022428 0.349153 0.0510257 0.517767
9.9982E-05 0.0762896 0.0190687 9.9982E-05 0.0353289 0.0600955 0.290815 0.0347116 0.483491
9.9982E-05 0.00884626 0.0975667 9.9982E-05 0.102035 0.00442893 0.254752 0.12103 0.411141
9.9973E-05 9.9973E-05 9.9973E-05 0.49812 0.293654 0.0280517 0.084391 0.0532996 0.0421838
0.126831 9.9982E-05 0.10435 0.349707 0.263458 9.9982E-05 0.125902 0.0251015 0.00444947
0.0638883 0.0122908 9.9973E-05 0.523752 0.145508 9.9973E-05 0.185902 0.0683591 9.9973E-05
0.00108779 0.0283923 0.036177 0.377488 0.259189 9.9982E-05 0.214746 9.9982E-05 0.08272
0.00108355 0.0403125 0.00235254 0.179876 0.187982 9.9973E-05 0.588094 9.9973E-05 9.9973E-05
0.0331061 9.9973E-05 0.0771415 0.581448 0.213284 9.9973E-05 9.9973E-05 0.0515306 0.0431899
0.0573687 9.9964E-05 0.0846948 0.500048 0.297816 9.9964E-05 0.0596728 9.9964E-05 9.9964E-05
0.0145085 0.128801 0.0328666 0.446498 0.228462 0.0295855 0.100374 0.0188039 9.9991E-05
0.0322566 0.0582326 9.9964E-05 0.378879 0.511878 9.9964E-05 9.9964E-05 9.9964E-05 0.0183545
9.9973E-05 9.9973E-05 0.0231564 0.585251 0.167935 9.9973E-05 0.0645748 0.0156047 0.143179
9.9973E-05 0.000183862 0.054416 0.384884 0.425091 0.0136543 0.12147 9.9973E-05 9.9973E-05
9.9955E-05 0.01201 0.218195 9.9955E-05 0.671419 9.9955E-05 0.097877 9.9955E-05 9.9955E-05
0.00443004 0.0553932 0.0867034 0.486376 0.13627 9.9982E-05 0.155791 0.0748365 9.9982E-05
0.0555582 0.112767 0.0893202 0.14785 0.55365 0.0045797 0.0360753 9.9982E-05 9.9982E-05
9.9973E-05 9.9973E-05 0.0716077 0.439582 0.370612 0.0449228 0.0537655 0.0192098 9.9973E-05
9.9973E-05 9.9973E-05 0.030072 0.0868147 0.677142 9.9973E-05 0.152586 0.0259687 0.027117
9.9955E-05 0.10962 9.9955E-05 0.000734756 9.9955E-05 9.9955E-05 0.703885 0.185261 9.9955E-05
9.9955E-05 0.131994 9.9955E-05 0.0351855 9.9955E-05 9.9955E-05 0.701862 0.130459 9.9955E-05
9.9946E-05 9.9946E-05 0.0106044 9.9946E-05 9.9946E-05 9.9946E-05 0.804468 0.184327 9.9946E-05
9.9955E-05 9.9955E-05 9.9955E-05 9.9955E-05 0.00290044 9.9955E-05 0.827267 0.148882 0.0204512
0.00165799 0.0706989 0.00435429 0.0376375 9.9973E-05 9.9973E-05 0.740587 0.144764 9.9973E-05
0.0462998 9.9964E-05 9.9964E-05 0.0443614 9.9964E-05 9.9964E-05 0.756881 0.121911 0.0301471
0.0275492 9.9964E-05 9.9964E-05 0.0780012 0.0181822 0.0421913 9.9964E-05 9.9964E-05 0.833676
0.0182236 9.9973E-05 9.9973E-05 0.0428704 9.9973E-05 0.0397408 0.0713122 0.0889009 0.738652
0.0527553 9.9955E-05 9.9955E-05 0.180019 9.9955E-05 0.0782507 9.9955E-05 9.9955E-05 0.688475
0.0663955 9.9964E-05 9.9964E-05 0.079251 9.9964E-05 0.0163695 0.0665574 9.9964E-05 0.771027
0.0852163 0.0209083 9.9973E-05 0.0864008 9.9973E-05 0.0103693 9.9973E-05 0.0496241 0.747181
9.9973E-05 0.0279333 9.9973E-05 9.9973E-05 0.00347699 0.010286 0.528238 0.181945 0.247821
9.9973E-05 0.0175137 0.0548491 9.9973E-05 0.0838159 9.9973E-05 0.276844 0.291172 0.275505
9.9973E-05 9.9973E-05 0.122727 9.9973E-05 0.0385851 0.0245102 0.324242 0.233625 0.25601
9.993E-05 9.993E-05 9.993E-05 9.993E-05 9.993E-05 0.999201 9.993E-05 9.993E-05 9.993E-05
9.9982E-05 0.0460134 0.0503955 9.9982E-05 0.0652853 0.00705441 0.407518 0.141536 0.281997
0.316915 0.142419 0.0333595 0.263943 9.9964E-05 9.9964E-05 9.9964E-05 9.9964E-05 0.242963
0.219816 0.0396027 9.9982E-05 0.540764 9.9982E-05 0.0082012 0.0541324 0.00247943 0.134805
0.240347 9.9955E-05 9.9955E-05 0.499485 9.9955E-05 0.0541491 9.9955E-05 9.9955E-05 0.20552
0.202021 0.120909 9.9982E-05 0.324907 0.0761708 9.9982E-05 0.000274098 0.0617136 0.213804
0.221687 0.103748 9.9982E-05 0.425343 0.0981574 9.9982E-05 0.0120709 0.0027885 0.136005
0.300401 0.238021 0.00238382 9.9964E-05 9.9964E-05 9.9964E-05 9.9964E-05 0.125963 0.332831
0.00357638 9.9973E-05 0.0456327 0.37354 0.165437 9.9973E-05 0.325415 0.0860986 9.9973E-05
9.9982E-05 0.132357 0.109895 0.398576 0.0644336 0.00787079 0.241158 9.9982E-05 0.0455091
9.9982E-05 9.9982E-05 0.0428839 0.300606 0.0449184 0.0360107 0.483882 0.0307677 0.0607308
9.9964E-05 0.0292318 0.254881 0.532787 0.0363611 9.9964E-05 0.146339 9.9964E-05 9.9964E-05
9.9955E-05 0.310082 0.411599 9.9955E-05 0.145078 9.9955E-05 0.132742 9.9955E-05 9.9955E-05
0.0498463 0.0739301 0.10095 0.546195 9.9982E-05 0.0278118 0.138641 9.9982E-05 0.0624254
0.0352562 0.0993889 0.16422 0.4902 9.9964E-05 9.9964E-05 0.210535 9.9964E-05 9.9964E-05
9.9973E-05 9.9973E-05 0.030243 0.284959 0.290157 0.067339 0.298337 0.0286649 9.9973E-05
0.0333258 9.9982E-05 0.0813631 0.502338 0.101812 9.9982E-05 0.0841253 0.0811888 0.115646
9.9964E-05 0.304324 0.120068 0.168373 0.139703 9.9964E-05 0.267133 9.9964E-05 9.9964E-05
0.0656554 0.183494 0.112861 0.388584 0.116507 0.0155626 0.111723 9.9991E-05 0.00551208
0.0346637 9.9973E-05 0.0144718 0.523541 0.0953642 0.0375089 0.294151 9.9973E-05 9.9973E-05
0.226487 0.092188 9.9991E-05 0.328953 0.0923072 0.00868774 0.0959109 0.0910921 0.0642738
9.9964E-05 0.0296774 0.193232 0.427214 0.0117505 9.9964E-05 0.337726 9.9964E-05 9.9964E-05
9.9973E-05 9.9973E-05 0.112433 0.420557 0.134939 0.00378512 0.281958 9.9973E-05 0.0460288
0.0903303 0.158245 0.0578677 0.479391 0.0418657 9.9973E-05 0.172001 9.9973E-05 9.9973E-05
9.9982E-05 0.0522149 0.124031 0.414326 0.128012 9.9982E-05 0.194408 0.0704716 0.016337
0.128034 0.012041 0.0103497 0.531359 0.151175 0.0502286 0.116062 9.9991E-05 0.000649792
0.168139 9.9982E-05 0.0664638 0.387188 0.154797 0.0408251 0.141926 9.9982E-05 0.0404615
0.0119906 0.0297302 9.9991E-05 0.556326 0.0888081 0.00317874 0.179601 0.0279704 0.102295
0.0836446 9.9946E-05 9.9946E-05 0.131475 9.9946E-05 9.9946E-05 9.9946E-05 9.9946E-05 0.78428
0.03181 9.9964E-05 0.00532054 0.0875819 9.9964E-05 9.9964E-05 9.9964E-05 0.0586674 0.81622
0.0555832 0.0981031 0.00573241 0.011154 0.0258549 9.9991E-05 0.0654969 0.0784949 0.659481
0.0448901 9.9982E-05 0.044772 0.0205719 0.0555552 0.0329991 0.00257705 9.9982E-05 0.798435
9.9946E-05 9.9946E-05 9.9946E-05 0.162054 9.9946E-05 0.0482145 9.9946E-05 9.9946E-05 0.789132
0.0748362 0.0399034 0.00892993 0.139892 0.120709 9.9982E-05 0.604977 9.9982E-05 0.0105533
0.119775 9.9982E-05 0.112612 0.463371 0.0576794 0.0209653 0.190287 9.9982E-05 0.0351107
0.150936 0.166408 0.00845936 0.481829 0.00309301 0.00462495 0.0112642 9.9991E-05 0.173286
0.0606035 0.0459573 0.0645124 0.641768 0.00817392 9.9982E-05 0.142682 9.9982E-05 0.0361022
9.9973E-05 0.020903 0.067441 0.51479 0.074139 9.9973E-05 0.216974 9.9973E-05 0.105453
0.0757092 0.141233 0.186646 0.279551 9.9973E-05 0.0278481 0.288713 9.9973E-05 9.9973E-05
9.9973E-05 0.105983 0.0109857 9.9973E-05 0.150253 0.0294751 0.588046 9.9973E-05 0.114957
9.9982E-05 9.9982E-05 0.039747 0.50414 0.0140941 0.0389953 0.357819 0.0279817 0.0170233
0.0845708 9.9973E-05 0.14962 0.13005 0.01923 9.9973E-05 0.557849 9.9973E-05 0.0583806
9.9973E-05 0.1237 0.0727519 0.463776 0.0942726 9.9973E-05 0.17979 9.9973E-05 0.0654098
0.0142809 0.0213872 0.114229 0.12209 0.0610981 0.0171461 0.506583 9.9991E-05 0.143086
0.0855095 9.9973E-05 9.9973E-05 0.566296 0.0685162 0.0288351 0.130799 9.9973E-05 0.119744
9.9991E-05 0.0321233 0.0535853 0.201341 0.151666 0.0111834 0.485256 0.0356457 0.0290994
0.044674 0.0236293 0.155869 0.344822 0.0615905 0.0126353 0.300208 9.9991E-05 0.0564716
0.0514276 0.220892 0.0893454 0.497735 9.9991E-05 0.0101 0.0674129 0.0329778 0.0300096
9.9955E-05 0.458361 0.111115 0.305516 9.9955E-05 9.9955E-05 0.124509 9.9955E-05 9.9955E-05
0.0176404 0.279808 9.9991E-05 0.536334 0.0412146 0.00945012 0.0927302 0.0209274 0.00179523
9.9982E-05 0.147604 0.0286495 0.654283 0.0681756 0.0580893 9.9982E-05 0.0355866 0.00741164
9.9955E-05 0.503399 0.0679039 0.332387 9.9955E-05 9.9955E-05 0.09581 9.9955E-05 9.9955E-05
0.0608718 0.159982 0.133509 0.513028 0.0647017 0.025346 9.9991E-05 0.0269139 0.015547
9.9982E-05 0.213146 0.0142042 0.572665 0.103278 0.0504942 0.0374031 9.9982E-05 0.00861019
9.9964E-05 0.522967 0.096412 0.159578 0.122007 9.9964E-05 0.0986364 9.9964E-05 9.9964E-05
9.9964E-05 0.594174 0.0543748 0.277729 0.066883 9.9964E-05 0.00643944 9.9964E-05 9.9964E-05
9.9973E-05 0.274822 0.0913295 0.496579 0.0674172 0.037964 0.0315886 9.9973E-05 9.9973E-05
9.9973E-05 0.470206 0.0469504 0.152753 0.166259 9.9973E-05 0.0947388 0.0687939 9.9973E-05
9.9955E-05 0.324876 9.9955E-05 0.453483 0.0771936 9.9955E-05 0.143947 9.9955E-05 9.9955E-05
0.0517175 9.9964E-05 9.9964E-05 0.0980676 0.246853 0.0287743 0.574188 9.9964E-05 9.9964E-05
9.9955E-05 9.9955E-05 0.336653 0.321654 0.0317258 9.9955E-05 0.309467 9.9955E-05 9.9955E-05
9.9973E-05 9.9973E-05 0.0457684 0.378022 0.113955 0.0236659 0.369349 9.9973E-05 0.0689402
0.0503989 0.0194633 9.9964E-05 0.627633 0.0586119 9.9964E-05 0.243493 9.9964E-05 9.9964E-05
0.00173387 9.9964E-05 9.9964E-05 0.246715 0.226823 0.029621 0.494707 9.9964E-05 9.9964E-05
0.0744867 0.00898188 0.190777 0.431382 9.9991E-05 0.0352617 0.156691 0.0150435 0.0872762
0.064645 0.0548838 9.9982E-05 0.603882 0.0189981 0.0237975 0.180247 0.0533463 9.9982E-05
0.0358916 0.0674448 0.0346285 0.486498 0.136011 0.00449101 0.180689 9.9991E-05 0.0542469
0.0233383 9.9964E-05 0.0509986 0.570032 0.127933 9.9964E-05 0.227298 9.9964E-05 9.9964E-05
0.0272736 9.9973E-05 9.9973E-05 0.47052 0.107914 0.0481421 0.299286 9.9973E-05 0.0465654
0.0907451 9.9955E-05 9.9955E-05 0.151628 0.295854 9.9955E-05 0.461273 9.9955E-05 9.9955E-05
0.063747 9.9964E-05 0.0855878 0.309152 0.113512 9.9964E-05 0.427601 9.9964E-05 9.9964E-05
0.114284 9.9955E-05 0.0225943 0.575161 9.9955E-05 9.9955E-05 0.287461 9.9955E-05 9.9955E-05
0.0144851 0.0392879 0.0713902 0.622326 9.9982E-05 0.0249291 0.147435 9.9982E-05 0.0799467
9.9982E-05 0.0759076 0.105644 0.385562 0.116279 0.0385233 0.272958 9.9982E-05 0.00492634
0.0967764 9.9973E-05 0.076219 0.491652 0.042288 9.9973E-05 0.274705 0.0180593 9.9973E-05
0.0888675 0.0893936 9.9982E-05 0.325442 0.0820231 0.0508428 0.347478 9.9982E-05 0.0157528
0.0264303 0.00772438 9.9973E-05 0.652106 0.0104406 0.0412167 0.261782 9.9973E-05 9.9973E-05
0.0785316 9.9973E-05 0.065233 0.533339 0.0446507 9.9973E-05 0.274545 0.00340069 9.9973E-05
0.136818 0.00400995 0.0713319 0.508914 0.0743136 0.0130045 0.157027 0.0344819 9.9991E-05
0.133706 0.108815 9.9991E-05 0.374998 0.0690454 0.0404303 0.0122061 0.0458083 0.214891
0.217045 0.0927119 0.0739549 0.417366 0.0212354 0.0617291 9.9991E-05 0.0462859 0.0695718
0.127771 0.123238 9.9982E-05 0.477117 0.0250452 0.0657232 0.0168233 0.164082 9.9982E-05
0.121163 0.0283763 0.064089 0.556729 0.0989167 0.0186722 0.0665042 0.0422732 0.00327643
0.120424 9.9982E-05 0.0566509 0.436522 0.0719229 0.0649076 9.9982E-05 0.0495999 0.199772
0.0183981 0.161514 0.149284 0.458563 0.00460714 9.9973E-05 0.207334 9.9973E-05 9.9973E-05
0.18968 0.0409701 0.0192726 0.413226 0.103727 9.9991E-05 0.0843387 0.0198481 0.128838
0.146804 0.37909 0.0406631 0.0154928 0.166387 9.9982E-05 0.017337 9.9982E-05 0.234025
0.128601 0.0349255 9.9982E-05 0.526259 0.0892624 0.00748012 0.0541424 9.9982E-05 0.15913
0.183652 0.00542901 0.111481 0.464469 0.0353009 0.00516157 0.0289035 9.9991E-05 0.165503
0.223796 9.9982E-05 0.134435 0.42704 9.9982E-05 0.0271734 0.124167 0.0111872 0.0520023
0.162591 0.181855 0.111756 0.214931 0.0481324 0.0542314 0.0791274 0.0775664 0.0698091
0.0650316 0.0605138 9.9982E-05 0.587367 0.0408952 9.9982E-05 0.0240408 0.0111116 0.21084
0.199548 0.0794149 0.0829843 0.493704 9.9973E-05 0.0676402 9.9973E-05 9.9973E-05 0.0764085
0.19562 0.268769 0.0459962 9.9964E-05 9.9964E-05 0.0774072 9.9964E-05 9.9964E-05 0.411807
0.123763 0.075856 9.9982E-05 0.514075 0.0679909 0.0884907 9.9982E-05 0.0044326 0.125192
0.126614 0.0850703 9.9982E-05 0.534844 9.9982E-05 0.0910568 0.00372232 0.0388511 0.119641
0.118444 0.0892123 0.0968813 0.512573 0.0539079 0.0196514 9.9991E-05 0.0454847 0.0637453
0.187637 0.116106 9.9973E-05 0.528436 9.9973E-05 0.00745175 9.9973E-05 0.0805456 0.079524
0.130955 0.216011 9.9973E-05 0.463557 9.9973E-05 0.0135117 9.9973E-05 0.112078 0.0635865
0.0256779 9.9982E-05 0.402061 0.405814 9.9982E-05 0.00654176 0.108842 0.0305766 0.0202867
0.0374911 9.9991E-05 0.190314 0.472142 0.109385 0.0126845 0.0297038 0.0173928 0.130787
9.9955E-05 9.9955E-05 0.777452 9.9955E-05 0.096143 9.9955E-05 0.100982 0.0249229 9.9955E-05
9.9946E-05 9.9946E-05 0.96106 9.9946E-05 9.9946E-05 9.9946E-05 0.0279467 9.9946E-05 0.0103939
9.9982E-05 0.0169727 0.319657 0.514741 0.0151045 0.0080042 9.9982E-05 0.0527149 0.0726061
0.321619 0.14414 0.0746102 0.366792 9.9982E-05 9.9982E-05 0.00174415 0.0285432 0.062351
0.289142 0.035922 0.228104 0.306431 9.9982E-05 0.0341703 9.9982E-05 0.0702586 0.0357727
0.28492 0.18621 0.189287 0.13174 9.9982E-05 0.0659921 9.9982E-05 0.056785 0.0848655
0.254421 0.0640095 0.157437 0.316423 9.9973E-05 0.0478648 9.9973E-05 9.9973E-05 0.159546
0.123399 0.0800831 0.705275 0.00583983 9.9973E-05 9.9973E-05 9.9973E-05 0.0362736 0.0488298
0.0569917 0.0519017 0.634412 0.13419 9.9973E-05 0.0195279 9.9973E-05 9.9973E-05 0.102677
0.0532762 9.9973E-05 0.291943 0.524994 0.0445416 0.00155399 9.9973E-05 0.083391 9.9973E-05
0.102116 9.9955E-05 0.401993 0.385373 9.9955E-05 9.9955E-05 9.9955E-05 0.110018 9.9955E-05
0.0649439 9.9964E-05 0.66242 0.141741 9.9964E-05 0.0657975 9.9964E-05 9.9964E-05 0.0646979
0.110075 9.9973E-05 0.334381 0.480371 0.00531634 9.9973E-05 0.0127125 9.9973E-05 0.0568442
0.0817929 9.9964E-05 0.322405 0.521494 9.9964E-05 0.0305685 9.9964E-05 0.0433399 9.9964E-05
0.0945448 0.0543803 0.110183 0.506002 0.0258098 9.9991E-05 0.0715024 0.0979006 0.0395772
9.9973E-05 9.9973E-05 0.555714 0.2945 0.0214964 0.00314472 0.0742952 9.9973E-05 0.0505498
0.0645914 0.0353431 0.477938 0.29546 0.0360169 0.0350744 0.0119593 0.0435168 9.9991E-05
9.9964E-05 9.9964E-05 0.261361 0.589645 0.101007 0.00714174 9.9964E-05 9.9964E-05 0.0404462
0.0409868 9.9982E-05 0.36302 0.331637 0.0789494 9.9982E-05 0.0876867 0.0145082 0.0830121
0.0913251 9.9991E-05 0.217636 0.441413 0.0142108 0.0242538 0.141554 0.0656868 0.00382068
9.9955E-05 0.130592 0.450281 0.404163 9.9955E-05 9.9955E-05 0.0144649 9.9955E-05 9.9955E-05
9.9955E-05 9.9955E-05 0.682187 0.205715 9.9955E-05 9.9955E-05 0.0957128 0.0158854 9.9955E-05
9.9964E-05 9.9964E-05 0.346818 0.58501 0.0188325 9.9964E-05 9.9964E-05 0.023743 0.0251971
0.0560741 9.9991E-05 0.252089 0.498939 0.0160424 0.0496272 0.00800994 0.0376887 0.0814302
9.9946E-05 9.9946E-05 0.715505 0.217529 0.0663668 9.9946E-05 9.9946E-05 9.9946E-05 9.9946E-05
0.0279075 0.0262344 0.5097 0.395436 0.0220227 0.0183996 9.9973E-05 9.9973E-05 9.9973E-05
0.018744 0.0120501 0.165684 0.521771 0.159278 9.9991E-05 0.00780306 0.0356144 0.0789549
0.00550063 9.9973E-05 0.343926 0.449462 0.11055 0.031989 0.058273 9.9973E-05 9.9973E-05
0.193949 0.114294 0.0504514 0.463762 9.9973E-05 0.0127701 9.9973E-05 9.9973E-05 0.164473
0.203499 0.0235675 0.148457 0.377779 9.9982E-05 0.0432416 0.120627 9.9982E-05 0.0826287
0.243619 0.0892673 0.0841794 0.349463 9.9982E-05 9.9982E-05 0.0680648 0.0932207 0.071986
0.205731 0.166055 0.0473625 0.311489 9.9982E-05 0.0825574 0.145684 9.9982E-05 0.0409213
0.133177 9.9982E-05 0.0238033 0.438333 0.0880473 9.9982E-05 0.114979 0.0663604 0.1351
0.127087 9.9982E-05 0.192497 0.41878 9.9982E-05 0.0942018 0.0541435 0.00845653 0.104635
0.116942 9.9964E-05 0.627771 9.9964E-05 9.9964E-05 0.000544451 9.9964E-05 0.22477 0.0295728
0.181976 0.0742839 0.0794304 0.563545 9.9982E-05 9.9982E-05 0.0238115 0.0623821 0.0143711
0.103895 0.126158 0.34479 9.9973E-05 9.9973E-05 0.0248679 9.9973E-05 0.169278 0.230712
0.219519 0.0331232 0.291137 0.382809 9.9973E-05 0.000343339 9.9973E-05 9.9973E-05 0.0727684
9.9955E-05 0.00189926 0.78686 0.0744944 0.136246 9.9955E-05 9.9955E-05 9.9955E-05 9.9955E-05
9.9946E-05 9.9946E-05 0.945318 9.9946E-05 0.0410416 0.013041 9.9946E-05 9.9946E-05 9.9946E-05
9.9955E-05 9.9955E-05 0.463852 0.508671 9.9955E-05 0.0125399 0.0144374 9.9955E-05 9.9955E-05
9.9955E-05 9.9955E-05 0.3842 0.578578 9.9955E-05 0.0103364 9.9955E-05 0.0263858 9.9955E-05
9.9946E-05 9.9946E-05 0.578844 0.39919 9.9946E-05 9.9946E-05 0.021366 9.9946E-05 9.9946E-05
9.9964E-05 9.9964E-05 0.431844 0.493451 0.0500249 9.9964E-05 0.0126076 9.9964E-05 0.0116729
9.9955E-05 9.9955E-05 0.423094 0.516129 0.0371585 9.9955E-05 9.9955E-05 0.0231184 9.9955E-05
0.0500305 0.0284509 0.046139 0.0800082 9.9973E-05 0.0847964 9.9973E-05 9.9973E-05 0.710275
0.135636 9.9973E-05 0.0586814 9.9973E-05 9.9973E-05 0.0630019 0.027499 0.132475 0.582407
0.0676421 9.9955E-05 9.9955E-05 9.9955E-05 9.9955E-05 0.0538102 0.0318446 9.9955E-05 0.846203
9.9964E-05 0.0241594 0.0212592 0.0196076 9.9964E-05 0.154571 9.9964E-05 9.9964E-05 0.780003
0.0267466 9.9982E-05 0.0433389 0.494922 0.327585 0.0333536 0.0154149 9.9982E-05 0.058439
9.9973E-05 0.00875498 0.030988 0.442342 0.350985 0.0167548 9.9973E-05 9.9973E-05 0.149875
9.9964E-05 9.9964E-05 0.0351799 0.429272 0.496795 0.0273327 0.0110201 9.9964E-05 9.9964E-05
9.9982E-05 0.0757897 0.0073737 0.626084 0.141174 9.9982E-05 0.0217483 0.034559 0.0930714
9.9973E-05 0.0801163 9.9973E-05 0.552871 0.233314 9.9973E-05 0.00686466 0.0535328 0.0730016
9.9964E-05 9.9964E-05 0.0597968 0.22693 0.604304 9.9964E-05 0.057968 9.9964E-05 0.0506011
0.0192826 9.9964E-05 9.9964E-05 0.546223 0.4074 0.0236888 9.9964E-05 9.9964E-05 0.00300517
9.9973E-05 0.113209 0.069235 0.385709 0.397784 0.00675954 9.9973E-05 0.0270046 9.9973E-05
0.156447 0.0366248 0.074351 0.446122 9.9991E-05 0.00830601 0.0218589 0.0657088 0.190482
0.00473863 0.0838837 0.0399613 0.409083 0.344111 9.9982E-05 0.111172 9.9982E-05 0.0068497
9.9955E-05 9.9955E-05 9.9955E-05 0.272663 0.576446 0.0504122 0.0999787 9.9955E-05 9.9955E-05
9.9955E-05 9.9955E-05 0.0681535 0.563923 0.319275 9.9955E-05 0.0481481 9.9955E-05 9.9955E-05
9.9973E-05 9.9973E-05 0.0524097 0.343081 0.466542 0.0170469 0.077299 9.9973E-05 0.0433223
9.9955E-05 0.0536333 0.0441603 0.539964 0.361743 9.9955E-05 9.9955E-05 9.9955E-05 9.9955E-05
9.9973E-05 9.9973E-05 0.0394078 0.593932 0.297885 0.00327297 9.9973E-05 0.0372225 0.02798
9.9946E-05 9.9946E-05 0.0344037 0.0685666 0.89643 9.9946E-05 9.9946E-05 9.9946E-05 9.9946E-05
0.0389947 0.0956577 0.0593558 0.16922 0.572624 9.9991E-05 0.0423423 0.00576616 0.0159396
9.9973E-05 0.00848819 9.9973E-05 0.268052 0.653979 0.0398582 9.9973E-05 0.0149074 0.0144156
9.9946E-05 0.170337 0.0961882 9.9946E-05 0.732875 9.9946E-05 9.9946E-05 9.9946E-05 9.9946E-05
9.9964E-05 9.9964E-05 0.0318715 0.357631 0.377099 9.9964E-05 0.154698 9.9964E-05 0.0783
9.9955E-05 0.28306 0.0442596 0.0653452 0.606835 9.9955E-05 9.9955E-05 9.9955E-05 9.9955E-05
9.9946E-05 0.135235 0.140067 9.9946E-05 0.724098 9.9946E-05 9.9946E-05 9.9946E-05 9.9946E-05
0.0812071 0.0254546 0.0798062 0.519269 0.252836 0.0212364 9.9982E-05 9.9982E-05 0.0199907
9.9973E-05 9.9973E-05 0.0328065 0.141595 0.680055 0.0183915 0.0343053 0.0925477 9.9973E-05
0.0600428 0.0822093 9.9973E-05 0.350566 0.461923 9.9973E-05 0.0341664 0.0107921 9.9973E-05
0.0773969 0.0659334 0.0495553 0.479413 0.242404 9.9982E-05 0.0305904 9.9982E-05 0.054507
9.9973E-05 0.00554109 9.9973E-05 0.466976 0.39526 9.9973E-05 0.110009 0.0100767 0.0118378
0.0468908 0.113829 0.231066 0.257535 0.0515994 9.9973E-05 0.29878 9.9973E-05 9.9973E-05
0.00135623 9.9973E-05 0.0485054 0.536994 0.373092 0.0283053 9.9973E-05 0.011447 9.9973E-05
0.00640637 0.0155167 9.9991E-05 0.440142 0.383373 0.0198254 0.102032 0.00906602 0.0235388
9.9946E-05 0.0325951 9.9946E-05 0.280043 0.686763 9.9946E-05 9.9946E-05 9.9946E-05 9.9946E-05
0.0228654 0.0500417 0.0800253 0.497806 0.141733 0.00456962 0.0497397 0.0235269 0.129693
0.000850222 0.0517271 9.9973E-05 9.9973E-05 9.9973E-05 0.0855162 0.29826 0.013966 0.54938
9.9982E-05 9.9982E-05 0.0267959 0.0410069 0.0533487 0.0880655 0.0819319 0.000785127 0.707866
9.9964E-05 0.0785035 9.9964E-05 9.9964E-05 9.9964E-05 0.131078 0.106402 0.00857968 0.675036
9.9973E-05 0.0290188 9.9973E-05 9.9973E-05 0.00295014 0.102152 0.121775 0.00128171 0.742523
9.9973E-05 0.0169915 9.9973E-05 0.0143852 9.9973E-05 0.0718132 0.202288 0.0722087 0.622014
9.9964E-05 9.9964E-05 9.9964E-05 0.0783176 0.742992 9.9964E-05 0.0956932 0.0613253 0.021272
9.9973E-05 9.9973E-05 0.0701214 0.0701529 0.696154 0.0210552 0.0736315 9.9973E-05 0.0685849
