0.043887 9.9964E-05 9.9964E-05 0.0607202 0.824539 0.0591501 9.9964E-05 9.9964E-05 0.0113038
0.0240098 0.0518625 9.9973E-05 9.9973E-05 0.893925 9.9973E-05 0.0193588 0.00237804 0.0081659
0.0565158 9.9973E-05 0.107164 0.0701346 0.71891 0.0280758 9.9973E-05 9.9973E-05 0.0189005
0.023685 9.9973E-05 0.00188342 0.0972833 0.748282 0.0353044 9.9973E-05 9.9973E-05 0.0932617
9.9964E-05 0.0365775 0.0660792 0.0406255 0.837859 0.0184594 9.9964E-05 9.9964E-05 9.9964E-05
0.0291913 0.00606554 0.011202 0.133791 0.460981 0.157284 0.0425122 0.158873 9.9991E-05
0.0817027 9.9964E-05 9.9964E-05 0.00814236 0.706109 0.0768504 9.9964E-05 0.126796 9.9964E-05
0.0534744 9.9982E-05 0.0232206 0.0148062 0.638475 0.145515 9.9982E-05 0.116991 0.00731883
0.0103457 9.99639E-05 9.99639E-05 9.99639E-05 0.83347 0.032213 0.0883701 0.0352012 9.99639E-05
0.0449045 0.0303174 0.117102 0.0916026 0.622561 0.0499842 0.00276572 0.0406626 9.9991E-05
9.9964E-05 9.9964E-05 0.0468095 9.9964E-05 0.720302 0.109303 0.0191447 0.104041 9.9964E-05
9.9964E-05 9.9964E-05 0.0903523 0.0738944 0.00803226 9.9964E-05 0.0024326 9.9964E-05 0.824889
0.0305078 9.9964E-05 0.458378 0.02168 9.9964E-05 0.0459637 9.9964E-05 9.9964E-05 0.44307
0.0715793 0.0708948 0.0676156 0.0856903 9.9973E-05 9.9973E-05 9.9973E-05 0.0467832 0.657137
0.0179674 0.0311563 0.015226 0.220045 0.000221419 9.9973E-05 9.9973E-05 9.9973E-05 0.715084
0.0023858 0.0568281 0.236626 0.163658 0.127835 9.9982E-05 0.029148 9.9982E-05 0.383319
0.0200899 9.9982E-05 0.465705 0.106823 0.0506711 9.9982E-05 0.096669 0.0162652 0.243578
0.0501143 9.9973E-05 0.331787 0.0871162 9.9973E-05 9.9973E-05 0.110796 0.0594242 0.360463
0.0326107 9.9973E-05 0.198415 0.0574505 0.100794 9.9973E-05 0.0371196 9.9973E-05 0.57331
0.0167491 9.9964E-05 9.9964E-05 9.9964E-05 0.043266 0.0860973 9.9964E-05 0.058613 0.794875
0.0162482 0.0343952 0.295905 0.0611897 0.0399519 9.9991E-05 0.125338 0.0411721 0.3857
0.0318941 0.0338593 0.374774 0.0106678 9.9982E-05 9.9982E-05 0.0627602 0.141143 0.344702
9.9955E-05 9.9955E-05 0.571077 9.9955E-05 9.9955E-05 0.0753626 9.9955E-05 0.0502117 0.302849
0.0232148 9.9973E-05 0.112999 0.114009 9.9973E-05 9.9973E-05 0.0308963 0.0112143 0.707367
0.0287992 9.9982E-05 0.511224 0.119155 0.0073336 9.9982E-05 0.0401202 0.0620604 0.231107
0.0394572 9.9973E-05 0.467897 0.0850583 0.00114175 9.9973E-05 9.9973E-05 0.0399791 0.366167
0.0179766 9.9955E-05 9.9955E-05 0.122177 9.9955E-05 9.9955E-05 0.0158587 9.9955E-05 0.843488
9.9973E-05 9.9973E-05 0.0392988 0.16134 0.0357138 9.9973E-05 0.00384301 0.00869008 0.750814
9.9964E-05 9.9964E-05 0.100344 9.9964E-05 0.0194119 9.9964E-05 0.0550107 0.0976505 0.727183
0.999201 9.993E-05 9.993E-05 9.993E-05 9.993E-05 9.993E-05 9.993E-05 9.993E-05 9.993E-05
0.999201 9.993E-05 9.993E-05 9.993E-05 9.993E-05 9.993E-05 9.993E-05 9.993E-05 9.993E-05
0.357557 0.0160848 0.107668 0.00443485 0.497516 0.0164398 9.9973E-05 9.9973E-05 9.9973E-05
0.294656 9.9964E-05 0.0302865 0.129399 0.458426 9.9964E-05 0.0868331 9.9964E-05 9.9964E-05
9.9982E-05 0.120046 0.53217 0.0144134 9.9982E-05 0.0146974 0.151129 0.078498 0.0888457
0.0319094 0.0166071 0.375362 0.106221 0.055531 9.9982E-05 0.272786 9.9982E-05 0.141384
9.9946E-05 9.9946E-05 0.599486 9.9946E-05 0.0732957 9.9946E-05 0.326619 9.9946E-05 9.9946E-05
0.00416381 0.0415284 0.0261662 9.9982E-05 0.140788 0.0637554 0.0727232 9.9982E-05 0.650675
0.0214434 0.0334408 0.289764 0.0409222 9.9982E-05 9.9982E-05 0.495436 0.0643431 0.0544499
9.9964E-05 0.0807891 0.489136 9.9964E-05 0.0922618 9.9964E-05 0.158171 9.9964E-05 0.179243
9.9964E-05 0.0361482 0.565103 0.117537 9.9964E-05 0.0398289 0.240982 9.9964E-05 9.9964E-05
0.0131813 0.0306416 0.588459 9.9991E-05 0.0528656 0.0797657 0.154594 0.0121231 0.0682688
0.0623331 9.9982E-05 0.590754 9.9982E-05 0.00668026 0.166315 0.0141003 0.130122 0.0294951
9.9955E-05 9.9955E-05 0.0659145 9.9955E-05 0.0419668 9.9955E-05 0.63109 9.9955E-05 0.260529
9.9982E-05 9.9982E-05 0.612305 0.00753471 0.0602336 0.0562008 0.074176 0.152005 0.0373451
9.9973E-05 0.0788172 0.611699 0.0446821 0.0532759 9.9973E-05 0.161835 0.0493916 9.9973E-05
0.0572595 9.9982E-05 0.507116 0.102394 0.113552 9.9982E-05 0.150666 0.0478162 0.0209962
9.9946E-05 0.0614152 0.267695 9.9946E-05 9.9946E-05 9.9946E-05 0.67029 9.9946E-05 9.9946E-05
0.0351397 0.0737013 0.631307 0.0780237 0.00761676 0.0138742 0.160138 9.9982E-05 9.9982E-05
9.9973E-05 0.02567 0.508483 0.0699342 0.102083 9.9973E-05 0.263188 0.0303417 9.9973E-05
9.9946E-05 9.9946E-05 9.9946E-05 9.9946E-05 0.0397622 9.9946E-05 0.689231 0.270407 9.9946E-05
9.9973E-05 0.0382842 0.099015 9.9973E-05 9.9973E-05 0.168849 0.140965 0.128453 0.424134
9.9973E-05 0.160284 0.0261723 9.9973E-05 9.9973E-05 0.0273783 0.109915 0.385976 0.289974
0.0300318 0.0488177 0.569293 0.0683313 9.9982E-05 0.0640789 9.9982E-05 0.108448 0.110799
9.9982E-05 0.011746 0.649911 9.9982E-05 0.146406 0.0459674 0.0128916 0.0507309 0.0821468
9.9982E-05 0.0249334 0.621312 0.0220396 0.0518309 9.9982E-05 0.0278529 0.0891924 0.162639
0.0513449 9.9982E-05 0.121208 9.9982E-05 0.0424744 0.164035 0.248296 0.0798615 0.292581
0.0239392 0.0436421 0.60347 9.9973E-05 9.9973E-05 0.130816 9.9973E-05 0.0274199 0.170412
9.9982E-05 0.0143017 0.558736 0.0227828 0.0973839 9.9982E-05 0.0238226 0.0738712 0.208902
0.0618481 0.054328 0.302377 0.0169355 0.0940776 0.021035 0.088966 0.0238959 0.336537
0.0347341 0.0374359 0.0131099 0.031086 0.169258 0.0517345 0.0714236 0.11141 0.479807
0.105243 0.0476847 0.515611 9.9982E-05 9.9982E-05 0.00839158 0.164881 0.0521646 0.105824
0.0118323 0.152228 0.292858 0.0730218 0.0458801 9.9982E-05 0.0266286 9.9982E-05 0.39735
0.0457157 0.043491 9.9973E-05 9.9973E-05 9.9973E-05 0.15033 0.104927 0.0919355 0.563301
9.99704E-05 0.0890744 0.41469 9.99704E-05 9.99704E-05 9.99704E-05 0.0397003 0.0812648 0.374871
0.0210491 0.0775544 0.511956 0.066376 9.9991E-05 0.0141882 0.205432 0.0722975 0.0310462
0.0290206 9.9991E-05 0.55094 0.0399492 0.116848 0.0396375 0.023373 0.0176801 0.182452
0.036573 0.00732475 0.198813 0.0586924 0.0083086 0.0283536 0.122816 0.144432 0.394686
0.0694631 9.9973E-05 0.356297 0.0172666 9.9973E-05 9.9973E-05 0.107313 0.0567319 0.392628
0.0273704 0.121618 0.490941 9.9991E-05 0.0152196 0.107744 0.0670289 0.0151677 0.154811
0.0650987 0.0533995 0.0305968 9.9982E-05 9.9982E-05 0.0399966 0.159458 0.0521123 0.599139
9.9955E-05 9.9955E-05 0.515756 9.9955E-05 9.9955E-05 0.0193484 0.38962 9.9955E-05 0.0747759
0.0171658 9.9955E-05 0.200644 9.9955E-05 9.9955E-05 9.9955E-05 0.656793 9.9955E-05 0.124898
0.0302723 0.0905349 0.486575 0.0535595 0.0551186 0.0246336 0.189959 0.0692473 9.9991E-05
9.9946E-05 9.9946E-05 9.9946E-05 9.9946E-05 9.9946E-05 0.0237735 0.849698 0.125929 9.9946E-05
9.9964E-05 0.09003 9.9964E-05 9.9964E-05 9.9964E-05 0.0360486 0.74777 0.0672808 0.0584708
9.9955E-05 9.9955E-05 0.268333 0.0172414 9.9955E-05 9.9955E-05 0.701743 9.9955E-05 0.0121828
0.0116434 9.9964E-05 0.418133 9.9964E-05 9.9964E-05 9.9964E-05 0.445267 0.00720378 0.117354
0.0349282 0.000962922 0.471916 0.108672 0.102797 0.0734191 0.0851542 0.0183587 0.103792
0.00593165 0.0216333 0.301095 0.0850527 9.9991E-05 0.00407381 0.554223 0.0250336 0.00285684
9.9964E-05 9.9964E-05 0.159929 9.9964E-05 0.0500659 0.129665 0.620396 9.9964E-05 0.0395446
9.9964E-05 9.9964E-05 0.202255 9.9964E-05 0.0465991 0.160701 0.498487 9.9964E-05 0.0915578
0.00491873 0.0366399 0.477364 0.127507 0.0110432 0.11881 0.214487 9.9991E-05 0.00913056
0.0340125 9.9973E-05 0.220909 0.0289603 0.0107123 9.9973E-05 0.536173 9.9973E-05 0.168934
0.0403379 9.9964E-05 0.439146 9.9964E-05 9.9964E-05 0.00713066 0.449932 9.9964E-05 0.063053
9.9946E-05 9.9946E-05 0.368266 9.9946E-05 0.0339202 9.9946E-05 0.597214 9.9946E-05 9.9946E-05
9.9982E-05 0.120623 9.9982E-05 0.0163498 0.00991077 0.00524969 0.66794 0.151685 0.0280418
9.9966E-05 0.015521 0.604431 0.0492983 9.9966E-05 0.103677 0.226673 9.9966E-05 9.9966E-05
0.0201247 9.9982E-05 0.106252 0.038528 0.781237 0.036968 0.000199684 9.9982E-05 0.016491
0.0996721 9.99461E-05 0.073795 9.99461E-05 0.825933 9.99461E-05 9.99461E-05 9.99461E-05 9.99461E-05
0.124075 9.9964E-05 0.0916897 0.00982709 0.763116 0.0108924 9.9964E-05 9.9964E-05 9.9964E-05
0.132176 9.9964E-05 0.0544246 0.0173316 0.756184 9.9964E-05 9.9964E-05 0.0394843 9.9964E-05
0.121395 9.9964E-05 0.0713025 0.0546097 0.726577 9.9964E-05 0.0257163 9.9964E-05 9.9964E-05
0.0725543 9.9982E-05 0.0154264 0.0424094 0.77802 0.0473655 0.0273158 0.0167088 9.9982E-05
0.0504824 9.9964E-05 0.0861339 0.00417787 0.850103 9.9964E-05 0.00870261 9.9964E-05 9.9964E-05
0.0571706 0.0225875 0.505099 0.114404 9.9973E-05 0.0953702 0.205069 9.9973E-05 9.9973E-05
0.0103712 0.0213422 0.420355 0.0452298 0.138352 0.0355258 0.300016 0.00177156 0.0270363
9.9946E-05 9.9946E-05 9.9946E-05 9.9946E-05 0.0494116 9.9946E-05 0.826024 9.9946E-05 0.123964
9.9991E-05 0.0579225 0.495957 0.105522 0.0653299 0.0773914 0.171274 0.0069686 0.0195352
0.0193372 9.9964E-05 0.418794 9.9964E-05 0.010354 9.9964E-05 0.351133 9.9964E-05 0.199982
0.0392893 9.9973E-05 0.549735 0.034287 0.0476232 0.0337614 0.295004 9.9973E-05 9.9973E-05
0.0262606 0.0792491 0.48492 0.0917827 0.00100552 9.9991E-05 0.231223 0.0215394 0.0639192
0.0484981 0.00121426 0.375882 0.10463 9.9964E-05 9.9964E-05 0.469376 9.9964E-05 9.9964E-05
9.9973E-05 0.00332755 9.9973E-05 9.9973E-05 0.034776 0.0829815 0.6516 0.0436542 0.183361
0.00210885 0.00464468 0.425667 0.0721924 0.103895 0.0845209 0.19536 0.0334814 0.0781293
9.9973E-05 0.0104375 0.566435 0.0451163 0.0840624 9.9973E-05 0.180063 9.9973E-05 0.113586
0.039219 0.0294143 0.582069 0.0490208 0.0480124 0.128151 0.0929026 9.9991E-05 0.0311101
0.00565573 9.9973E-05 0.274374 9.9973E-05 0.0134185 9.9973E-05 0.577142 0.101591 0.0275201
0.016018 0.0887261 0.531621 9.9982E-05 0.0216187 0.0219911 0.286731 0.0330941 9.9982E-05
9.9964E-05 0.0244667 0.377159 9.9964E-05 9.9964E-05 0.0151289 0.354625 9.9964E-05 0.22822
9.9946E-05 9.9946E-05 0.208967 0.13763 9.9946E-05 9.9946E-05 0.652803 9.9946E-05 9.9946E-05
0.00422631 9.9964E-05 0.375169 9.9964E-05 0.0656668 0.0162454 0.538293 9.9964E-05 9.9964E-05
0.00744784 0.0232705 0.513116 9.9973E-05 0.157366 9.9973E-05 0.207807 0.0906924 9.9973E-05
9.9991E-05 0.278906 0.114123 0.0235949 0.0264282 0.0122444 0.0137331 0.099977 0.430894
0.0467976 9.9982E-05 0.360288 0.0268827 0.0962738 0.1141 9.9982E-05 0.0754168 0.280041
9.9964E-05 0.186526 0.490107 0.0358052 0.0949323 9.9964E-05 9.9964E-05 9.9964E-05 0.192229
0.0388496 0.105016 0.580571 0.00457933 0.0447427 0.0443842 0.181657 9.9982E-05 9.9982E-05
0.0841679 0.0754415 0.372795 9.9964E-05 9.9964E-05 0.0273698 9.9964E-05 9.9964E-05 0.439826
9.9982E-05 0.0194225 0.499784 0.0272696 0.0718424 0.00105281 9.9982E-05 0.0287361 0.351693
9.9964E-05 0.0567294 0.438945 9.9964E-05 0.0438859 0.0764849 9.9964E-05 9.9964E-05 0.383555
0.0481705 0.0664211 0.503821 0.00551359 0.0613426 0.0907223 9.9991E-05 0.0420911 0.181818
0.022244 9.9982E-05 0.474996 0.0973624 9.9982E-05 0.0308775 0.0529979 0.110826 0.210496
0.0367784 9.9973E-05 0.505068 9.9973E-05 0.0311577 9.9973E-05 0.0155881 0.0551008 0.356008
9.9964E-05 0.0326205 0.468225 9.9964E-05 9.9964E-05 0.142703 9.9964E-05 0.0246563 0.331396
9.9982E-05 0.0278349 0.63986 0.0378641 9.9982E-05 0.125134 0.0448002 0.0518867 0.0724194
9.9991E-05 0.0492611 0.583785 0.0245786 0.0282562 0.0149641 0.0921573 0.0691185 0.13778
9.9964E-05 0.13089 0.545612 0.021102 9.9964E-05 0.043973 9.9964E-05 9.9964E-05 0.258023
0.0479065 0.0414928 0.447701 0.128003 0.00398133 0.160975 0.0330213 0.086116 0.0508032
0.0128751 0.0980092 0.475925 0.0654623 9.9982E-05 0.12818 0.0337613 9.9982E-05 0.185587
0.0213902 0.0229115 0.332611 9.9982E-05 0.0632025 0.00373907 9.9982E-05 0.138046 0.417899
0.00984143 9.9973E-05 0.583538 9.9973E-05 0.0156659 0.0468373 0.0629799 9.9973E-05 0.280838
0.00393876 0.12348 0.563371 0.0331361 0.0153371 9.9973E-05 9.9973E-05 9.9973E-05 0.260438
9.9982E-05 0.114511 0.135729 0.115794 0.00418802 0.171634 0.115505 9.9982E-05 0.342439
9.9982E-05 0.151759 0.0626209 0.0680356 0.021801 9.9982E-05 0.0238101 0.235614 0.43616
9.9982E-05 0.0194319 0.533527 9.9982E-05 0.0222849 0.13549 0.0636411 0.073516 0.151909
0.0211356 0.256156 9.9982E-05 0.0610882 9.9982E-05 0.156165 0.18657 0.142371 0.176314
0.0291517 0.110393 0.180367 9.9982E-05 0.0715311 0.0299525 0.0800427 9.9982E-05 0.498362
9.9973E-05 0.0384453 0.371048 9.9973E-05 9.9973E-05 0.0529108 0.0993106 0.0184972 0.419488
0.0208277 9.9973E-05 0.256003 9.9973E-05 0.00442853 0.0956212 0.167773 9.9973E-05 0.455047
9.9973E-05 0.0224332 0.259368 9.9973E-05 0.0266854 0.132425 0.040009 9.9973E-05 0.518779
0.059562 9.9973E-05 0.521404 0.0565544 9.9973E-05 9.9973E-05 0.120425 0.147527 0.0942275
9.9991E-05 0.0709093 0.600239 0.0621491 0.078497 0.0607234 0.0491376 0.0378501 0.0403948
0.0724917 0.0303239 0.486205 0.0552489 0.0241138 0.0529313 0.0177405 0.0129279 0.248017
9.9973E-05 0.0801987 9.9973E-05 0.103611 9.9973E-05 0.122776 0.118807 0.18786 0.386447
9.9982E-05 0.0698496 0.544051 0.02535 0.0916539 0.0895987 9.9982E-05 0.122152 0.0571453
0.0151229 0.0711128 0.392287 0.110419 0.00626198 9.9982E-05 0.191199 0.213398 9.9982E-05
0.00949163 0.128942 9.9982E-05 9.9982E-05 0.0595838 0.195838 0.0956346 0.484463 0.0258472
0.0382797 0.0659973 0.555048 0.0555724 0.142971 9.9982E-05 0.116558 0.0253742 9.9982E-05
0.0262982 0.112578 0.309295 0.0406815 0.0471433 0.105072 0.171157 0.187675 9.9991E-05
0.0209939 0.0634126 0.505493 0.0424409 0.00777621 0.000145275 9.9991E-05 0.240934 0.118703
0.0324466 9.9982E-05 0.254748 9.9982E-05 0.0140228 0.0507433 0.155414 0.483651 0.00877418
0.0440183 0.0289949 0.147738 9.9991E-05 0.0150282 0.123205 0.0605369 0.437412 0.142967
0.0172227 0.199648 0.411131 9.9991E-05 0.0117381 0.129917 0.0322771 0.150839 0.0471267
0.00044785 0.00563481 0.508002 0.0291018 0.0834578 0.0349939 0.103778 0.203792 0.0307919
0.00967442 9.9991E-05 0.4299 0.0589718 0.0758477 0.0969886 0.0788232 0.204958 0.0447363
0.012585 0.12543 9.9982E-05 0.109253 0.0294301 9.9982E-05 0.16082 0.385868 0.176414
9.9982E-05 0.126162 0.527451 0.0661083 0.0300353 9.9982E-05 0.105843 0.0667135 0.077487
9.9964E-05 9.9964E-05 0.353298 9.9964E-05 9.9964E-05 0.0271255 0.147723 0.299423 0.172031
9.9973E-05 0.0381167 0.444146 9.9973E-05 9.9973E-05 0.0421124 0.128084 0.146401 0.20084
9.9973E-05 9.9973E-05 0.541457 0.0921826 0.123909 0.12021 0.0606666 0.0612744 9.9973E-05
0.0915657 9.9973E-05 0.171285 0.200919 0.192305 9.9973E-05 9.9973E-05 0.307391 0.0362346
0.0460731 9.9955E-05 9.9955E-05 0.132733 0.450488 9.9955E-05 9.9955E-05 0.370206 9.9955E-05
0.0556487 9.9955E-05 9.9955E-05 0.12689 0.336798 9.9955E-05 9.9955E-05 0.480163 9.9955E-05
0.011711 9.9964E-05 9.9964E-05 0.346119 0.33708 9.9964E-05 9.9964E-05 0.20582 0.0988697
9.9955E-05 9.9955E-05 0.686665 9.9955E-05 9.9955E-05 0.0445407 0.000730448 0.267564 9.9955E-05
0.0251661 0.0184795 0.626997 9.9982E-05 0.0699555 0.0686797 0.0971486 0.0933735 9.9982E-05
9.9946E-05 9.9946E-05 0.263913 0.671136 9.9946E-05 9.9946E-05 9.9946E-05 9.9946E-05 0.0643513
9.9964E-05 9.9964E-05 0.247318 0.482256 9.9964E-05 0.0729863 0.119606 9.9964E-05 0.0774335
0.0441761 0.050857 0.279643 0.421384 9.9982E-05 0.0478937 0.0564784 9.9982E-05 0.0993676
9.9964E-05 0.15324 0.353456 9.9964E-05 9.9964E-05 9.9964E-05 0.110896 0.364966 0.0170431
0.0343784 0.00479694 0.495532 0.0231031 9.9991E-05 0.0561057 0.122472 0.167514 0.095998
9.9973E-05 0.170442 0.182326 9.9973E-05 9.9973E-05 0.00893793 0.0594759 0.502111 0.0764074
9.9964E-05 0.0224072 0.623487 9.9964E-05 9.9964E-05 9.9964E-05 0.117613 0.226639 0.0094542
9.9973E-05 0.173435 0.440532 9.9973E-05 0.0222624 9.9973E-05 0.0534392 0.232333 0.0776984
9.9955E-05 9.9955E-05 0.60896 9.9955E-05 9.9955E-05 0.00202457 9.9955E-05 0.29998 0.0885352
9.9973E-05 0.0950997 0.197416 9.9973E-05 9.9973E-05 0.00584368 0.115921 0.48927 0.0961495
0.035293 0.0265284 0.527902 0.090032 0.0457046 0.122283 0.0745253 0.0776317 9.9991E-05
9.9982E-05 0.0411556 0.591639 0.00276796 0.111741 9.9982E-05 0.0558332 0.0794664 0.117197
9.9955E-05 9.9955E-05 0.0358586 0.960218 0.00282924 9.9955E-05 9.9955E-05 0.000594695 9.9955E-05
9.9964E-05 0.00324156 0.0169428 0.913728 9.9964E-05 0.0496968 0.0159908 9.9964E-05 9.9964E-05
9.9955E-05 9.9955E-05 0.190799 0.642826 9.9955E-05 9.9955E-05 0.0721002 9.9955E-05 0.0937754
9.9955E-05 0.0170393 0.291284 0.667989 9.9955E-05 0.0231879 9.9955E-05 9.9955E-05 9.9955E-05
0.00233471 9.9973E-05 0.127813 0.80764 9.9973E-05 0.00968652 0.0152792 9.9973E-05 0.0369461
9.993E-05 9.993E-05 9.993E-05 0.999201 9.993E-05 9.993E-05 9.993E-05 9.993E-05 9.993E-05
0.000630348 9.9955E-05 9.9955E-05 0.95349 9.9955E-05 0.0335162 9.9955E-05 0.0118637 9.9955E-05
9.9946E-05 9.9946E-05 0.10484 0.881052 9.9946E-05 9.9946E-05 9.9946E-05 9.9946E-05 0.0135082
9.9946E-05 9.9946E-05 0.0249807 0.930014 9.9946E-05 0.0444056 9.9946E-05 9.9946E-05 9.9946E-05
9.9946E-05 0.00624528 9.9946E-05 0.989175 9.9946E-05 9.9946E-05 0.00398041 9.9946E-05 9.9946E-05
0.00749466 9.9937E-05 9.9937E-05 0.991806 9.9937E-05 9.9937E-05 9.9937E-05 9.9937E-05 9.9937E-05
0.0405352 9.9964E-05 0.125202 0.774262 0.0258977 9.9964E-05 9.9964E-05 9.9964E-05 0.0337041
0.00538752 9.9982E-05 0.0101072 0.857541 0.0112601 0.0405609 9.9982E-05 0.0179695 0.0569734
0.00498784 9.9946E-05 9.9946E-05 0.992232 9.9946E-05 0.00218049 9.9946E-05 9.9946E-05 9.9946E-05
0.0367791 9.9982E-05 0.287632 0.344701 0.0510641 0.02191 0.0733259 9.9982E-05 0.184388
0.0323433 9.9964E-05 0.157788 0.701036 0.00989828 0.098534 9.9964E-05 9.9964E-05 9.9964E-05
0.0509264 9.9964E-05 0.157826 0.724868 9.9964E-05 0.0188587 0.0471215 9.9964E-05 9.9964E-05
0.0540507 9.9955E-05 0.022321 0.873846 9.9955E-05 0.0492829 9.9955E-05 9.9955E-05 9.9955E-05
9.9946E-05 9.9946E-05 0.0142794 0.98088 0.00424103 9.9946E-05 9.9946E-05 9.9946E-05 9.9946E-05
9.9946E-05 9.9946E-05 0.0573363 0.875567 0.0664967 9.9946E-05 9.9946E-05 9.9946E-05 9.9946E-05
0.0305555 9.9955E-05 9.9955E-05 0.954366 9.9955E-05 0.00931799 9.9955E-05 0.00526037 9.9955E-05
0.0362094 0.0979293 0.116918 0.637627 0.0512274 9.9982E-05 0.0357884 9.9982E-05 0.0241009
9.9982E-05 0.00565945 0.00835384 0.86975 0.0344506 0.0121522 0.00432918 9.9982E-05 0.0651048
9.9973E-05 0.0598238 9.9973E-05 0.0680527 0.26295 9.9973E-05 0.0385434 0.560476 0.00985465
0.0601925 9.9973E-05 0.466542 0.0205834 0.148762 0.131329 9.9973E-05 0.172292 9.9973E-05
0.0133204 9.9982E-05 0.466876 0.00213528 0.203497 0.107845 0.0569725 0.149154 9.9982E-05
0.0539225 9.9973E-05 0.217946 0.0761398 0.0709089 0.0325893 9.9973E-05 0.548194 9.9973E-05
0.0221532 0.0507202 0.358978 0.249922 0.0611417 0.00259984 0.108727 0.130647 0.015111
0.0766638 0.013181 0.199029 0.081504 0.121059 9.9991E-05 0.120068 0.378141 0.0102536
0.0368145 0.04591 0.425513 0.0488558 0.120307 0.0524182 0.0734806 0.141409 0.055292
9.9964E-05 0.00309097 0.388593 0.147178 0.0758381 9.9964E-05 9.9964E-05 0.3849 9.9964E-05
0.0686681 0.0148502 0.419666 0.125844 0.0593152 9.9991E-05 0.0615815 0.216827 0.0331492
0.0382345 9.9964E-05 0.37765 0.148812 0.0490378 9.9964E-05 9.9964E-05 0.385866 9.9964E-05
9.9964E-05 9.9964E-05 0.519835 0.0365938 0.171882 9.9964E-05 9.9964E-05 0.131046 0.140243
9.9964E-05 0.0288245 0.0271513 9.9964E-05 0.814846 0.0929287 9.9964E-05 0.0358494 9.9964E-05
0.0582 0.0164585 9.9955E-05 0.0776351 0.847207 9.9955E-05 9.9955E-05 9.9955E-05 9.9955E-05
0.0314576 9.9964E-05 0.00359229 9.9964E-05 0.908268 0.0433498 0.0129319 9.9964E-05 9.9964E-05
0.0228267 9.9955E-05 0.0481941 9.9955E-05 0.908798 0.0196809 9.9955E-05 9.9955E-05 9.9955E-05
0.115668 9.9964E-05 9.9964E-05 0.022712 0.749389 0.0522794 9.9964E-05 9.9964E-05 0.0595522
0.038899 0.0263229 9.9955E-05 0.0856739 0.848604 9.9955E-05 9.9955E-05 9.9955E-05 9.9955E-05
0.0765557 9.9964E-05 0.0149281 0.0752767 0.794592 0.0382477 9.9964E-05 9.9964E-05 9.9964E-05
0.0139602 0.078975 9.9973E-05 0.0108671 0.860859 0.0184319 9.9973E-05 0.0166069 9.9973E-05
0.0220294 0.00249699 0.0750211 9.9964E-05 0.893184 9.9964E-05 9.9964E-05 9.9964E-05 0.00686862
0.0089555 9.9973E-05 0.0220805 0.0890148 0.810325 9.9973E-05 9.9973E-05 0.00372222 0.0656021
0.0382028 0.0587453 9.9973E-05 9.9973E-05 0.559152 0.0912705 0.107411 9.9973E-05 0.144919
0.0133429 0.0077628 9.9973E-05 9.9973E-05 0.542514 0.219906 0.0192878 9.9973E-05 0.196887
0.0404722 9.9973E-05 9.9973E-05 9.9973E-05 0.502654 0.0758001 0.0656505 0.0638254 0.251298
9.9973E-05 0.0317464 9.9973E-05 9.9973E-05 0.495684 0.0781331 0.102648 0.0333963 0.258093
0.08617 9.9973E-05 0.443299 0.0207257 0.0035578 9.9973E-05 0.312745 9.9973E-05 0.133203
9.9973E-05 9.9973E-05 0.460176 0.0388597 0.0685339 0.0553484 0.326167 9.9973E-05 0.0506149
9.9973E-05 9.9973E-05 0.436312 0.0687898 0.0427429 0.113743 0.187953 9.9973E-05 0.15016
0.0155347 9.9973E-05 0.368667 9.9973E-05 9.9973E-05 0.0472736 0.2463 0.0686232 0.253301
0.0049897 0.057037 0.0958209 9.9973E-05 9.9973E-05 0.219061 0.067649 9.9973E-05 0.555142
0.0747147 0.0893827 0.577395 0.040601 9.9973E-05 0.0169521 0.200654 9.9973E-05 9.9973E-05
0.0079792 9.9973E-05 0.534075 0.0119117 9.9973E-05 9.9973E-05 0.352606 0.00871659 0.0844124
9.9964E-05 0.0350893 0.437691 9.9964E-05 9.9964E-05 9.9964E-05 0.315131 0.0987213 0.112967
9.9964E-05 0.0404525 0.358818 0.0012983 9.9964E-05 9.9964E-05 0.568573 0.0304585 9.9964E-05
0.000612907 0.0682977 0.573254 0.0129955 0.0409779 0.0532793 0.185664 0.03348 0.031439
0.0038518 0.015419 0.364856 9.9973E-05 9.9973E-05 0.0331555 0.471858 9.9973E-05 0.11056
0.0021756 0.0798407 9.9973E-05 9.9973E-05 9.9973E-05 0.0133055 0.818586 0.081277 0.00451576
9.9982E-05 0.0405891 0.574535 9.9982E-05 0.049297 0.0534198 0.114736 0.0455057 0.121718
9.9964E-05 0.0145089 0.242743 9.9964E-05 9.9964E-05 0.00525408 0.530057 0.207037 9.9964E-05
9.9973E-05 0.0105855 0.540998 0.00489786 9.9973E-05 9.9973E-05 0.344649 0.0288727 0.069697
9.9964E-05 9.9964E-05 0.0418698 9.9964E-05 0.0641218 0.0295308 0.682763 9.9964E-05 0.181315
0.00572877 9.9964E-05 0.0281971 9.9964E-05 0.0435156 0.836669 9.9964E-05 0.08549 9.9964E-05
9.9955E-05 9.9955E-05 0.0705427 9.9955E-05 0.0350493 0.829346 9.9955E-05 0.0645621 9.9955E-05
9.9946E-05 9.9946E-05 0.020395 9.9946E-05 9.9946E-05 0.970201 9.9946E-05 0.00880437 9.9946E-05
9.9946E-05 9.9946E-05 9.9946E-05 9.9946E-05 0.0524124 0.934971 0.012017 9.9946E-05 9.9946E-05
9.9955E-05 0.00363884 0.0715688 9.9955E-05 9.9955E-05 0.86761 9.9955E-05 0.0566829 9.9955E-05
9.9946E-05 9.9946E-05 0.0755129 0.0447637 9.9946E-05 0.879124 9.9946E-05 9.9946E-05 9.9946E-05
0.0753077 9.9964E-05 0.0283583 0.0677071 0.780653 9.9964E-05 0.0475739 9.9964E-05 9.9964E-05
0.00851409 9.9973E-05 0.0653376 0.072419 0.774647 0.0271633 9.9973E-05 9.9973E-05 0.0516189
0.0519877 9.9964E-05 0.0856871 0.0878349 0.735372 9.9964E-05 9.9964E-05 9.9964E-05 0.0387187
0.0160956 9.9973E-05 0.0309563 0.136526 0.736858 0.0105671 9.9973E-05 9.9973E-05 0.0686975
0.0319012 9.9973E-05 0.091849 0.0706548 0.753957 0.0029068 9.9973E-05 9.9973E-05 0.0484316
0.0519346 9.9973E-05 9.9973E-05 9.9973E-05 0.344408 0.38803 0.00104673 0.0894525 0.124829
0.0381853 0.049969 9.9973E-05 9.9973E-05 0.415781 0.367024 0.0602069 0.0685347 9.9973E-05
0.0387434 0.111577 9.9973E-05 0.0186526 0.33936 0.461912 0.0294557 9.9973E-05 9.9973E-05
0.999201 9.993E-05 9.993E-05 9.993E-05 9.993E-05 9.993E-05 9.993E-05 9.993E-05 9.993E-05
0.0255574 0.00582737 9.9982E-05 0.0401971 0.269422 0.499857 0.0710851 0.0878545 9.9982E-05
0.00484297 0.0661796 0.182842 0.384626 0.222301 0.0237894 9.9982E-05 0.11522 9.9982E-05
0.0297927 9.9982E-05 0.501306 0.158755 0.128227 0.0201921 0.0725369 0.0889894 9.9982E-05
0.00276573 9.9964E-05 0.481397 0.288671 0.200047 9.9964E-05 9.9964E-05 9.9964E-05 0.0267195
9.9982E-05 0.0184671 0.379251 0.267418 0.241162 0.0254078 0.0269964 0.0410978 9.9982E-05
0.00940258 0.0436625 0.597088 0.154371 0.0235104 0.132748 0.0349663 0.00415139 9.9991E-05
9.9955E-05 0.00606101 9.9955E-05 0.297493 0.386978 9.9955E-05 9.9955E-05 0.308968 9.9955E-05
9.9964E-05 0.113664 0.372867 9.9964E-05 0.0212266 0.158246 9.9964E-05 9.9964E-05 0.333597
9.9973E-05 0.145043 0.341949 9.9973E-05 9.9973E-05 0.0666925 0.0602543 0.177848 0.207914
0.0345261 0.0119502 0.119167 9.9982E-05 0.082933 0.080062 0.0107237 9.9982E-05 0.660438
9.9964E-05 0.253552 0.477829 9.9964E-05 9.9964E-05 0.0403588 9.9964E-05 0.0458733 0.181987
9.9955E-05 0.33231 9.9955E-05 9.9955E-05 9.9955E-05 9.9955E-05 0.202669 0.326756 0.137765
0.0432265 0.125982 0.5165 9.9991E-05 0.0401333 0.051022 0.0660939 0.0689387 0.0880039
9.9982E-05 0.152512 0.410329 0.0322068 9.9982E-05 0.0526768 0.090615 0.053621 0.207839
0.0107707 0.0273933 0.236595 9.9982E-05 0.0540006 0.0245984 0.0967014 9.9982E-05 0.54974
9.9991E-05 0.065685 0.440955 0.0285545 0.109536 0.0787531 0.0404484 0.0349641 0.201004
9.9964E-05 0.144265 0.00442809 9.9964E-05 9.9964E-05 9.9964E-05 0.126646 0.260411 0.46385
0.0309875 0.176598 0.47141 0.0129664 9.9982E-05 0.115662 9.9982E-05 0.108128 0.0840475
0.00476299 9.9973E-05 0.459211 9.9973E-05 9.9973E-05 0.0750132 0.0732707 0.0334313 0.354011
9.9991E-05 0.0151467 0.355728 0.199005 0.10912 0.0893472 0.116512 0.0854614 0.02958
9.9973E-05 0.191757 0.256571 9.9973E-05 9.9973E-05 0.0359212 0.0322158 0.0447824 0.438452
0.009487 0.184443 0.438008 9.9982E-05 9.9982E-05 0.071968 0.0644567 0.00240261 0.229035
9.9964E-05 0.175964 0.417317 0.072732 0.0407175 9.9964E-05 9.9964E-05 9.9964E-05 0.29287
9.9982E-05 0.113433 0.483067 9.9982E-05 0.00710636 0.0920368 0.0673806 0.0277062 0.209071
0.0126096 0.102236 0.601236 0.0488566 0.018053 0.0877156 9.9982E-05 9.9982E-05 0.129093
9.9982E-05 9.9982E-05 0.436739 0.121515 0.09764 0.0693754 0.0593246 0.0179746 0.197232
9.9973E-05 9.9973E-05 0.345684 0.152472 9.9973E-05 0.0460927 0.0708292 0.0897476 0.294875
9.9955E-05 0.00345398 0.112545 0.143321 0.740181 9.9955E-05 9.9955E-05 9.9955E-05 9.9955E-05
9.9964E-05 0.00850402 0.0886144 0.0540844 0.825529 9.9964E-05 0.0228681 9.9964E-05 9.9964E-05
9.9964E-05 0.0111543 0.0844154 9.9964E-05 0.782835 9.9964E-05 9.9964E-05 0.0227162 0.098479
0.029564 0.0164781 0.00047761 0.0356453 0.768907 0.045861 0.102867 9.9982E-05 9.9982E-05
0.0925929 9.9955E-05 0.123239 9.9955E-05 0.77233 0.011338 9.9955E-05 9.9955E-05 9.9955E-05
0.0487474 9.9973E-05 9.9973E-05 0.0623897 0.0171747 0.0493153 9.9973E-05 0.0218754 0.800198
0.0154213 0.148154 0.465054 9.9982E-05 0.0767843 0.041861 0.0499281 9.9982E-05 0.202598
0.0189494 9.9964E-05 0.526635 0.141665 0.141748 9.9964E-05 9.9964E-05 0.170602 9.9964E-05
0.0436133 0.0309616 0.556886 0.0755154 9.9982E-05 0.0221745 0.0740483 9.9982E-05 0.196601
9.9973E-05 0.106499 0.485235 9.9973E-05 0.0665132 0.0950201 0.00396915 9.9973E-05 0.242464
0.00539462 0.174326 0.204478 0.016592 9.9991E-05 0.0959493 0.00298401 0.16765 0.332527
0.0396898 9.9964E-05 9.9964E-05 9.9964E-05 0.0661143 0.145933 9.9964E-05 0.157039 0.590824
0.00546808 9.9973E-05 0.544633 9.9973E-05 0.0215286 0.214288 0.070441 9.9973E-05 0.143342
0.00780795 0.206304 0.0545487 0.0469321 0.0577064 0.162098 0.0174875 0.0107251 0.43639
9.9982E-05 9.9982E-05 0.313518 0.0899064 0.0160743 0.168957 0.1811 0.174357 0.0558869
0.0203332 0.0931486 9.9982E-05 0.0242087 0.12582 0.110499 0.0510422 9.9982E-05 0.574748
0.0409346 9.9982E-05 0.512419 0.0612103 0.0613141 0.179225 0.0431428 9.9982E-05 0.101555
9.9964E-05 0.09807 0.101139 9.9964E-05 0.0858431 0.153381 9.9964E-05 9.9964E-05 0.561167
0.012828 0.13781 0.241335 0.0731118 0.0129885 0.0679042 0.0598359 0.084379 0.309808
0.0241189 0.00433426 0.451266 0.0805125 0.0015187 0.0506851 0.0501747 0.291262 0.0461274
9.9964E-05 0.104104 0.276039 9.9964E-05 9.9964E-05 0.0916341 9.9964E-05 0.436675 0.0911477
9.9964E-05 9.9964E-05 0.543821 9.9964E-05 0.0642185 9.9964E-05 0.102262 0.235316 0.0539832
0.0495489 0.0102946 0.488695 9.9982E-05 0.0390495 9.9982E-05 0.147407 0.183109 0.0816958
9.9973E-05 0.0708022 0.380876 9.9973E-05 9.9973E-05 0.102469 0.0906673 0.332312 0.0225732
0.015552 0.00756256 0.566972 0.0323525 0.0214495 0.106953 0.0810273 0.156571 0.0115593
0.0109295 0.0783899 0.532819 9.9973E-05 9.9973E-05 0.0479139 0.0609085 0.26874 9.9973E-05
9.9964E-05 0.118422 0.111453 9.9964E-05 9.9964E-05 0.100968 0.145235 0.523522 9.9964E-05
9.9955E-05 0.133852 0.271145 9.9955E-05 9.9955E-05 0.0656341 9.9955E-05 0.528869 9.9955E-05
9.9964E-05 0.129999 0.496392 9.9964E-05 9.9964E-05 0.079064 9.9964E-05 0.240229 0.0539159
9.9973E-05 0.0730024 0.151759 9.9973E-05 9.9973E-05 0.087781 0.255077 0.36779 0.06429
9.9964E-05 9.9964E-05 0.404307 9.9964E-05 9.9964E-05 0.0575561 0.19979 0.225314 0.112633
0.00209511 9.9973E-05 9.9973E-05 0.00193992 0.0354936 0.123555 0.0560328 9.9973E-05 0.780583
9.9973E-05 0.304552 0.169068 0.0162017 9.9973E-05 0.0407051 9.9973E-05 0.0348952 0.434278
0.0363273 0.0561953 0.170791 0.0918767 9.9982E-05 0.0325613 0.0297086 9.9982E-05 0.58234
9.9973E-05 0.0334352 0.570957 0.071276 0.0306544 0.0276473 9.9973E-05 9.9973E-05 0.26573
9.9964E-05 9.9964E-05 0.104123 0.0333309 9.9964E-05 0.126555 0.142864 9.9964E-05 0.592727
0.0564899 0.0872185 0.43768 0.100527 9.9991E-05 0.062966 0.00876071 0.131236 0.115021
0.0653853 0.0019584 0.574528 9.9973E-05 9.9973E-05 0.132916 0.0430859 9.9973E-05 0.181827
9.9982E-05 0.020593 0.441232 0.0222132 0.0151182 0.0728942 0.0527866 9.9982E-05 0.374962
9.9973E-05 0.122528 0.490551 0.00802197 0.00105561 0.0776859 9.9973E-05 9.9973E-05 0.299857
9.9964E-05 9.9964E-05 0.30945 0.141385 9.9964E-05 0.149931 0.0344517 9.9964E-05 0.364382
9.9964E-05 9.9964E-05 0.13032 0.0470378 9.9964E-05 0.124415 0.109958 9.9964E-05 0.587869
9.9973E-05 0.0101968 0.223718 0.0566938 9.9973E-05 0.0891799 9.9973E-05 0.00637633 0.613536
9.9964E-05 0.16484 0.522345 0.0248579 9.9964E-05 0.0620651 9.9964E-05 9.9964E-05 0.225492
9.9973E-05 0.0440449 0.499056 0.0605361 0.0508597 0.057382 9.9973E-05 9.9973E-05 0.287822
0.0195626 0.152978 0.334889 0.0132134 0.0349801 0.126 9.9991E-05 0.0476238 0.270653
9.9973E-05 0.124195 0.38935 0.0898296 9.9973E-05 0.123712 0.0756557 9.9973E-05 0.196958
0.053947 9.9973E-05 0.333592 9.9973E-05 0.0400649 0.0987705 9.9973E-05 0.0640453 0.40928
9.9973E-05 0.0401425 0.553715 0.069894 0.00168192 0.0345886 9.9973E-05 9.9973E-05 0.299678
9.9973E-05 0.0768402 0.412548 0.0947116 9.9973E-05 0.0715162 0.0916928 9.9973E-05 0.252391
0.0266673 0.0490142 0.524119 0.0776649 0.00826479 0.0918011 0.0114537 0.0415407 0.169474
0.0443604 9.9973E-05 0.39829 0.128174 0.240074 9.9973E-05 9.9973E-05 0.120506 0.0682969
9.9982E-05 0.0188726 0.346986 0.287554 0.134354 9.9982E-05 0.107811 0.0859064 0.0183169
0.0587036 9.9982E-05 0.563715 0.0238287 0.100579 9.9982E-05 0.00768269 0.069848 0.175442
0.0388153 0.098632 0.611043 0.0564146 0.0358572 0.0126613 0.00430761 0.0401703 0.102099
0.0576894 0.0487281 0.389697 0.219944 0.113019 9.9991E-05 0.0773287 0.0381504 0.0553429
9.9973E-05 0.141117 0.386512 0.0383198 9.9973E-05 0.0466357 9.9973E-05 0.0601676 0.326947
0.00012348 0.0521249 0.504436 0.0337764 0.185819 0.0323591 9.9982E-05 9.9982E-05 0.191162
9.9982E-05 0.0172312 0.091183 0.0842356 0.225781 9.9982E-05 0.097333 0.429823 0.0542139
0.00153863 0.00714825 0.444942 0.16169 0.0415915 0.0501455 9.9991E-05 0.155836 0.137008
0.0191579 0.187774 0.549493 0.120044 0.112018 9.9973E-05 9.9973E-05 0.0112131 9.9973E-05
9.9973E-05 0.0310637 0.434149 0.249184 0.0745093 9.9973E-05 9.9973E-05 0.0350434 0.175751
0.0556477 0.0611059 0.222111 0.166182 0.058309 9.9991E-05 0.0550801 0.14308 0.238384
0.0303132 0.0227432 0.536192 0.123815 0.14873 9.9982E-05 9.9982E-05 0.0411827 0.0968237
0.0611577 9.9982E-05 0.527847 0.144717 0.0976014 0.00113384 9.9982E-05 0.132852 0.0344908
0.0331634 9.9964E-05 9.9964E-05 0.15235 0.434228 9.9964E-05 0.00743513 0.372424 9.9964E-05
0.0871122 0.0452774 0.527112 0.189386 0.0823347 0.0117272 0.0332646 0.0211188 0.00266756
0.0191674 0.0625387 0.503164 0.193034 0.130523 9.9982E-05 0.0280646 0.0633089 9.9982E-05
9.9973E-05 9.9973E-05 0.622893 0.0996786 0.0910645 0.0267382 9.9973E-05 0.0896931 0.0696329
0.0245239 9.9964E-05 0.614563 0.146947 0.135211 9.9964E-05 9.9964E-05 0.078355 9.9964E-05
0.074994 0.052688 0.432691 0.152041 0.0980402 0.060312 9.9991E-05 0.0745257 0.0546082
0.0193569 0.384853 0.373136 0.0568863 0.0517175 0.0253885 0.0875622 0.00100038 9.9991E-05
0.0777304 0.225095 0.506556 9.9982E-05 0.0409324 0.0146306 9.9982E-05 0.0809476 0.053908
9.9946E-05 0.744242 9.9946E-05 9.9946E-05 9.9946E-05 9.9946E-05 0.118808 9.9946E-05 0.136351
9.99459E-05 0.90367 9.99459E-05 9.99459E-05 9.99459E-05 0.0739815 0.021749 9.99459E-05 9.99459E-05
0.0293744 0.317614 0.367304 0.124122 9.9973E-05 0.0769315 0.0843538 9.9973E-05 9.9973E-05
9.9973E-05 0.171313 0.363969 0.275477 0.077341 9.9973E-05 9.9973E-05 0.0904885 0.0211108
0.0421926 0.274448 0.294619 0.354401 0.024209 9.9973E-05 9.9973E-05 0.00983072 9.9973E-05
0.0580808 0.149442 0.185265 0.302889 0.106236 0.00345343 9.9982E-05 0.194433 9.9982E-05
0.0916655 0.273698 0.270195 0.246913 0.102202 9.9973E-05 9.9973E-05 0.0150267 9.9973E-05
9.9964E-05 0.714157 0.0181098 0.0758382 0.0272089 9.9964E-05 9.9964E-05 0.164286 9.9964E-05
0.0314347 0.706842 0.0432527 0.119117 0.0887584 9.9973E-05 9.9973E-05 0.0102959 9.9973E-05
0.000625438 0.416476 0.482329 0.10007 9.9955E-05 9.9955E-05 9.9955E-05 9.9955E-05 9.9955E-05
9.9955E-05 0.496361 0.392077 0.0916699 0.0193925 9.9955E-05 9.9955E-05 9.9955E-05 9.9955E-05
0.0401198 0.730406 0.0677263 0.123539 0.0378088 9.9964E-05 9.9964E-05 9.9964E-05 9.9964E-05
0.0478621 0.317646 0.482939 0.0158754 0.04807 9.9973E-05 9.9973E-05 9.9973E-05 0.0873076
0.0269261 0.389636 0.462746 0.0748094 9.9964E-05 0.0454822 9.9964E-05 9.9964E-05 9.9964E-05
9.9982E-05 0.235376 0.418328 0.125696 0.0763086 0.037119 0.0923083 0.014664 9.9982E-05
9.9964E-05 0.589883 0.236181 9.9964E-05 9.9964E-05 0.0355567 0.0123518 9.9964E-05 0.125628
0.023778 0.392648 0.313515 9.9973E-05 9.9973E-05 9.9973E-05 0.107762 0.0144384 0.147559
0.0205883 0.308445 0.516028 0.0190787 9.9991E-05 0.0783735 0.00344402 0.0498313 0.00411117
0.0631269 0.348415 0.296895 0.0538329 9.9982E-05 0.0887283 9.9982E-05 0.121151 0.0276508
0.0243047 0.150112 0.260424 0.191507 0.0397624 9.9982E-05 0.186396 0.147294 9.9982E-05
0.0127182 0.435225 0.386071 9.9982E-05 9.9982E-05 0.00673431 0.0162509 0.0844134 0.0583869
9.9955E-05 0.732084 0.168361 9.9955E-05 9.9955E-05 0.0663834 9.9955E-05 9.9955E-05 0.0326715
9.9955E-05 0.364715 0.558906 9.9955E-05 0.0382903 9.9955E-05 0.0375898 9.9955E-05 9.9955E-05
9.9982E-05 0.214065 0.455453 0.0837465 0.0401607 0.092511 0.0552602 9.9982E-05 0.0586039
9.9955E-05 0.76136 0.188736 9.9955E-05 9.9955E-05 0.0144928 0.0349109 9.9955E-05 9.9955E-05
0.0385454 0.491944 0.37511 0.0211303 9.9973E-05 0.0326835 0.0402866 9.9973E-05 9.9973E-05
0.0316459 0.282714 0.468669 0.0775572 9.9982E-05 0.0433545 0.0582947 0.037565 9.9982E-05
0.064256 0.342825 0.445054 0.00477517 0.00261957 9.9973E-05 0.14017 9.9973E-05 9.9973E-05
0.00594814 0.0504939 0.431884 0.21224 0.111758 9.9991E-05 0.0367473 0.141912 0.00891696
0.0262607 0.135233 0.363621 0.213067 0.109308 0.101466 9.9982E-05 0.0508453 9.9982E-05
0.0623463 0.0033532 0.312447 0.247063 0.0793611 0.0789752 9.9991E-05 0.173434 0.0429201
0.0989248 0.118481 0.240312 0.16943 0.0924221 0.0870856 9.9991E-05 0.125658 0.0675864
9.9973E-05 9.9973E-05 0.443033 0.23533 0.0679503 0.119601 0.0966033 0.037183 9.9973E-05
0.0501386 0.207182 0.320693 0.23499 0.0572609 0.0287184 0.0205779 0.0803395 9.9991E-05
9.9955E-05 0.650775 9.9955E-05 0.101957 0.173266 9.9955E-05 9.9955E-05 0.0735025 9.9955E-05
0.0134714 0.130957 0.47983 0.225419 0.0491884 0.0558411 9.9982E-05 0.0450939 9.9982E-05
9.9955E-05 0.428883 9.9955E-05 0.0860592 0.349996 9.9955E-05 9.9955E-05 0.134562 9.9955E-05
9.9955E-05 0.294073 0.41054 0.243999 0.0508876 9.9955E-05 9.9955E-05 9.9955E-05 9.9955E-05
9.9955E-05 0.710898 0.043636 9.9955E-05 9.9955E-05 9.9955E-05 0.190992 0.0539748 9.9955E-05
0.0227856 0.832812 9.9973E-05 9.9973E-05 0.00187088 0.0096203 0.129305 0.00330621 9.9973E-05
0.0236045 0.457651 0.415506 9.9964E-05 9.9964E-05 9.9964E-05 0.0638159 9.9964E-05 0.0390226
0.0323367 0.397793 0.56927 9.9946E-05 9.9946E-05 9.9946E-05 9.9946E-05 9.9946E-05 9.9946E-05
9.9964E-05 0.539322 0.351779 9.9964E-05 9.9964E-05 9.9964E-05 0.00126793 0.0125661 0.0946653
9.9964E-05 0.408821 0.456593 9.9964E-05 0.0194105 0.0685169 0.0462583 9.9964E-05 9.9964E-05
9.9937E-05 0.52751 0.471791 9.9937E-05 9.9937E-05 9.9937E-05 9.9937E-05 9.9937E-05 9.9937E-05
0.0319887 0.0439145 0.103332 0.0463134 0.724246 0.0284368 9.9982E-05 0.0215684 9.9982E-05
0.0606839 0.0476547 9.9973E-05 0.119956 0.618469 0.144281 9.9973E-05 9.9973E-05 0.0086569
0.0145158 9.9955E-05 9.9955E-05 0.101889 0.842396 0.0406994 9.9955E-05 9.9955E-05 9.9955E-05
0.150109 9.9955E-05 0.0339152 9.9955E-05 0.799067 9.9955E-05 9.9955E-05 0.0164086 9.9955E-05
0.076543 9.9973E-05 0.461627 0.0810655 9.9973E-05 0.0440429 0.317659 9.9973E-05 0.0187624
0.0193841 0.0484177 0.407054 0.0170537 0.0850466 9.9982E-05 0.41682 9.9982E-05 0.00602387
0.0668027 9.9955E-05 0.467525 9.9955E-05 9.9955E-05 9.9955E-05 0.391642 9.9955E-05 0.0735299
0.014887 9.9973E-05 0.486743 0.0579577 0.0474006 0.0299382 0.362774 9.9973E-05 9.9973E-05
0.00896553 9.9991E-05 0.439063 0.0723427 0.0622764 0.0989239 0.215986 0.0813888 0.0209543
9.9973E-05 9.9973E-05 0.214876 9.9973E-05 0.0140634 0.046667 0.572809 0.0539613 0.0973234
0.0178022 0.032353 0.587831 9.9955E-05 9.9955E-05 9.9955E-05 0.361514 9.9955E-05 9.9955E-05
0.0312134 0.0215806 0.35746 9.9964E-05 9.9964E-05 9.9964E-05 0.496379 0.0929677 9.9964E-05
0.0541389 0.0870514 0.338165 0.198328 0.24927 9.9973E-05 9.9973E-05 9.9973E-05 0.0727472
9.9982E-05 0.0843383 0.426913 0.0231963 9.9982E-05 0.0124141 0.395664 0.0402838 0.0169906
0.0326475 9.9964E-05 0.280044 9.9964E-05 9.9964E-05 0.0262547 0.504391 9.9964E-05 0.156263
9.9964E-05 0.0857861 0.500599 9.9964E-05 0.0156292 0.0151277 0.382458 9.9964E-05 9.9964E-05
0.0141692 0.117824 0.389729 9.9982E-05 0.0098217 0.0503521 0.37703 9.9982E-05 0.0408741
9.9955E-05 0.0380041 0.557237 9.9955E-05 9.9955E-05 9.9955E-05 0.37057 0.033689 9.9955E-05
0.0410959 0.0906452 0.579949 0.0164838 9.9973E-05 9.9973E-05 0.243066 9.9973E-05 0.0284602
0.0121684 0.0258774 0.0426219 9.9964E-05 9.9964E-05 9.9964E-05 0.908089 0.010843 9.9964E-05
9.9973E-05 0.0563988 0.116875 0.0895542 9.9973E-05 9.9973E-05 0.662452 0.0198249 0.054595
0.012889 0.0300892 0.273585 9.9964E-05 9.9964E-05 0.0536594 0.629378 9.9964E-05 9.9964E-05
9.9946E-05 0.0218622 9.9946E-05 9.9946E-05 9.9946E-05 9.9946E-05 0.862033 0.115505 9.9946E-05
9.9973E-05 0.0714388 0.400354 9.9973E-05 0.0358649 0.046789 0.430855 9.9973E-05 0.0143992
9.9955E-05 0.0248282 0.131393 9.9955E-05 9.9955E-05 9.9955E-05 0.588529 0.254751 9.9955E-05
9.9946E-05 0.0247427 9.9946E-05 9.9946E-05 9.9946E-05 9.9946E-05 0.742455 0.232203 9.9946E-05
0.049047 9.9973E-05 0.594177 9.9973E-05 9.9973E-05 0.0177361 0.274544 0.0312754 0.0329207
0.0226841 0.0516389 0.184559 9.9973E-05 9.9973E-05 0.0109029 0.618374 9.9973E-05 0.111542
0.0229696 9.9982E-05 0.365237 0.0412397 0.00887805 9.9982E-05 0.45599 0.0510435 0.0544418
0.0820058 9.9982E-05 0.604571 0.0699722 0.0541319 0.00724201 0.149925 9.9982E-05 0.0319516
0.00259941 9.9973E-05 0.438058 9.9973E-05 9.9973E-05 0.0165833 0.297537 0.0162697 0.228652
0.015575 0.15601 0.270132 0.0668574 9.9982E-05 0.0587996 9.9982E-05 0.105649 0.326777
0.0590783 9.9964E-05 0.466439 9.9964E-05 9.9964E-05 0.00407923 0.424253 9.9964E-05 0.0457509
0.055997 9.9964E-05 0.399997 0.00299394 9.9964E-05 9.9964E-05 0.304366 9.9964E-05 0.236246
0.0159093 9.9955E-05 0.279786 9.9955E-05 9.9955E-05 9.9955E-05 0.678332 9.9955E-05 0.0254731
0.0536005 0.0682575 0.47999 0.0251425 0.0132044 0.0485459 0.285242 0.0259172 9.9991E-05
0.0583081 9.9982E-05 0.0159631 9.9982E-05 0.561881 0.149957 0.021674 0.0701679 0.121848
0.0828344 9.9982E-05 0.0197091 9.9982E-05 0.670119 0.0343959 0.0430403 0.0466552 0.103046
0.131158 9.9964E-05 9.9964E-05 9.9964E-05 0.676071 0.0483868 9.9964E-05 0.101443 0.0425417
0.0952595 0.0365554 9.9964E-05 9.9964E-05 0.705425 0.146084 9.9964E-05 0.0162763 9.9964E-05
0.0882018 9.9964E-05 0.0281479 9.9964E-05 0.609028 0.210011 9.9964E-05 0.0642112 9.9964E-05
9.9964E-05 9.9964E-05 0.0557683 0.0292506 0.0289592 9.9964E-05 0.704539 9.9964E-05 0.181084
