9.9991E-05 0.0057209 0.0373378 0.931121 0.0257203
0.041864 9.9982E-05 0.0247322 0.933204 9.9982E-05
9.999E-05 0.0366654 0.0400781 0.826549 0.0966073
9.999E-05 0.116487 0.0958048 0.768465 0.0191437
9.9982E-05 0.0441748 9.9982E-05 0.882629 0.0729962
0.0938058 0.0772168 0.109854 0.62235 0.0967739
0.0933897 0.00169768 0.0231905 0.881622 9.9991E-05
0.0890123 0.023582 0.126364 0.760942 9.9991E-05
0.0737545 9.9982E-05 0.0679019 0.858144 9.9982E-05
0.092059 0.0946912 0.0336283 0.712897 0.0667244
0.0850313 9.9991E-05 0.0949592 0.790409 0.0295
0.146478 0.0872743 0.506643 9.9991E-05 0.259505
9.9991E-05 0.0974515 0.28782 0.0391873 0.575442
0.14115 0.121698 0.515756 9.9991E-05 0.221297
0.0156858 0.136676 0.39911 0.0632589 0.38527
0.016936 0.159522 0.331234 0.138537 0.353771
9.9982E-05 0.223724 0.203974 9.9982E-05 0.572102
0.130026 0.0958111 0.266444 9.9991E-05 0.50762
0.0397632 0.0965707 0.357996 0.102429 0.403241
0.159538 0.0565627 0.689412 0.0241455 0.0703422
0.0935002 0.0950038 0.348772 9.9991E-05 0.462624
0.172675 0.0316858 0.217334 0.0929571 0.485348
0.029072 9.9991E-05 0.250497 0.078278 0.642053
0.197682 0.0853645 0.331483 0.0262184 0.359252
9.9991E-05 0.0959811 0.0979668 0.130877 0.675075
9.9982E-05 0.151365 0.312587 9.9982E-05 0.535849
0.122648 0.14876 0.456889 0.0482165 0.223487
0.127352 0.115398 0.40924 0.0343646 0.313645
0.165057 0.000474069 0.460471 0.0514586 0.32254
9.9982E-05 0.0828596 9.9982E-05 0.841498 0.0754427
9.9982E-05 0.0336058 9.9982E-05 0.833408 0.132786
9.9991E-05 0.0573269 0.00952521 0.80487 0.128178
0.000351639 0.0807166 9.9991E-05 0.772386 0.146446
0.205658 0.0363482 0.133917 0.0269379 0.597138
0.130073 0.081327 0.136749 0.0321084 0.619743
0.242066 9.9982E-05 9.9982E-05 0.0329123 0.724822
0.0978945 9.9991E-05 0.602679 0.0922773 0.207049
0.473697 9.9991E-05 0.000723906 0.00972424 0.515755
0.159767 0.0830976 0.170931 0.0765213 0.509683
0.124522 0.0799533 0.0426596 0.0178805 0.734985
0.0923718 9.9991E-05 0.112118 0.13995 0.65546
0.0872537 9.9991E-05 0.0377374 0.188117 0.686792
0.453863 9.9982E-05 0.193883 9.9982E-05 0.352054
0.197017 0.0787186 0.00403221 0.0438558 0.676376
0.193028 0.0804901 9.9991E-05 0.088809 0.637573
0.0409702 0.128108 0.141409 0.137598 0.551915
0.47656 9.9973E-05 9.9973E-05 9.9973E-05 0.52314
0.144976 0.0143762 0.0190444 0.049631 0.771973
0.181083 0.0929158 0.10902 0.0438462 0.573136
0.899374 9.9982E-05 0.00752028 0.0929055 9.9982E-05
0.246835 0.00767293 0.521517 9.9991E-05 0.223874
0.570672 0.0738868 0.209135 0.03903 0.107276
0.106553 0.0901275 0.102429 0.113559 0.587332
0.0976123 0.117376 0.0773443 0.144186 0.563482
0.12479 0.0838392 0.140818 0.0240794 0.626474
0.26811 9.9991E-05 0.402687 0.0985851 0.230517
0.0821176 0.0178556 0.221685 0.0479951 0.630347
0.13428 0.158668 0.0792886 0.0446109 0.583152
0.203428 9.9991E-05 0.224237 0.142415 0.42982
0.291981 0.0756263 0.337172 0.183147 0.112074
0.200034 0.0756101 0.179952 0.0283272 0.516077
0.150168 0.0718808 0.279586 0.0585146 0.439851
0.310862 9.9991E-05 0.567228 0.0197569 0.102054
0.129397 0.0142797 0.238111 9.9991E-05 0.618112
0.22256 0.0360534 0.046276 0.00392082 0.69119
0.0117137 0.160882 0.175446 0.0527074 0.599251
0.336456 0.0876583 0.286552 0.0504369 0.238897
0.209877 0.101119 0.212923 9.9991E-05 0.475981
0.101579 0.113539 0.14896 0.0701358 0.565786
0.341451 0.0159135 0.390309 9.9991E-05 0.252226
0.171483 9.9982E-05 0.128181 9.9982E-05 0.700136
0.434797 9.9982E-05 0.166462 9.9982E-05 0.398541
0.186762 0.0901039 0.0732234 0.104482 0.545429
0.80061 9.9982E-05 0.0290017 9.9982E-05 0.170189
0.748614 9.9982E-05 0.0409771 9.9982E-05 0.210209
0.493333 9.9973E-05 9.9973E-05 9.9973E-05 0.506367
0.195143 9.9991E-05 0.13154 0.00468899 0.668527
0.0881984 0.0356785 0.0408509 0.15848 0.676792
0.270968 0.0602652 0.0830963 9.9991E-05 0.585571
0.466002 9.9991E-05 0.219254 0.00299753 0.311647
0.335223 9.9991E-05 0.295664 0.00555542 0.363458
0.118271 0.165417 0.0973035 0.0846641 0.534344
0.331472 9.9991E-05 0.174853 0.0179739 0.475601
0.290845 9.9991E-05 0.0663331 0.0486954 0.594027
0.434969 9.9973E-05 9.9973E-05 9.9973E-05 0.564731
0.833182 9.9982E-05 0.0314083 9.9982E-05 0.135209
0.0999907 0.040419 0.102335 0.0373873 0.719868
9.9991E-05 0.0150131 0.0387716 0.847443 0.0986723
9.9973E-05 9.9973E-05 9.9973E-05 0.929814 0.0698865
9.9982E-05 0.0995032 9.9982E-05 0.872351 0.027946
0.0450399 0.026456 9.9982E-05 0.928304 9.9982E-05
9.9982E-05 0.0092217 9.9982E-05 0.914986 0.0755921
9.9982E-05 0.00441932 9.9982E-05 0.902021 0.09336
9.9991E-05 0.0226738 0.0120586 0.910201 0.0549665
0.115454 0.0153172 0.0731456 0.194525 0.601558
0.0589309 0.105608 0.138815 0.118147 0.578499
0.613475 9.9982E-05 0.153266 9.9982E-05 0.233058
0.145438 0.0875474 9.9991E-05 0.154384 0.612531
0.244814 9.9982E-05 0.151914 9.9982E-05 0.603072
0.163319 9.9991E-05 0.0108703 0.0767263 0.748984
0.260251 0.0656465 0.014522 0.0137259 0.645855
0.246346 0.0361293 0.00635234 0.043113 0.66806
0.575096 9.9982E-05 0.341548 9.9982E-05 0.0831565
0.109984 9.9991E-05 0.0969151 0.179867 0.613134
0.135207 9.9982E-05 9.9982E-05 0.10047 0.764124
9.9991E-05 0.161052 0.145432 0.139306 0.55411
0.542269 9.9982E-05 9.9982E-05 0.00796233 0.449568
0.297938 9.9991E-05 0.0150292 0.0432094 0.643723
0.132304 9.9982E-05 0.247322 9.9982E-05 0.620174
0.469382 0.00570545 9.9982E-05 9.9982E-05 0.524712
0.147132 9.9982E-05 0.206163 9.9982E-05 0.646505
0.0673664 9.9991E-05 0.112724 0.188064 0.631745
0.282341 0.0587625 0.372624 0.0420278 0.244245
0.00771267 0.0781237 0.362008 0.0889122 0.463244
0.0215767 0.0337902 0.114795 0.175191 0.654647
0.0477146 0.0465889 0.103152 0.116678 0.685866
9.9982E-05 9.9982E-05 0.417466 0.0285641 0.55377
9.9991E-05 0.0508315 0.275832 0.029536 0.6437
9.9982E-05 0.0731379 0.390027 9.9982E-05 0.536635
0.106597 0.0800483 0.163013 0.0498938 0.600448
9.9991E-05 0.0273827 0.196293 0.0896127 0.686612
0.0225322 0.0606203 0.234867 0.0294532 0.652528
0.0881599 9.9982E-05 0.386032 9.9982E-05 0.525608
0.179967 0.148421 0.0734717 0.0549566 0.543184
0.0761887 0.101216 0.126078 0.0762292 0.620289
0.0414594 0.0445859 0.30247 0.0148661 0.596618
0.0793475 0.120267 0.0971751 0.111161 0.592049
0.114146 0.0645296 0.246137 9.9991E-05 0.575087
0.211956 0.10365 0.246141 0.109101 0.329152
0.049578 0.124589 0.24883 9.9991E-05 0.576903
0.0621995 0.106275 0.175632 9.9991E-05 0.655794
0.186493 0.0585854 0.459339 9.9991E-05 0.295483
0.439514 0.122905 0.293489 9.9991E-05 0.143992
0.0336894 0.0914186 0.297688 9.9991E-05 0.577104
0.442631 0.0940704 0.373521 9.9991E-05 0.0896782
0.151152 0.0354571 0.496289 0.0230417 0.29406
0.16085 0.00486884 0.317344 9.9991E-05 0.516838
0.0566484 9.9991E-05 0.515753 0.00775324 0.419746
0.0993658 9.9991E-05 0.519263 0.0480415 0.333229
0.0164977 0.0295638 0.156814 0.0695188 0.727606
0.107244 0.0907352 0.0480649 0.110961 0.642995
0.0185469 0.0969818 0.254924 0.0131677 0.61638
0.394107 0.0745918 0.344728 9.9991E-05 0.186473
0.195576 9.9991E-05 0.0656408 0.173147 0.565536
0.261825 0.0747099 9.9991E-05 0.0736407 0.589725
0.613446 0.0566649 0.155935 0.167275 0.00667854
0.164954 0.0497811 0.00810346 0.12409 0.653071
0.387371 0.0764311 0.147649 0.0371206 0.351429
0.13101 0.0801907 0.11328 0.0881119 0.587408
0.458342 0.0262982 0.0763459 0.143925 0.295089
0.455125 9.9991E-05 0.182719 0.125424 0.236632
0.292445 9.9991E-05 0.16368 0.0244846 0.519291
0.179864 0.0157087 0.043561 0.12583 0.635036
0.173933 0.0581629 0.108601 0.1883 0.471003
0.601955 0.17474 0.108058 0.0858135 0.0294328
0.122314 0.179303 0.0881379 0.108594 0.501651
0.392824 9.9982E-05 0.104718 9.9982E-05 0.502258
0.26775 9.9991E-05 0.176117 0.0103635 0.54567
0.123462 0.0205461 0.100716 0.159581 0.595695
0.252299 0.292168 9.9991E-05 0.333369 0.122064
0.22892 0.168922 9.9982E-05 0.601958 9.9982E-05
0.315803 0.177494 9.9982E-05 0.506503 9.9982E-05
0.104529 0.368224 0.0692016 0.427225 0.0308207
0.178974 0.0646635 9.9991E-05 0.0317909 0.724471
0.247055 0.115004 9.9991E-05 0.0524528 0.585388
9.9982E-05 0.719284 0.0512362 9.9982E-05 0.229279
9.9982E-05 0.488105 0.0925553 9.9982E-05 0.41914
0.010512 0.423728 0.148628 0.118593 0.298539
0.549168 0.059671 9.9991E-05 0.0412292 0.349832
0.20823 0.183132 0.0685943 0.106061 0.433983
0.655011 0.0425657 9.9991E-05 0.041278 0.261045
0.255502 0.0687071 0.0480857 0.0638174 0.563888
0.29162 0.0613182 0.0332661 0.0653587 0.548437
0.131662 0.0807299 0.100561 0.0667764 0.62027
0.636554 0.0189206 0.0590367 0.0142035 0.271285
0.115865 0.173771 0.11286 9.9991E-05 0.597405
0.258583 0.124562 0.0222699 0.0527417 0.541844
0.0188795 0.980821 9.9973E-05 9.9973E-05 9.9973E-05
9.9982E-05 0.92188 0.00550523 9.9982E-05 0.0724144
9.9991E-05 0.564456 0.13432 0.00368643 0.297438
9.9982E-05 0.724247 0.0183127 9.9982E-05 0.25724
0.00823113 0.840926 0.0253201 9.9991E-05 0.125423
9.997E-05 0.9996 9.997E-05 9.997E-05 9.997E-05
9.9973E-05 0.938707 0.0609931 9.9973E-05 9.9973E-05
9.9973E-05 0.839125 9.9973E-05 9.9973E-05 0.160575
9.9973E-05 0.978857 0.0208434 9.9973E-05 9.9973E-05
9.997E-05 0.9996 9.997E-05 9.997E-05 9.997E-05
9.997E-05 0.9996 9.997E-05 9.997E-05 9.997E-05
0.0130328 0.724834 0.0756367 0.0120008 0.174496
9.9991E-05 0.861174 0.0402108 0.0218666 0.0766487
9.9973E-05 0.984102 0.0155982 9.9973E-05 9.9973E-05
9.9991E-05 0.463817 0.170575 0.0605048 0.305004
9.9991E-05 0.665555 0.0266277 0.0474133 0.260305
9.9991E-05 0.767434 0.0398149 0.0187321 0.173918
9.9982E-05 0.892736 0.0870652 9.9982E-05 0.0199986
9.997E-05 0.9996 9.997E-05 9.997E-05 9.997E-05
9.9982E-05 0.93313 9.9982E-05 0.0204548 0.0462156
9.9973E-05 0.971594 9.9973E-05 0.0281061 9.9973E-05
0.0423179 0.631721 0.0112294 0.0667614 0.24797
0.0191323 0.881012 0.0326257 0.0421005 0.0251295
0.559011 0.0398841 9.9982E-05 0.400905 9.9982E-05
0.0883042 0.120919 0.12726 0.237042 0.426474
0.174649 0.119496 0.0449353 0.200208 0.460712
0.43954 0.210044 0.0573871 0.208174 0.0848554
0.194864 0.253945 9.9991E-05 0.198277 0.352815
0.359826 0.118898 9.9991E-05 0.29012 0.231056
0.296189 0.0978218 0.00492823 0.19061 0.41045
0.32378 0.281665 0.0293124 0.14096 0.224282
0.0645622 0.0880434 0.106084 0.192296 0.549015
0.235179 0.207035 9.9991E-05 0.223482 0.334203
0.150948 0.152888 0.00460885 0.198015 0.49354
9.9982E-05 9.9982E-05 0.0940661 0.846757 0.0589766
0.00820701 0.104445 9.9982E-05 0.887148 9.9982E-05
9.9973E-05 9.9973E-05 0.0695144 0.930186 9.9973E-05
9.9982E-05 9.9982E-05 0.0313279 0.962465 0.00600734
9.9982E-05 0.0173759 0.0764988 0.905925 9.9982E-05
0.0138059 0.109796 9.9982E-05 0.876198 9.9982E-05
9.9982E-05 0.119246 9.9982E-05 0.869906 0.0106485
0.0527734 9.9982E-05 0.00940839 0.937618 9.9982E-05
0.00660633 0.0257375 9.9991E-05 0.937563 0.0299931
0.00443377 0.118357 9.9982E-05 0.877009 9.9982E-05
0.110554 9.9982E-05 0.284593 0.604652 9.9982E-05
0.018203 0.0102705 0.388578 0.582848 9.9991E-05
0.109975 9.9982E-05 0.346533 0.543292 9.9982E-05
0.140222 9.9991E-05 0.340594 0.513166 0.00591711
0.126224 0.0165326 0.257639 0.0167137 0.582891
0.128327 0.0263494 0.235396 0.0232941 0.586633
0.010615 0.0249512 0.258682 0.0654249 0.640327
0.118216 9.9991E-05 0.261676 0.098799 0.521209
0.109961 0.0189948 0.666954 9.9991E-05 0.20399
0.243126 0.0867882 9.9991E-05 0.0331198 0.636866
0.184133 9.9982E-05 0.123994 9.9982E-05 0.691674
0.249671 0.00463865 0.138146 0.047153 0.560391
0.41142 0.0505803 0.0455795 9.9991E-05 0.49232
0.113752 9.9991E-05 0.13452 0.0698461 0.681782
0.271549 9.9982E-05 0.190596 9.9982E-05 0.537655
0.765322 9.9982E-05 0.139477 9.9982E-05 0.0950016
0.119023 0.0117883 0.0933248 0.125312 0.650552
0.552855 9.9982E-05 0.0474621 9.9982E-05 0.399483
0.26129 0.00952148 0.0420513 9.9991E-05 0.687037
0.438191 9.9982E-05 0.287847 9.9982E-05 0.273763
0.0669019 0.0164467 0.762924 0.139824 0.0139035
0.101489 9.9991E-05 0.7409 0.107945 0.049566
0.0812438 9.9982E-05 0.889061 0.0294949 9.9982E-05
0.0104133 9.9982E-05 0.901591 0.0877955 9.9982E-05
0.0511041 0.042629 0.846243 0.000681404 0.0593429
0.0316715 0.0403674 0.728928 0.0914162 0.107616
9.9982E-05 0.0072401 9.9982E-05 0.876671 0.115889
9.9991E-05 0.00354748 0.0646484 0.868503 0.0632016
9.9982E-05 0.120821 9.9982E-05 0.809693 0.0692862
9.9991E-05 0.0788298 0.0474872 0.788227 0.0853557
9.9991E-05 0.0806465 0.0426278 0.817544 0.0590819
0.0448729 9.9982E-05 0.527639 0.427288 9.9982E-05
0.13131 9.9982E-05 0.374077 0.494413 9.9982E-05
0.0918886 9.9982E-05 0.452541 0.45537 9.9982E-05
9.9991E-05 0.0544425 0.0554262 0.812373 0.0776588
0.0366593 9.9982E-05 0.595738 0.367403 9.9982E-05
0.123514 0.442919 9.9991E-05 0.206742 0.226724
9.9991E-05 0.332888 0.138401 0.109146 0.419466
9.9982E-05 0.313128 9.9982E-05 0.200836 0.485835
0.126001 0.193629 9.9991E-05 0.264684 0.415587
0.0614536 0.257974 0.0892605 0.226381 0.364931
0.16966 0.329707 9.9982E-05 0.500433 9.9982E-05
0.139456 9.9982E-05 0.377158 9.9982E-05 0.483186
0.269157 0.0783576 0.250161 9.99922E-05 0.402225
0.0225128 0.0128783 0.540552 0.0778415 0.346215
0.229335 0.0500025 0.216418 9.9991E-05 0.504145
0.8613 9.9973E-05 0.138401 9.9973E-05 9.9973E-05
0.0744257 0.0734083 0.226381 0.0755773 0.550207
0.150952 9.9991E-05 0.267113 0.00385584 0.577979
0.0943495 9.9991E-05 0.477599 0.0107505 0.417201
0.124499 0.0799916 0.199166 0.068257 0.528087
0.489953 9.9991E-05 0.267261 0.0354573 0.207229
0.183564 0.149169 0.160801 9.9991E-05 0.506366
0.0733292 0.0581344 0.309229 9.9991E-05 0.559207
0.0950949 0.208167 0.146944 0.126207 0.423587
0.259007 0.0149537 0.300653 9.9991E-05 0.425286
0.131709 0.0440074 0.306506 9.9991E-05 0.517678
0.283106 0.0928704 0.108847 9.9991E-05 0.515077
0.155725 0.0619525 0.224346 9.9991E-05 0.557877
9.9991E-05 0.0483412 0.0810865 0.107389 0.763083
0.0411982 0.0672868 0.231927 0.0916783 0.56791
9.9991E-05 0.0542581 0.217126 0.123712 0.604804
9.9982E-05 0.118482 9.9982E-05 0.79148 0.0898382
0.0303567 0.0143196 9.9991E-05 0.856683 0.0985409
0.0910439 9.9991E-05 0.0190715 0.811864 0.0779208
0.0292917 0.0238404 0.0617741 0.832601 0.052493
9.9982E-05 0.0200794 9.9982E-05 0.854723 0.124997
0.0976451 0.0522107 0.643872 9.9991E-05 0.206172
0.170472 0.0162049 0.12505 0.0861258 0.602146
0.169411 0.203705 9.9991E-05 0.251756 0.375028
0.000716767 0.129663 0.18697 0.0161674 0.666483
0.0535155 0.00109219 0.329828 0.0103139 0.60525
0.169806 0.12774 0.424754 9.9991E-05 0.277599
0.172422 9.9991E-05 0.662217 0.142358 0.0229031
0.037921 0.0728919 0.362316 9.9991E-05 0.526771
0.21102 0.0921493 0.53857 0.031827 0.126433
0.253217 0.0754221 0.181147 0.0699554 0.420258
0.128905 0.0312577 0.54672 0.136049 0.157068
9.9991E-05 0.142726 0.260939 0.126301 0.469933
0.0610112 0.0439847 0.588391 0.0678609 0.238752
0.102421 0.0993888 0.446578 9.9991E-05 0.351512
0.125328 0.063059 0.201303 0.0641396 0.546171
0.433339 0.0484283 0.150634 0.0388215 0.328777
0.180414 0.0474576 0.0629533 0.0973886 0.611786
0.162921 0.0671793 9.9991E-05 0.178037 0.591762
0.442039 9.9991E-05 0.0880893 0.0579517 0.41182
0.194029 0.106827 0.106642 0.0254093 0.567093
0.296822 9.9982E-05 9.9982E-05 0.081378 0.6216
0.697184 9.9982E-05 0.128637 9.9982E-05 0.17398
0.638059 9.9982E-05 9.9982E-05 0.0363754 0.325366
0.305757 0.0649806 0.117972 0.0127358 0.498554
0.625224 9.9991E-05 0.0751637 0.0666024 0.23291
0.256185 9.9991E-05 0.109197 0.0438207 0.590698
0.153402 0.0895269 0.658788 9.9991E-05 0.0981834
0.340192 0.0478118 0.317942 9.9991E-05 0.293955
0.0311441 0.127109 0.511727 9.9991E-05 0.32992
0.050326 0.0975173 0.191451 0.0150542 0.645651
0.202237 9.9982E-05 0.534157 9.9982E-05 0.263406
0.112726 0.196505 0.294302 9.9991E-05 0.396368
9.9991E-05 0.182846 0.177743 0.101284 0.538027
0.0708298 0.0491139 0.254314 0.10387 0.521873
0.108153 0.117919 0.226072 0.0724225 0.475433
0.154809 0.0559486 0.276687 0.048846 0.463709
0.0827328 0.0754037 0.576759 9.9991E-05 0.265004
0.0425077 0.07292 0.5035 9.9991E-05 0.380973
0.0293243 0.0493712 0.292284 9.9991E-05 0.62892
9.9991E-05 0.106672 0.208639 0.0442008 0.640388
0.130356 0.0302327 0.246233 0.0983353 0.494843
0.0454871 0.14806 0.309204 9.9991E-05 0.497149
0.0638662 9.9991E-05 0.41139 0.0932316 0.431412
0.11146 0.0274746 0.26338 9.9991E-05 0.597586
9.9991E-05 0.0912966 0.335524 0.0429738 0.530106
0.131337 0.118279 0.220288 0.0436405 0.486455
0.0101377 0.126452 0.035463 0.337631 0.490316
0.135461 0.330771 9.9991E-05 0.103614 0.430054
0.162307 0.168861 0.051643 0.132362 0.484827
0.139988 0.154298 0.0762656 0.0751116 0.554336
0.111108 0.230071 0.0139171 0.187234 0.457669
0.29111 0.0748442 0.191598 9.9991E-05 0.442348
0.0723317 0.18846 0.0709244 0.145401 0.522883
0.446866 0.11961 9.9991E-05 0.329725 0.1037
0.0901605 0.226774 0.101265 0.0525766 0.529225
0.00746063 0.159737 0.0650407 0.177317 0.590445
0.0258219 0.277318 0.0439046 0.108138 0.544818
0.21371 0.210721 0.123135 0.183337 0.269096
0.0581802 0.213506 0.0535118 0.206088 0.468715
0.0162324 0.132885 0.0702194 0.212941 0.567722
0.292169 0.18763 9.9982E-05 0.520002 9.9982E-05
9.9982E-05 0.186941 9.9982E-05 0.208812 0.604047
9.9982E-05 0.174874 9.9982E-05 0.184328 0.640598
0.137059 0.146198 0.0174304 0.116888 0.582425
0.0454106 0.221187 9.9991E-05 0.194753 0.53855
0.0022829 0.185269 0.0721813 0.17186 0.568407
0.239019 0.0823805 0.120267 0.0220596 0.536274
0.0662083 0.0675955 0.0725181 0.195475 0.598203
0.772092 0.00337197 0.0953213 9.9991E-05 0.129115
0.840343 9.9991E-05 0.0715699 0.0187968 0.0691903
0.27861 0.115993 0.13139 9.9991E-05 0.473907
0.119452 0.413192 9.9991E-05 0.120168 0.347088
0.18156 0.420928 9.9991E-05 0.0974732 0.299939
0.286626 0.390321 9.9991E-05 0.211028 0.111926
0.127071 0.346068 9.9991E-05 0.210433 0.316328
0.653152 0.129675 9.9991E-05 0.103916 0.113157
0.554361 0.198589 9.9991E-05 0.126598 0.120351
0.271181 0.142444 9.9982E-05 9.9982E-05 0.586175
0.306568 0.149053 9.9991E-05 0.0488545 0.495425
0.559917 0.2214 9.9991E-05 0.0642411 0.154342
0.198045 0.174009 0.0702432 0.0805229 0.477179
0.24624 0.155337 9.9991E-05 0.0200814 0.578241
0.176211 0.136548 0.0336403 0.123305 0.530296
0.47176 9.9982E-05 0.0970161 9.9982E-05 0.431024
0.407433 0.0565975 0.111257 9.9991E-05 0.424612
0.237545 0.138426 0.0825744 0.0187246 0.52273
0.317399 0.0455534 0.129891 0.0875333 0.419623
0.247653 0.103308 0.0356858 0.104545 0.508808
0.393051 0.0719334 9.9991E-05 0.00538144 0.529534
0.61939 9.9982E-05 0.072444 9.9982E-05 0.307966
0.195865 0.101356 9.9991E-05 0.0601041 0.642575
0.193826 0.188466 0.0970551 0.0234431 0.497209
0.572807 0.0261943 0.117503 9.9991E-05 0.283395
0.462469 0.0496968 9.9982E-05 9.9982E-05 0.487634
0.166031 0.00423085 0.102359 0.0513812 0.675998
0.294354 0.0665177 0.0253268 9.9991E-05 0.613702
0.123301 0.222377 9.9991E-05 0.177787 0.476435
0.132212 0.312894 0.18056 0.0181198 0.356215
0.125252 0.291835 0.0657217 0.168398 0.348793
0.111945 0.279252 0.126588 0.189525 0.29269
0.0584105 0.176223 0.095571 0.150394 0.519401
0.15274 0.158898 0.0288914 0.195559 0.463911
0.578688 0.21827 0.00962349 0.193318 9.9991E-05
0.048986 0.210909 0.0264897 0.120083 0.593532
0.414458 0.190963 9.9982E-05 0.394379 9.9982E-05
0.145438 0.266168 9.9991E-05 0.0872639 0.50103
0.811608 9.9973E-05 9.9973E-05 9.9973E-05 0.188093
0.906596 0.0185232 0.0671941 9.9991E-05 0.00758677
0.354261 0.0133525 9.9982E-05 9.9982E-05 0.632186
0.177121 0.0514856 0.000966876 0.0503372 0.72009
0.489931 9.9991E-05 0.0201482 0.0160527 0.473768
0.332994 0.0150481 9.9991E-05 0.0136886 0.638169
0.332555 0.0733653 0.00583406 9.9991E-05 0.588146
9.9982E-05 0.0317263 9.9982E-05 0.841897 0.126176
9.9982E-05 0.127849 0.135853 0.736098 9.9982E-05
9.9982E-05 0.107915 0.0185603 0.873324 9.9982E-05
9.9982E-05 0.00679546 9.9982E-05 0.973029 0.0199754
0.160378 9.9991E-05 0.103994 0.0843284 0.6512
0.228665 0.0588494 9.9991E-05 0.127602 0.584784
0.183277 9.9991E-05 0.107866 0.0137496 0.695008
0.21739 0.0173298 0.0344348 0.0734535 0.657392
0.142486 0.104327 0.0872694 0.0390126 0.626905
0.378752 9.9991E-05 0.188351 0.0246512 0.408145
0.153573 9.9982E-05 9.9982E-05 0.0448968 0.801331
0.504804 9.9973E-05 9.9973E-05 9.9973E-05 0.494896
0.0671358 0.237148 0.0480088 0.246479 0.401228
0.364584 0.0409375 0.0763058 9.9991E-05 0.518073
0.281216 9.9982E-05 0.174523 9.9982E-05 0.544061
0.164766 9.9991E-05 0.0111741 0.049926 0.774034
0.326011 9.9982E-05 0.112874 9.9982E-05 0.560915
0.272394 9.9982E-05 0.00431905 9.9982E-05 0.723087
0.176511 0.012989 0.0832201 0.0400473 0.687232
0.73402 9.9973E-05 9.9973E-05 9.9973E-05 0.26568
0.466421 9.9991E-05 0.059376 0.020506 0.453597
0.345701 9.9991E-05 0.127457 0.00844524 0.518297
0.92974 9.9973E-05 9.9973E-05 9.9973E-05 0.0699601
0.232709 9.9991E-05 0.151959 0.0270143 0.588219
0.746815 9.9982E-05 0.014011 9.9982E-05 0.238974
0.881349 9.9982E-05 0.055226 9.9982E-05 0.0632253
0.232676 0.0566643 0.0218 0.00235093 0.686509
0.438694 9.9991E-05 0.166044 0.0114852 0.383677
0.258391 0.0311957 0.224975 9.9991E-05 0.485339
0.0264866 0.116348 0.151915 0.0512722 0.653979
0.18682 0.00473822 0.188958 0.0156788 0.603804
0.207953 0.112794 0.338049 9.9991E-05 0.341104
0.253944 0.0239564 0.111183 9.9991E-05 0.610817
0.123261 9.9991E-05 0.220618 0.0306997 0.625321
0.515905 9.99741E-05 9.99741E-05 9.99741E-05 0.483795
0.154176 0.0466618 0.0999125 0.0821589 0.61709
0.0389259 9.9991E-05 0.282508 0.651624 0.0268426
0.103966 9.9991E-05 0.0620165 0.755062 0.0788558
0.0268743 9.9982E-05 0.139015 0.83391 9.9982E-05
0.0212054 9.9982E-05 0.152497 0.826098 9.9982E-05
9.9982E-05 9.9982E-05 0.219615 0.74145 0.0387349
0.340254 9.9991E-05 0.262123 0.0568454 0.340678
0.465679 9.9991E-05 0.183766 0.0228852 0.32757
0.654387 9.9973E-05 9.9973E-05 9.9973E-05 0.345313
0.163119 0.0983839 9.9991E-05 0.109749 0.628648
0.133268 0.0486851 9.9991E-05 0.151941 0.666005
0.526 9.9973E-05 9.9973E-05 9.9973E-05 0.4737
0.216332 0.0743318 0.0518626 9.9991E-05 0.657373
0.347767 0.0354663 9.9991E-05 0.048691 0.567976
0.173086 9.9991E-05 0.0524391 0.0409484 0.733426
0.0926998 0.0584021 0.0874306 0.0232693 0.738198
0.369915 9.9982E-05 0.219355 9.9982E-05 0.41053
0.296902 9.9982E-05 0.156833 9.9982E-05 0.546065
0.329233 9.9982E-05 0.186612 9.9982E-05 0.483955
0.114532 0.0172111 0.0895561 0.0914617 0.687239
0.27471 9.9982E-05 0.0950279 9.9982E-05 0.630062
0.259703 0.0144359 0.101771 9.9991E-05 0.62399
9.9982E-05 0.395454 9.9982E-05 0.090848 0.513498
0.0351178 0.52771 9.9991E-05 0.0637494 0.373322
0.0619886 0.49151 0.0121278 0.0598344 0.37454
0.0167578 0.568585 9.9991E-05 0.136814 0.277744
0.0505937 0.395171 9.9991E-05 0.114733 0.439402
0.378829 0.0341938 9.9991E-05 0.0444391 0.542438
9.9982E-05 0.661602 9.9982E-05 0.284475 0.0537229
0.00615127 0.445322 9.9991E-05 0.177553 0.370873
0.212416 0.112307 9.9991E-05 0.209246 0.465931
0.121314 9.9991E-05 0.0390585 0.182496 0.657031
0.291641 0.0174642 0.0488292 0.188521 0.453544
0.12973 0.0411537 0.0364427 0.157626 0.635048
0.0678589 9.9991E-05 0.0638287 0.166446 0.701766
9.9982E-05 0.396198 9.9982E-05 0.203041 0.400561
0.00736969 0.40445 0.102623 0.111091 0.374466
9.9982E-05 0.463179 9.9982E-05 0.101487 0.435133
0.0380782 0.355621 0.114407 0.14866 0.343233
0.0373894 0.51498 9.9991E-05 0.105974 0.341557
0.0204245 0.42882 0.0336998 0.115873 0.401182
0.019409 0.559068 9.9991E-05 0.167005 0.254419
9.9991E-05 0.43841 0.087217 0.0708823 0.403391
0.248876 0.109895 9.9991E-05 0.13798 0.503148
0.00804435 0.367386 0.0878983 0.23037 0.306301
9.9982E-05 0.651189 9.9982E-05 0.163514 0.185097
0.0290126 0.407319 0.090239 0.122927 0.350502
0.2567 9.9991E-05 0.290316 0.176946 0.275938
0.151518 0.116714 0.034506 0.0615909 0.63567
0.125679 0.284945 9.9991E-05 0.200774 0.388502
0.128537 0.0591039 0.0299438 0.183968 0.598447
0.0945834 0.0140989 0.153846 0.19533 0.542142
0.137757 0.271595 0.00940554 0.18881 0.392432
0.0767184 0.347184 0.0384655 0.235493 0.302139
0.0654967 0.0842133 0.166494 0.123967 0.559828
0.0835856 0.373449 0.00304472 0.127321 0.4126
9.9982E-05 0.500783 9.9982E-05 0.122766 0.376251
0.0434493 0.633323 9.9991E-05 0.200193 0.122935
0.0957106 0.0633791 0.065126 0.153866 0.621918
0.191404 9.9991E-05 0.0936167 0.187201 0.527678
0.55878 0.0928887 9.9991E-05 0.19741 0.150821
0.187943 9.9991E-05 0.0255602 0.201857 0.58454
0.173008 0.0925704 0.226239 0.107806 0.400376
0.121549 0.127491 9.9991E-05 0.227097 0.523762
0.142792 0.240445 0.0939584 0.0834113 0.439394
0.411715 0.254251 9.9982E-05 0.333833 9.9982E-05
0.489298 0.145077 9.9982E-05 0.365425 9.9982E-05
0.35733 0.116654 0.00423709 0.188553 0.333226
0.358332 0.270645 9.9982E-05 0.370823 9.9982E-05
0.231959 0.290366 9.9982E-05 0.477475 9.9982E-05
0.33508 0.203657 9.9991E-05 0.140518 0.320645
0.192437 0.179791 9.9991E-05 0.256063 0.371609
0.250215 0.230638 0.0430895 0.335747 0.140311
0.398773 0.206955 9.9991E-05 0.342123 0.0520494
0.189517 0.142195 9.9991E-05 0.15822 0.509969
0.472334 0.224611 9.9991E-05 0.235131 0.0678239
0.387175 0.108892 9.9982E-05 0.503733 9.9982E-05
0.0520957 0.278287 0.0948092 0.155738 0.419071
0.176097 0.291343 0.00514975 0.197596 0.329814
9.9991E-05 0.172632 0.0770792 0.323774 0.426414
9.9982E-05 0.294536 9.9982E-05 0.142318 0.562947
0.0350151 0.136167 0.124329 0.183073 0.521416
0.000929393 0.233185 0.027244 0.16792 0.570722
0.152732 0.250185 9.9991E-05 0.168041 0.428942
0.0185982 0.23173 9.9991E-05 0.397632 0.35194
9.9991E-05 0.0796435 0.0548959 0.226712 0.638649
9.9982E-05 0.273705 9.9982E-05 0.25273 0.473365
0.0985206 0.213827 0.0136146 0.310471 0.363567
0.175834 0.171472 0.208977 0.115821 0.327897
0.0163936 0.155251 0.0901394 0.155864 0.582352
0.0217742 0.107494 0.08845 0.207211 0.57507
0.0679985 0.0364269 9.9991E-05 0.167995 0.72748
0.0564912 0.334379 9.9991E-05 0.28663 0.3224
0.0190311 0.193626 9.9991E-05 0.238325 0.548918
0.20418 0.271099 9.9991E-05 0.41713 0.10749
0.0225569 0.28228 0.0607786 0.125836 0.508548
0.208707 0.3557 9.9991E-05 0.310371 0.125122
0.0854483 9.9982E-05 0.1378 0.776551 9.9982E-05
9.9991E-05 0.0732391 0.862015 0.00685604 0.0577902
9.997E-05 9.997E-05 0.9996 9.997E-05 9.997E-05
9.997E-05 9.997E-05 0.9996 9.997E-05 9.997E-05
9.9973E-05 9.9973E-05 0.968817 9.9973E-05 0.0308827
9.9973E-05 0.0410928 0.958607 9.9973E-05 9.9973E-05
9.9973E-05 9.9973E-05 0.949826 9.9973E-05 0.0498739
9.9973E-05 9.9973E-05 0.967246 0.0324541 9.9973E-05
9.9973E-05 9.9973E-05 0.803106 0.196594 9.9973E-05
9.9982E-05 9.9982E-05 0.0284667 0.948388 0.0229449
9.9982E-05 9.9982E-05 0.0806296 0.870826 0.0483442
9.9982E-05 0.0699782 9.9982E-05 0.920787 0.00903434
0.00935774 9.9991E-05 0.0778042 0.875171 0.037567
9.9991E-05 0.0407255 0.00417445 0.911695 0.0433053
9.9982E-05 0.00714758 0.0879957 0.904657 9.9982E-05
9.9991E-05 0.104326 0.0514264 0.779539 0.0646078
0.0113019 0.0772671 9.9991E-05 0.869463 0.0418685
0.0178541 9.9991E-05 0.106983 0.738948 0.136115
9.9982E-05 0.0586091 9.9982E-05 0.936893 0.00429829
9.9973E-05 9.9973E-05 9.9973E-05 0.978685 0.0210146
0.0288641 0.0666608 0.0359494 0.868426 9.9991E-05
9.9982E-05 0.0150207 0.0255212 0.959258 9.9982E-05
9.9982E-05 0.0190263 9.9982E-05 0.924559 0.0562144
9.9991E-05 0.0808223 0.00528051 0.868281 0.0455164
9.9982E-05 0.0292932 9.9982E-05 0.859846 0.110661
9.9982E-05 0.104895 9.9982E-05 0.800726 0.0941793
9.9982E-05 0.0574179 9.9982E-05 0.793023 0.149359
9.9982E-05 0.0530617 9.9982E-05 0.800709 0.146029
0.242491 0.0182443 0.0686751 0.21033 0.46026
0.109986 9.9982E-05 9.9982E-05 0.102723 0.787091
0.12957 0.0496692 0.0610904 0.149213 0.610458
0.694969 0.00690287 9.9991E-05 0.126716 0.171311
0.0888944 9.9991E-05 0.143274 0.178364 0.589368
0.60832 0.0788298 9.9991E-05 0.211389 0.10136
0.190432 0.0816604 0.00994364 0.101803 0.616161
0.188634 9.9991E-05 0.171736 0.120414 0.519116
0.161808 9.9991E-05 0.107173 0.14413 0.58679
0.19127 9.9991E-05 0.0713846 0.0565157 0.680729
0.252449 9.9991E-05 0.179741 0.0836626 0.484048
0.203771 0.0166439 0.0169536 0.0402358 0.722396
0.0784409 9.9991E-05 0.145568 0.112862 0.663029
0.35129 0.0780835 0.494139 9.9991E-05 0.0763867
0.811489 9.9982E-05 0.0672363 0.121075 9.9982E-05
0.623168 0.0686792 0.0364409 0.126852 0.14486
0.207031 0.0368192 0.0259976 0.109114 0.621038
0.249117 9.9982E-05 9.9982E-05 0.155747 0.594936
0.218691 0.0303731 9.9991E-05 0.175633 0.575203
0.161961 0.10365 9.9991E-05 0.0743286 0.659961
0.0717614 0.195134 0.00122286 0.176568 0.555313
9.9991E-05 0.210201 0.0408043 0.169022 0.579872
0.166559 0.192829 0.145229 0.378621 0.116761
0.102197 0.00127599 0.0687831 0.141762 0.685981
0.118836 0.170404 0.0964703 0.224606 0.389684
0.326626 0.199375 9.9982E-05 0.473799 9.9982E-05
0.183275 0.275159 9.9991E-05 0.260108 0.281357
0.0850102 0.219146 0.0504347 0.341128 0.304281
9.9991E-05 0.0860963 0.163952 0.328726 0.421126
0.102979 0.257623 0.0862693 0.138849 0.414281
0.0245477 0.116369 9.9991E-05 0.278133 0.58085
0.0219842 0.201183 0.0729411 0.118623 0.585269
0.1928 0.209673 9.9991E-05 0.182682 0.414746
0.0122726 0.142882 9.9991E-05 0.523004 0.321742
