0.875273 9.9973E-05 0.00107687 9.9973E-05 0.0167299 0.0395026 9.9973E-05 0.0671178
0.897051 0.0496169 9.9964E-05 9.9964E-05 9.9964E-05 0.0250794 9.9964E-05 0.0278529
0.767611 9.9982E-05 0.00348553 9.9982E-05 0.00241135 0.00971565 0.131168 0.0854092
0.741097 9.9973E-05 0.0729497 9.9973E-05 9.9973E-05 0.0849696 0.0471949 0.0534893
0.850184 0.0598228 0.0514997 9.9973E-05 9.9973E-05 9.9973E-05 0.0315179 0.00667544
0.53706 0.0617061 9.9991E-05 0.0784381 0.0863625 0.078154 0.120862 0.0373172
0.796493 9.9964E-05 9.9964E-05 9.9964E-05 0.103215 0.0423739 9.9964E-05 0.057518
0.687029 9.9982E-05 0.0134178 0.00523494 0.121777 0.0977882 9.9982E-05 0.0745539
0.821462 0.00524765 9.9982E-05 0.0452952 0.0276286 0.0694478 9.9982E-05 0.0307187
0.655814 0.0257868 0.0572123 9.9991E-05 0.0454085 0.061404 0.124093 0.0301812
0.756434 9.9964E-05 9.9964E-05 9.9964E-05 0.0755116 0.111697 0.0559578 9.9964E-05
9.9982E-05 9.9982E-05 0.0471263 0.200961 0.00891245 0.481234 0.251057 0.0105084
9.9973E-05 9.9973E-05 0.0669673 0.0782473 9.9973E-05 0.296681 0.533498 0.0243068
0.0235954 0.109417 0.0457385 0.0786748 0.0175054 0.372754 0.303187 0.0491272
9.9982E-05 9.9982E-05 0.137925 0.104723 0.0153665 0.361646 0.326875 0.0532653
0.16071 9.9991E-05 0.100629 0.126151 0.00404131 0.219028 0.365085 0.0242551
9.999E-05 0.0307191 0.180652 0.064246 0.100766 0.123757 0.473679 0.0260813
9.999E-05 0.00146272 0.0364035 0.262098 0.0343317 0.19076 0.406798 0.0680465
0.117614 0.00460639 0.0199521 0.183924 9.9991E-05 0.260181 0.376414 0.0372087
9.9982E-05 9.9982E-05 0.0455452 0.185616 0.11646 0.588042 0.0242876 0.0398496
9.999E-05 0.071365 0.0778558 0.169123 0.0441994 0.206816 0.3472 0.0833416
9.9982E-05 9.9982E-05 0.0365898 0.157532 0.134002 0.204613 0.437844 0.0292188
0.0100423 0.0584207 0.0633533 0.152491 0.0189601 0.165748 0.530885 9.9991E-05
9.9982E-05 9.9982E-05 0.12225 0.237104 0.016172 0.344607 0.226214 0.0534534
0.0349674 9.9991E-05 0.145799 0.0976441 0.0231253 0.0779561 0.578391 0.0420167
9.9982E-05 9.9982E-05 0.139505 0.0962324 0.0132898 0.208774 0.528454 0.0135446
9.9982E-05 0.0829116 0.0961212 0.130256 9.9982E-05 0.476231 0.163158 0.0511219
9.9982E-05 9.9982E-05 0.222414 0.164452 0.044778 0.376389 0.164765 0.0270021
0.00710482 0.0593374 0.0425771 0.111019 0.125888 0.402978 0.250997 9.9991E-05
9.994E-05 9.994E-05 9.994E-05 9.994E-05 9.994E-05 9.994E-05 9.994E-05 0.9993
9.994E-05 9.994E-05 9.994E-05 9.994E-05 9.994E-05 9.994E-05 9.994E-05 0.9993
0.527646 9.9973E-05 0.0439501 0.0661487 9.9973E-05 9.9973E-05 0.0317338 0.330221
0.589915 9.9973E-05 0.0154905 0.0888564 9.9973E-05 9.9973E-05 0.0706334 0.234805
0.0257121 9.9982E-05 0.000626986 0.198216 0.045958 0.0960609 0.633226 9.9982E-05
0.00305185 0.0108721 0.0898651 0.352627 0.0253225 0.0521903 0.429423 0.0366481
0.0305658 9.9964E-05 9.9964E-05 0.316677 9.9964E-05 9.9964E-05 0.642665 0.00969227
0.0673849 9.9991E-05 0.0215706 0.185064 0.0210316 0.527797 0.159578 0.0174742
9.9973E-05 9.9973E-05 0.02659 0.589855 0.0368159 9.9973E-05 0.303066 0.043373
0.0866199 0.020281 0.0131454 0.331381 9.9991E-05 0.113064 0.423497 0.0119112
0.00977698 0.0502763 0.0565862 0.219182 9.9982E-05 9.9982E-05 0.651759 0.0122205
0.0938442 9.9982E-05 9.9982E-05 0.174452 0.0772947 0.032919 0.608743 0.0125469
0.0249298 9.9991E-05 0.0494009 0.0985143 0.123851 0.0912454 0.58065 0.0313078
0.0396205 9.9982E-05 0.00647579 0.688829 0.0113189 0.0884311 0.165125 9.9982E-05
0.0141906 9.9973E-05 0.0759555 0.0339614 0.269758 9.9973E-05 0.605835 9.9973E-05
0.0147826 0.116876 0.0720402 0.296254 9.9982E-05 9.9982E-05 0.427877 0.0719699
0.149549 9.9991E-05 0.0920274 0.0786025 0.0736939 0.0422193 0.523538 0.0402705
9.9955E-05 0.0701774 9.9955E-05 0.57746 9.9955E-05 9.9955E-05 0.351863 9.9955E-05
0.0170739 0.0690703 9.9982E-05 0.268926 9.9982E-05 0.0070087 0.624996 0.0127247
0.110559 0.0407758 0.0182852 0.258147 9.9982E-05 0.0112629 0.560771 9.9982E-05
0.0613243 9.9955E-05 9.9955E-05 0.701141 0.237035 9.9955E-05 9.9955E-05 9.9955E-05
9.9973E-05 0.0685382 9.9973E-05 0.183702 0.0909776 0.456257 0.200225 9.9973E-05
9.9982E-05 0.104287 0.0349695 0.267637 0.348615 0.156207 0.0880852 9.9982E-05
0.0950762 9.9982E-05 0.0771424 0.0256084 0.0461313 0.17585 0.579992 9.9982E-05
0.0687264 0.100012 0.0820624 0.0610185 0.0377909 0.0561908 0.577188 0.0170107
9.9991E-05 0.101213 0.0703364 0.0987252 0.0167732 0.063414 0.628173 0.0212658
0.0832988 0.0836228 0.0152644 0.25601 0.0576743 0.327431 0.160609 0.0160897
9.9982E-05 0.0819723 9.9982E-05 0.0148773 0.0555582 0.200361 0.615269 0.0317618
0.0930252 0.00810341 0.0850894 0.0955283 0.138021 0.0602044 0.509062 0.0109655
0.117117 0.132587 0.000832993 0.183098 0.012654 0.177909 0.338663 0.037139
0.158362 9.9991E-05 0.0457052 0.193348 0.202356 0.237008 0.112934 0.050186
9.9982E-05 0.0827891 9.9982E-05 0.0338877 0.111775 0.150538 0.548646 0.0721647
0.0887824 0.0848325 0.0361552 0.107184 0.0340402 0.229779 0.407037 0.0121887
9.9973E-05 9.9973E-05 9.9973E-05 0.311383 0.137809 0.405239 0.0507015 0.0945676
9.9982E-05 0.167431 0.00682417 0.0772838 9.9982E-05 0.189389 0.531305 0.0275671
0.0508593 0.151377 0.0482223 0.146413 0.0321517 0.018528 0.552348 9.9991E-05
0.0363733 0.0422 0.0937106 9.9991E-05 0.087602 0.11418 0.499587 0.126247
9.9991E-05 0.108133 0.126766 0.282139 0.0533566 0.235051 0.161243 0.0332113
9.9991E-05 0.0137882 0.0568071 0.276366 0.0502818 0.0692965 0.449034 0.0843271
0.0874744 0.00104143 0.016312 0.127796 9.9991E-05 0.158308 0.578326 0.0306421
9.9982E-05 0.037659 9.9982E-05 0.24444 0.0900724 0.343503 0.218443 0.0656829
9.9955E-05 9.9955E-05 9.9955E-05 0.381394 9.9955E-05 0.0651452 0.552961 9.9955E-05
0.0133683 9.9964E-05 9.9964E-05 0.732388 9.9964E-05 9.9964E-05 0.216519 0.0373255
9.9991E-05 0.0175456 0.030837 0.235544 0.110827 0.103469 0.490233 0.0114448
9.9946E-05 9.9946E-05 9.9946E-05 0.871723 0.127677 9.9946E-05 9.9946E-05 9.9946E-05
9.9964E-05 0.00169213 9.9964E-05 0.911691 0.0675019 0.0187146 9.9964E-05 9.9964E-05
9.9955E-05 9.9955E-05 0.0201156 0.685583 9.9955E-05 9.9955E-05 0.293802 9.9955E-05
0.0297284 9.9973E-05 9.9973E-05 0.382579 0.0176499 0.0541605 0.515582 9.9973E-05
0.211052 0.0282525 0.021511 0.119606 0.0199558 9.9991E-05 0.556327 0.0431965
0.0196349 0.0411027 0.066406 0.422772 0.0336783 0.0480592 0.368247 9.9991E-05
0.0490811 9.9973E-05 0.0191627 0.656096 9.9973E-05 0.170451 0.10491 9.9973E-05
0.0546113 9.9964E-05 9.9964E-05 0.491923 9.9964E-05 0.227801 0.225265 9.9964E-05
0.0285882 0.140021 0.125892 0.173445 9.9991E-05 0.110613 0.384137 0.0372037
0.0358636 0.00135397 0.0426491 0.526996 9.9991E-05 0.0733051 0.280441 0.0392912
9.9973E-05 9.9973E-05 9.9973E-05 0.443997 0.0364421 0.0825588 0.390573 0.0461291
0.00829094 0.030818 9.9973E-05 0.4251 0.0858911 9.9973E-05 0.4496 9.9973E-05
0.0107671 0.0976404 0.0164113 0.660436 0.151878 0.0626677 9.9982E-05 9.9982E-05
0.0538656 9.9982E-05 0.0683265 0.15554 0.0570171 0.0636021 0.601449 9.9982E-05
0.803823 9.9982E-05 0.0149586 0.00172812 9.9982E-05 0.0359209 0.0927264 0.0506433
0.821368 9.9955E-05 9.9955E-05 9.9955E-05 9.9955E-05 9.9955E-05 0.0570966 0.121036
0.770582 9.9973E-05 0.0503315 9.9973E-05 0.00827423 9.9973E-05 0.0476787 0.122834
0.83081 9.9973E-05 0.030055 9.9973E-05 0.0246053 9.9973E-05 0.000739127 0.113491
0.791703 9.9955E-05 9.9955E-05 9.9955E-05 9.9955E-05 9.9955E-05 0.0854743 0.122323
0.830108 0.0475115 0.0185385 9.9973E-05 9.9973E-05 9.9973E-05 0.0625053 0.0410373
0.82145 0.0487849 0.0488254 9.9964E-05 9.9964E-05 9.9964E-05 9.9964E-05 0.08054
0.0320801 0.00985139 0.0715019 0.29121 9.9991E-05 0.0949274 0.434443 0.0658859
0.110587 0.0608094 0.0150513 0.132652 0.0244317 0.0955024 0.516702 0.0442637
0.0339871 0.0650338 9.9973E-05 0.840624 9.9973E-05 0.0348542 0.0252013 9.9973E-05
0.120835 0.08638 0.0245815 0.157091 0.0382262 0.0804458 0.477152 0.0152889
0.0291796 9.9973E-05 9.9973E-05 0.387007 9.9973E-05 0.124814 0.416428 0.0422715
9.9973E-05 0.138457 0.0197621 0.242545 9.9973E-05 9.9973E-05 0.564857 0.0340782
0.0208331 0.141939 0.0375423 0.247746 0.0220054 9.9991E-05 0.524771 0.00506314
0.0282035 0.0108439 0.0839816 0.43444 9.9973E-05 9.9973E-05 0.442231 9.9973E-05
0.0539957 0.0172021 9.9964E-05 0.751127 9.9964E-05 0.177276 9.9964E-05 9.9964E-05
0.18204 0.016376 0.0297176 0.17874 9.9991E-05 0.0573333 0.524912 0.0107809
0.0193782 9.9982E-05 0.0427464 0.222554 0.0265447 0.0242895 0.664287 9.9982E-05
0.0375401 9.9973E-05 0.029297 0.198579 9.9973E-05 0.180215 0.554069 9.9973E-05
9.9973E-05 9.9973E-05 0.0108983 0.542774 0.14124 9.9973E-05 0.265747 0.0390405
9.9964E-05 0.0716786 9.9964E-05 0.40047 0.0275487 9.9964E-05 0.499903 9.9964E-05
9.9973E-05 9.9973E-05 9.9973E-05 0.41576 0.00771809 0.0741959 0.475873 0.0261525
9.9964E-05 0.0255572 0.127369 0.615544 9.9964E-05 9.9964E-05 0.23113 9.9964E-05
0.0631004 9.9973E-05 9.9973E-05 0.442731 9.9973E-05 0.0516831 0.423474 0.0187107
0.100228 0.0113666 9.9991E-05 0.148298 0.0282644 0.0799818 0.608148 0.0236133
9.9991E-05 0.186908 0.028623 0.193474 0.0927579 0.230977 0.208628 0.0585316
0.039081 9.9991E-05 0.047413 0.0734806 0.0308617 0.302422 0.451397 0.0552447
0.118936 0.00776195 0.00984595 0.128723 9.9991E-05 0.145426 0.543521 0.0456856
0.101915 0.0046966 0.105654 0.184075 9.9982E-05 0.118567 0.484893 9.9982E-05
9.9973E-05 0.0457571 9.9973E-05 0.123308 9.9973E-05 0.249252 0.513811 0.0675722
0.0233885 9.9973E-05 9.9973E-05 0.11593 9.9973E-05 0.234359 0.611067 0.014956
0.0219363 0.104961 0.000242743 9.9973E-05 9.9973E-05 0.349218 0.523343 9.9973E-05
0.0299464 0.00451037 0.0321027 0.090871 0.151763 0.182927 0.490789 0.0170912
9.9973E-05 9.9973E-05 0.127456 0.00733138 0.0335054 0.280603 0.550805 9.9973E-05
9.9982E-05 0.115946 9.9982E-05 0.0364332 0.0265221 0.178599 0.601871 0.0404286
9.9982E-05 0.0491255 9.9982E-05 0.0445835 0.0578825 0.291706 0.545098 0.0114048
9.9982E-05 0.012737 0.119736 9.9982E-05 0.15921 0.104604 0.584223 0.0192893
0.112186 0.113393 0.143693 9.9982E-05 0.0720761 0.131836 0.426617 9.9982E-05
9.9973E-05 0.085264 0.103924 0.0365961 9.9973E-05 0.230664 0.543252 9.9973E-05
0.0921201 0.127459 0.0667997 0.0830782 0.0558084 0.0478352 0.491278 0.0356218
9.9991E-05 0.123629 0.113429 0.00493108 0.0579569 0.190103 0.504236 0.00561448
0.073526 0.0202031 0.000258924 9.9991E-05 0.171121 0.288299 0.436447 0.0100451
9.9973E-05 0.0811879 0.0956724 0.00205036 9.9973E-05 0.193971 0.626818 9.9973E-05
9.99662E-05 0.154577 0.0629678 9.99662E-05 9.99662E-05 0.105416 0.676639 9.99662E-05
9.9982E-05 0.103859 0.126146 0.243317 9.9982E-05 0.391506 0.119042 0.0159295
0.00896273 0.149901 0.043575 0.141157 0.19652 0.273194 0.176562 0.0101293
0.0238229 0.03903 0.0203659 0.109351 0.107037 0.173721 0.48617 0.0405037
9.9991E-05 0.194147 0.0666059 0.231917 0.148184 0.278285 0.0569234 0.0238371
0.0579014 0.0928433 9.9973E-05 0.171634 9.9973E-05 0.353456 0.323866 9.9973E-05
0.0291901 0.0272417 9.9973E-05 0.132926 9.9973E-05 0.31138 0.498962 9.9973E-05
0.0427633 0.0098598 9.9982E-05 0.190948 9.9982E-05 0.37904 0.338207 0.038982
9.9973E-05 0.0278481 0.0663332 0.150268 9.9973E-05 0.481082 0.274169 9.9973E-05
0.0234125 0.0509476 0.0847792 0.13728 9.9991E-05 0.0907125 0.513432 0.0993365
0.112471 9.9982E-05 0.00254174 0.160245 0.0721748 0.0696046 0.582763 9.9982E-05
0.0141123 0.0323911 0.0808626 0.189435 0.0554171 0.132334 0.415518 0.0799306
9.9991E-05 0.0586221 0.0294406 0.125851 0.263357 0.329573 0.179087 0.0139688
0.112093 0.0379322 9.9991E-05 0.194826 0.0283456 0.121253 0.473612 0.0318387
0.0749222 0.090027 0.0542257 0.0806768 0.163717 0.0190898 0.501832 0.0155099
0.113176 0.082208 9.9991E-05 0.186045 0.440118 0.152133 0.0162255 0.00999449
0.114668 0.0824207 9.9982E-05 0.0725099 0.0214525 9.9982E-05 0.682251 0.0264981
0.0770132 0.0198812 0.0421955 0.222603 0.212167 0.110304 0.306353 0.00948247
0.079302 0.0452924 0.0732637 0.0740403 0.181544 0.118997 0.426473 0.00108822
0.0145831 0.0144406 0.0144487 0.0418008 0.437131 0.093755 0.344221 0.0396193
9.9982E-05 0.0663648 9.9982E-05 0.168794 0.397136 0.125284 0.202151 0.0400704
9.9982E-05 0.15426 9.9982E-05 0.0990047 0.131425 0.141483 0.465243 0.00838425
0.0849745 0.071385 9.9982E-05 0.0232329 0.160077 0.0432084 0.616922 9.9982E-05
0.123603 0.0748863 0.091568 0.105723 0.0745296 0.166944 0.362647 9.9991E-05
0.00502751 0.137577 0.128762 0.244356 0.334993 0.13744 9.9991E-05 0.0117445
0.0217229 0.0650697 0.00568008 0.00936106 0.097197 0.12543 0.657059 0.0184795
9.9964E-05 9.9964E-05 9.9964E-05 0.204428 0.298276 0.0822835 0.414613 9.9964E-05
9.9973E-05 0.10372 9.9973E-05 0.232142 0.155188 0.0317059 0.476944 9.9973E-05
0.0809803 0.0941206 0.117949 0.0640694 0.0505585 0.0855207 0.478649 0.028152
0.264406 9.9973E-05 0.193632 9.9973E-05 0.338312 9.9973E-05 0.199874 0.00347682
0.467824 9.9964E-05 0.105149 9.9964E-05 0.400955 9.9964E-05 9.9964E-05 0.0256721
0.379067 9.9964E-05 0.121509 9.9964E-05 0.466698 9.9964E-05 9.9964E-05 0.032327
0.352274 9.9982E-05 0.347926 9.9982E-05 0.237984 0.00382614 0.0439697 0.0138204
9.9964E-05 9.9964E-05 9.9964E-05 0.0574528 0.261952 9.9964E-05 0.656214 0.0239811
0.0642251 0.172404 0.0435265 0.027452 0.0857691 0.0650018 0.534584 0.00703769
9.9973E-05 9.9973E-05 0.640323 0.00327943 9.9973E-05 0.0637608 0.241537 0.0508001
9.9973E-05 9.9973E-05 0.422536 0.0659784 9.9973E-05 0.101251 0.3228 0.0871355
0.102615 0.0179589 0.376783 9.9991E-05 0.0225114 0.140963 0.292995 0.0460735
9.9991E-05 0.185377 0.0156544 0.0921453 0.323821 0.0169124 0.355849 0.0101411
0.00594768 0.148098 0.159386 0.0699699 0.106073 0.127885 0.382541 9.9991E-05
9.9964E-05 0.165141 9.9964E-05 0.0663331 0.524737 9.9964E-05 0.243389 9.9964E-05
0.00102185 0.060137 9.9982E-05 0.102905 0.185678 0.0276896 0.622369 9.9982E-05
0.00388287 0.269719 0.105601 0.0973906 0.105033 0.0522522 0.366022 9.9991E-05
9.9991E-05 0.0786944 0.0877459 0.0824617 0.170769 0.02259 0.551927 0.00571179
9.9982E-05 0.115263 9.9982E-05 0.143375 0.456807 0.0382027 0.238557 0.00759535
0.0986416 0.0169676 0.0390835 0.160787 0.072257 9.9982E-05 0.612063 9.9982E-05
0.0538203 0.0951631 0.0778184 0.0940537 0.122159 0.0263488 0.530536 9.9991E-05
9.9946E-05 9.9946E-05 0.993664 0.00573631 9.9946E-05 9.9946E-05 9.9946E-05 9.9946E-05
9.9955E-05 9.9955E-05 0.888768 9.9955E-05 9.9955E-05 0.0384471 0.0722853 9.9955E-05
0.0469442 9.9973E-05 0.573771 0.120867 9.9973E-05 0.0414695 0.216648 9.9973E-05
0.0190008 9.9964E-05 0.637928 9.9964E-05 9.9964E-05 9.9964E-05 0.33603 0.00664098
9.9964E-05 9.9964E-05 0.788675 0.0672405 9.9964E-05 0.024344 0.119341 9.9964E-05
9.994E-05 9.994E-05 0.9993 9.994E-05 9.994E-05 9.994E-05 9.994E-05 9.994E-05
0.00451028 9.9955E-05 0.950024 9.9955E-05 9.9955E-05 0.0449658 9.9955E-05 9.9955E-05
9.9955E-05 9.9955E-05 0.79511 9.9955E-05 9.9955E-05 9.9955E-05 0.199514 0.00487653
9.9946E-05 9.9946E-05 0.966608 9.9946E-05 9.9946E-05 0.0327923 9.9946E-05 9.9946E-05
9.994E-05 9.994E-05 0.9993 9.994E-05 9.994E-05 9.994E-05 9.994E-05 9.994E-05
9.9946E-05 9.9946E-05 0.960765 9.9946E-05 9.9946E-05 9.9946E-05 9.9946E-05 0.0386349
9.9964E-05 9.9964E-05 0.748923 9.9964E-05 9.9964E-05 0.0365038 0.165436 0.0487375
0.0240171 0.0141668 0.827467 0.00596432 0.00106092 0.0170468 0.0944726 0.0158046
9.9946E-05 9.9946E-05 0.987465 0.0119349 9.9946E-05 9.9946E-05 9.9946E-05 9.9946E-05
0.0130404 0.0474995 0.422248 0.018831 0.10354 0.111793 0.267238 0.0158108
0.0328696 0.0111802 0.661197 0.0403134 9.9991E-05 0.0273162 0.189405 0.0376181
0.0429073 9.9964E-05 0.755623 9.9964E-05 9.9964E-05 9.9964E-05 0.180793 0.0202771
0.0208931 9.9973E-05 0.844028 9.9973E-05 9.9973E-05 0.0379136 0.0815329 0.0153322
9.9964E-05 9.9964E-05 0.987047 9.9964E-05 0.00460966 9.9964E-05 0.00291456 0.00502889
0.0370688 9.9964E-05 0.863408 9.9964E-05 9.9964E-05 9.9964E-05 0.0967611 0.00236239
9.994E-05 9.994E-05 0.9993 9.994E-05 9.994E-05 9.994E-05 9.994E-05 9.994E-05
0.0355411 0.0741126 0.641758 0.0332867 9.9991E-05 0.0177479 0.1892 0.00825283
0.0654441 0.00108067 0.872545 0.0356349 9.9982E-05 9.9982E-05 0.00839586 0.0166999
0.284035 0.0770637 0.00879244 0.0401535 0.58415 9.9982E-05 9.9982E-05 0.00560535
0.11835 0.0428126 0.0239646 9.9991E-05 0.236536 0.125171 0.418342 0.0347232
0.19251 9.9982E-05 0.108793 0.0145703 0.211756 0.0734884 0.398683 9.9982E-05
0.128957 9.9982E-05 0.0991286 9.9982E-05 0.488046 0.0395709 0.210419 0.0336789
0.127118 0.0180231 0.152498 0.0560671 0.131057 0.0977132 0.417423 9.9991E-05
0.216117 9.9982E-05 0.0562826 0.0212868 0.39591 9.9982E-05 0.265721 0.0444825
0.192717 0.105036 0.119886 0.0609586 0.135349 9.9991E-05 0.374857 0.0110953
0.11746 9.9982E-05 0.193548 0.0930467 0.288551 0.0208203 0.286375 9.9982E-05
0.0326003 0.0199883 0.0972038 0.0563936 0.203154 0.0142515 0.459296 0.117112
0.0796239 9.9973E-05 0.119519 9.9973E-05 0.338655 9.9973E-05 0.424114 0.037788
0.158715 0.0261752 0.0916894 0.0328377 0.146889 0.02713 0.467982 0.0485809
0.813817 0.0111065 0.00356552 0.03209 0.0767797 0.0232259 0.0393156 9.9991E-05
0.817655 0.0397312 0.0370368 9.9964E-05 9.9964E-05 9.9964E-05 9.9964E-05 0.105177
0.886797 9.9964E-05 9.9964E-05 9.9964E-05 0.0575014 0.0189283 9.9964E-05 0.0363732
0.90593 9.9964E-05 9.9964E-05 9.9964E-05 9.9964E-05 0.0440468 0.0160686 0.0335547
0.755364 9.9973E-05 0.0316168 9.9973E-05 0.0185402 0.0723592 9.9973E-05 0.12182
0.810057 0.0385799 0.0803703 9.9964E-05 9.9964E-05 9.9964E-05 9.9964E-05 0.0705931
0.82134 9.9955E-05 0.106188 9.9955E-05 9.9955E-05 9.9955E-05 9.9955E-05 0.0719729
0.840095 0.0301948 9.9973E-05 9.9973E-05 0.0617303 9.9973E-05 0.0140955 0.0535846
0.925911 9.9964E-05 9.9964E-05 0.0130484 9.9964E-05 9.9964E-05 0.053159 0.00748176
0.813492 9.9964E-05 0.0989627 9.9964E-05 0.0669735 9.9964E-05 9.9964E-05 0.0201723
0.548373 0.0423072 9.9982E-05 0.0830137 0.000529592 0.262713 9.9982E-05 0.0628632
0.558077 0.0331216 9.9982E-05 0.0222382 9.9982E-05 0.32438 0.0132228 0.0487599
0.479926 0.0806265 9.9982E-05 0.0308585 0.0908117 0.276112 9.9982E-05 0.0414656
0.497675 9.9973E-05 9.9973E-05 0.17172 0.0185176 0.300666 9.9973E-05 0.0111212
0.0242772 0.0258605 9.9982E-05 0.270761 9.9982E-05 0.187911 0.447384 0.0436063
0.0229951 0.092267 0.000774873 0.300597 9.9982E-05 0.0830078 0.500158 9.9982E-05
0.082144 0.00491853 9.9982E-05 0.179689 0.0309834 0.110918 0.591148 9.9982E-05
0.0521047 9.9973E-05 9.9973E-05 0.254135 9.9973E-05 0.235713 0.456633 0.00111379
9.9991E-05 0.0619964 0.0152271 0.151918 0.00474856 0.562721 0.19368 0.00960925
0.0332041 0.0784283 0.0891909 0.313842 9.9982E-05 9.9982E-05 0.473251 0.0118838
0.000165031 0.0784602 9.9973E-05 0.280688 9.9973E-05 0.093451 0.546936 9.9973E-05
9.9991E-05 0.0478995 0.0205877 0.29296 0.100955 0.0820901 0.436572 0.0188358
9.9964E-05 9.9964E-05 0.043422 0.516977 0.0688698 9.9964E-05 0.370331 9.9964E-05
0.0196745 0.0623921 0.0688691 0.156005 9.9991E-05 0.0770504 0.601919 0.01399
9.9964E-05 0.086789 9.9964E-05 0.317571 9.9964E-05 0.17514 0.4201 9.9964E-05
9.9973E-05 0.198642 9.9973E-05 0.757851 0.0191743 0.00673475 9.9973E-05 0.017298
0.0382515 0.070393 0.0111752 0.0396133 0.0202482 0.191442 0.628776 9.9991E-05
9.9982E-05 0.055526 9.9982E-05 0.45331 0.149721 0.0375127 0.296383 0.007347
9.9973E-05 0.000438883 9.9973E-05 0.327717 0.0791692 0.0290494 0.563325 9.9973E-05
0.0371969 9.9964E-05 9.9964E-05 0.66191 9.9964E-05 0.183543 0.11695 9.9964E-05
0.0814824 9.9964E-05 9.9964E-05 9.9964E-05 0.198784 0.667919 0.0514155 9.9964E-05
0.0782686 9.9964E-05 9.9964E-05 9.9964E-05 0.177213 0.727024 0.0170948 9.9964E-05
0.00701825 0.0168244 9.9964E-05 9.9964E-05 0.170696 0.805061 9.9964E-05 9.9964E-05
0.0971248 0.0364073 9.9964E-05 9.9964E-05 0.055021 0.811047 9.9964E-05 9.9964E-05
9.9964E-05 0.0318605 9.9964E-05 9.9964E-05 0.105509 0.780297 0.0819334 9.9964E-05
0.059669 9.9973E-05 0.0311037 9.9973E-05 0.115961 0.707426 0.0855398 9.9973E-05
0.810352 9.9964E-05 0.0243712 9.9964E-05 9.9964E-05 9.9964E-05 0.0929761 0.0719012
0.830318 9.9973E-05 0.0141833 9.9973E-05 9.9973E-05 0.0587663 0.0686943 0.0277382
0.756626 9.9964E-05 0.0507936 9.9964E-05 9.9964E-05 9.9964E-05 0.145892 0.0462884
0.709214 9.9973E-05 0.120561 9.9973E-05 9.9973E-05 0.0755436 0.0471727 0.0472081
0.736349 9.9973E-05 0.122004 9.9973E-05 9.9973E-05 0.0456557 0.0525289 0.0431631
0.32817 9.9973E-05 9.9973E-05 0.0369508 0.111849 0.489421 9.9973E-05 0.0333092
0.422022 0.0694251 9.9973E-05 0.0321482 0.0908731 0.385231 9.9973E-05 9.9973E-05
0.404967 0.0664614 9.9973E-05 0.0579905 9.9973E-05 0.439663 9.9973E-05 0.0306188
9.994E-05 9.994E-05 9.994E-05 9.994E-05 9.994E-05 9.994E-05 9.994E-05 0.9993
0.368552 9.9964E-05 9.9964E-05 0.120182 9.9964E-05 0.486846 9.9964E-05 0.0240201
0.175574 0.0112615 0.362976 9.9973E-05 0.166064 9.9973E-05 0.283825 9.9973E-05
0.157946 9.9991E-05 0.142603 0.0098028 0.0263919 0.0592836 0.599829 0.00404331
0.178664 9.9964E-05 0.273016 9.9964E-05 9.9964E-05 9.9964E-05 0.523761 0.0241583
0.271755 0.00333104 0.201503 0.0451344 0.109331 0.00532399 0.363522 9.9991E-05
0.0425341 0.0103625 0.197108 0.121015 0.117897 0.0395526 0.380865 0.0906666
0.415499 9.9955E-05 0.297814 9.9955E-05 0.286187 9.9955E-05 9.9955E-05 9.9955E-05
9.9973E-05 0.0446147 9.9973E-05 0.0566713 0.0401226 0.325393 0.532898 9.9973E-05
9.9973E-05 0.195703 9.9973E-05 0.0487601 0.119859 0.27446 0.360918 9.9973E-05
0.0221188 0.119671 9.9982E-05 9.9982E-05 0.0249274 0.435506 0.326339 0.0712377
9.9973E-05 0.26442 9.9973E-05 0.0878034 0.0278182 0.137915 0.481744 9.9973E-05
9.9964E-05 0.344008 9.9964E-05 0.187343 0.309053 0.159196 9.9964E-05 9.9964E-05
0.0689177 0.0609152 0.106561 0.00320181 0.133891 0.160403 0.439765 0.0263456
0.0406884 0.251082 9.9973E-05 0.0509484 9.9973E-05 0.158838 0.498144 9.9973E-05
9.9982E-05 0.0956799 9.9982E-05 0.126697 0.0177532 0.382798 0.340307 0.0365648
0.119971 9.9982E-05 0.0436159 0.0547373 0.0754943 0.182466 0.523516 9.9982E-05
9.9982E-05 0.172605 9.9982E-05 0.194948 0.236049 0.264883 0.129565 0.00174982
0.0141327 0.167722 0.0620524 0.0897466 0.195188 0.0890883 0.38197 9.9991E-05
9.9991E-05 0.0610078 0.0303953 0.0307416 0.0216275 0.279902 0.536662 0.0395637
0.142261 0.027762 0.188094 0.147312 0.0478654 0.0711329 0.375474 9.9991E-05
9.9973E-05 0.196327 9.9973E-05 0.043591 0.090296 0.237575 0.431912 9.9973E-05
0.00893855 0.090941 0.0310457 0.128811 0.00262345 0.292672 0.440483 0.00448527
0.0221011 0.204496 0.0375919 0.035329 0.0463328 0.0996719 0.554377 9.9991E-05
0.0474699 0.0897922 9.9991E-05 0.105402 0.0746202 0.126937 0.545918 0.00976077
0.0197866 0.0375396 0.0562676 0.0373084 0.0902124 0.106272 0.635085 0.017528
0.0384451 0.0497463 0.0488595 0.204727 0.0430136 0.088275 0.526834 9.9991E-05
0.0849352 9.9991E-05 0.0500552 0.126939 0.0445428 0.165543 0.51163 0.0162552
0.766542 9.9964E-05 0.116414 0.0358315 9.9964E-05 9.9964E-05 0.0808133 9.9964E-05
0.848765 0.0546398 0.0157465 0.00962659 9.9982E-05 9.9982E-05 0.0608707 0.0101511
0.808741 0.00696871 9.9982E-05 0.0231256 0.0729158 0.0398414 0.0482077 9.9982E-05
0.808684 0.0737696 0.00728408 0.0971264 9.9973E-05 9.9973E-05 9.9973E-05 0.0128355
0.789896 0.0218475 9.9964E-05 9.9964E-05 9.9964E-05 9.9964E-05 0.128215 0.0596422
9.9982E-05 0.0509682 0.0350929 0.064902 0.0787711 0.556446 0.21362 9.9982E-05
0.0504829 0.119703 0.125595 0.0698815 0.0276027 0.151459 0.428666 0.0266099
0.181999 0.082313 0.142342 0.0552486 0.0764172 9.9982E-05 0.46148 9.9982E-05
9.9982E-05 0.0301723 9.9982E-05 0.0388071 0.0451755 0.0854845 0.740669 0.0594919
0.0937961 0.120777 9.9982E-05 0.0909511 9.9982E-05 0.214747 0.478269 0.00126029
9.9964E-05 0.201577 9.9964E-05 9.9964E-05 0.12322 0.343775 0.331029 9.9964E-05
0.0834416 9.9982E-05 9.9982E-05 0.127855 0.191998 0.526473 0.014247 0.055785
0.00135464 0.127283 0.0567281 0.0176845 0.0536924 0.233847 0.5032 0.0062095
0.0582814 0.163197 9.9982E-05 9.9982E-05 0.0319306 0.51765 0.213605 0.0151353
0.0108854 0.0546546 0.024428 0.107512 0.192664 0.175893 0.433863 9.9991E-05
0.139365 0.0967264 0.00095737 0.167849 0.00961192 0.409471 0.138359 0.0376597
0.115909 9.9982E-05 0.0458236 0.0293277 9.9982E-05 0.217612 0.540563 0.0505651
0.0338212 0.0259828 9.9991E-05 0.133785 0.0755262 0.464665 0.233229 0.0328914
9.9991E-05 0.0800862 0.0675768 0.0994312 0.16312 0.282204 0.301655 0.00582559
0.0476411 0.110498 0.0482563 0.17421 0.167134 0.0172556 0.4324 0.00260405
9.9973E-05 0.137545 9.9973E-05 0.0336212 0.397805 0.151406 0.279323 9.9973E-05
0.0263049 9.9973E-05 9.9973E-05 0.0512125 0.207891 0.140909 0.573383 9.9973E-05
0.0124467 0.0377064 9.9991E-05 0.0433361 0.231938 0.00326423 0.581217 0.0899916
9.9973E-05 0.0651018 9.9973E-05 0.0853839 0.351532 0.148285 0.349397 9.9973E-05
0.0177377 0.0323061 0.0525982 0.148916 0.0663563 0.109237 0.500111 0.0727382
9.9973E-05 0.0679384 9.9973E-05 0.103884 0.240355 9.9973E-05 0.551016 0.0365069
9.9973E-05 0.112515 9.9973E-05 0.181059 0.457405 0.119399 0.129321 9.9973E-05
9.9964E-05 0.0778081 9.9964E-05 0.111791 0.534161 9.9964E-05 0.27584 9.9964E-05
9.9973E-05 0.163967 9.9973E-05 9.9973E-05 0.257806 0.0606638 0.516453 0.000810492
9.9973E-05 0.144615 9.9973E-05 0.14968 0.40217 0.123912 0.179322 9.9973E-05
9.9964E-05 9.9964E-05 9.9964E-05 0.154787 0.314262 0.0460531 0.484498 9.9964E-05
9.9973E-05 9.9973E-05 0.0823542 0.272415 9.9973E-05 0.615267 0.00372148 0.0259424
9.9964E-05 0.231016 9.9964E-05 0.149858 9.9964E-05 0.342957 0.275769 9.9964E-05
9.9982E-05 0.0831769 0.115322 0.127019 9.9982E-05 0.354324 0.308811 0.0111476
0.0216938 0.0521836 0.00187805 0.0939616 9.9991E-05 0.133371 0.66776 0.0290519
9.9982E-05 0.0620061 0.0369417 0.201426 0.0111854 0.455441 0.2328 9.9982E-05
9.9982E-05 0.179741 0.154401 9.9982E-05 0.0436565 0.181269 0.387789 0.0529436
0.0544113 0.0491336 0.0461099 9.9982E-05 9.9982E-05 0.258524 0.55528 0.0363416
0.0491903 9.9973E-05 0.0808271 0.142225 9.9973E-05 0.237627 0.48983 9.9973E-05
0.000762441 0.0566633 0.0993808 0.0193299 0.0422498 0.243608 0.500205 0.0378012
0.039038 0.0381648 0.0368971 0.166867 0.0142887 0.291005 0.406533 0.00720659
9.9973E-05 9.9973E-05 0.0673376 0.184864 9.9973E-05 0.519409 0.213646 0.0144428
0.0129359 0.0155569 0.0895268 0.0948011 9.9982E-05 0.446741 0.340239 9.9982E-05
9.9982E-05 0.0495558 0.0147251 9.9982E-05 0.0842556 0.182216 0.664484 0.00456355
0.00895389 0.0336298 9.9991E-05 0.149789 0.0269116 0.139455 0.591942 0.04922
0.0302553 0.0792593 9.9991E-05 0.0511421 0.0820332 0.280714 0.447898 0.0285978
9.9982E-05 0.114744 0.120888 0.0797395 9.9982E-05 0.193397 0.477679 0.0133527
0.0655973 9.9973E-05 9.9973E-05 9.9973E-05 0.0616447 0.403474 0.455616 0.0133677
0.050783 0.062086 0.0237461 9.9973E-05 9.9973E-05 0.247855 0.61523 9.9973E-05
0.0409555 0.0512313 0.129963 0.0391547 9.9982E-05 0.257555 0.48094 9.9982E-05
0.000382566 0.082537 0.137212 0.019007 0.119156 0.126815 0.443753 0.0711371
0.332789 9.9991E-05 0.143873 0.0197003 0.0549843 0.046132 0.371227 0.0311947
0.100517 0.044597 0.185255 0.0663018 0.0387011 0.00990078 0.505368 0.049359
0.121077 0.0721976 0.150211 0.00803832 0.0464714 0.0267231 0.488313 0.0869687
0.0532132 0.0391409 0.190919 9.9991E-05 0.0350677 0.0801797 0.594595 0.00678459
0.130472 0.115377 0.240031 0.0276576 9.9991E-05 0.00732587 0.425051 0.0539856
9.9982E-05 0.141398 9.9982E-05 0.113819 0.105817 0.164141 0.468037 0.00658697
0.0905125 0.131613 0.122195 0.0493248 0.0170688 0.0301836 0.543486 0.0156164
0.210295 0.0474006 0.154774 0.189775 0.369072 9.9982E-05 0.0284838 9.9982E-05
0.110191 0.0670441 0.226061 0.0157038 0.0661609 0.0744309 0.440309 9.9991E-05
0.141214 0.0606693 0.123813 0.0793142 9.9991E-05 0.0255579 0.539954 0.0293775
0.0141565 9.9982E-05 0.237917 0.0368934 0.0946103 0.106295 0.509928 9.9982E-05
0.155302 0.101625 0.14273 0.108131 0.140631 9.9991E-05 0.311365 0.0401153
0.201904 9.9973E-05 0.110675 9.9973E-05 0.0968101 0.0154187 0.574893 9.9973E-05
0.053066 0.0955811 0.1467 9.9991E-05 0.123069 0.0376801 0.493472 0.0503324
0.433793 9.9973E-05 0.160866 0.00234288 0.368297 9.9973E-05 9.9973E-05 0.0344012
0.112974 0.0455751 0.184187 0.018119 0.0615366 0.0526612 0.428363 0.0965842
0.128333 0.00708252 0.247055 9.9982E-05 0.0741254 9.9982E-05 0.497298 0.0459074
0.102854 0.133111 0.0839943 9.9982E-05 0.0644934 0.0815853 0.533762 9.9982E-05
0.189696 0.000591855 0.125419 0.00499951 0.102057 9.9982E-05 0.577037 9.9982E-05
0.136641 0.0738402 0.200429 9.9991E-05 0.0124747 0.116282 0.450867 0.00936654
0.042582 0.412037 0.0985034 0.00359798 9.9991E-05 0.0558732 0.362814 0.024492
0.0189752 0.189078 0.112015 0.0199209 0.0344775 0.151871 0.432025 0.0416372
9.9955E-05 0.820685 9.9955E-05 0.114621 9.9955E-05 0.0641935 9.9955E-05 9.9955E-05
9.9955E-05 0.938146 9.9955E-05 0.0252939 9.9955E-05 0.0360606 9.9955E-05 9.9955E-05
9.9982E-05 0.270379 0.112264 0.0842459 9.9982E-05 0.0920294 0.410652 0.0302302
0.0941189 0.0493405 0.285183 9.9982E-05 0.100929 0.0305722 0.439656 9.9982E-05
0.0672783 0.222178 0.358553 0.0277019 0.0559202 9.9982E-05 0.268169 9.9982E-05
0.183026 0.159598 0.265568 9.9982E-05 0.243682 9.9982E-05 0.130591 0.017335
0.178371 0.199535 0.294676 0.00743754 9.9982E-05 9.9982E-05 0.312365 0.00741609
0.063598 0.648637 0.0816773 9.9964E-05 0.205687 9.9964E-05 9.9964E-05 9.9964E-05
0.0881009 0.643702 0.107625 9.9973E-05 9.9973E-05 9.9973E-05 0.117588 0.0426843
9.9964E-05 0.405276 0.175971 9.9964E-05 9.9964E-05 9.9964E-05 0.40534 0.0130129
0.0284336 0.512157 0.0793401 9.9973E-05 9.9973E-05 9.9973E-05 0.37611 0.00366015
0.0254717 0.673893 0.0938927 9.9973E-05 9.9973E-05 9.9973E-05 0.106907 0.099535
0.0859125 0.288688 0.0890086 0.0538039 9.9982E-05 9.9982E-05 0.47304 0.00934674
0.0599754 0.30556 0.0966772 9.9991E-05 0.0149623 0.0159364 0.505835 0.000953032
0.0796919 0.305763 0.138268 0.0534466 9.9991E-05 0.0168046 0.402389 0.003538
9.9973E-05 0.629966 9.9973E-05 9.9973E-05 0.0327469 0.0619768 0.26996 0.0050497
9.9982E-05 0.47103 0.0266253 0.10567 9.9982E-05 0.0876884 0.240482 0.068305
0.0463531 0.315886 9.9973E-05 9.9973E-05 0.047156 0.000284496 0.590021 9.9973E-05
9.9991E-05 0.423486 0.0461693 0.0162405 0.0277185 0.138649 0.317496 0.0301405
0.0511159 0.183638 0.0757097 0.03299 0.0298708 0.165691 0.460885 9.9991E-05
9.9973E-05 0.440174 9.9973E-05 9.9973E-05 0.0424272 0.0308732 0.479168 0.00705843
9.9964E-05 0.753376 9.9964E-05 9.9964E-05 0.0330357 0.018661 0.194528 9.9964E-05
0.0248239 0.352801 0.0345534 0.00297851 9.9973E-05 9.9973E-05 0.584543 9.9973E-05
0.0799618 0.231666 0.050782 0.0795823 0.0577746 9.9982E-05 0.500033 9.9982E-05
9.9955E-05 0.834355 0.0366351 9.9955E-05 9.9955E-05 9.9955E-05 0.12851 9.9955E-05
0.0221406 0.484095 0.00228368 9.9982E-05 0.089079 9.9982E-05 0.382622 0.0195802
9.9973E-05 0.335865 9.9973E-05 0.00947356 9.9973E-05 0.0625931 0.471122 0.120647
0.0137846 0.332556 0.0147432 0.141383 0.0250532 9.9982E-05 0.47228 9.9982E-05
0.136321 0.0579147 0.138788 0.0788473 0.0846726 9.9991E-05 0.450116 0.0532395
0.114001 0.195153 0.13773 0.0911618 9.9991E-05 0.0309581 0.381331 0.049566
0.119954 0.125815 0.216844 0.0186888 0.139363 0.0359322 0.320557 0.0228453
0.135248 0.0414193 0.150381 9.9991E-05 0.113641 0.109181 0.399711 0.0503189
0.089811 0.0351492 0.252308 0.0424312 0.0851971 0.144962 0.343802 0.00633995
0.100355 0.160101 0.211981 0.0428925 9.9982E-05 9.9982E-05 0.39956 0.08491
0.160267 0.579127 0.0883157 9.9982E-05 0.140574 0.00195016 9.9982E-05 0.0295664
0.00846868 0.123326 0.207407 9.9991E-05 0.00468988 0.0373572 0.579691 0.0389608
0.302383 0.345058 0.117598 9.9973E-05 0.21827 9.9973E-05 9.9973E-05 0.0163905
0.0432852 0.28186 0.141945 9.9964E-05 9.9964E-05 9.9964E-05 0.53251 9.9964E-05
9.9964E-05 0.796236 9.9964E-05 0.159507 0.0116089 9.9964E-05 0.032248 9.9964E-05
9.9964E-05 0.936582 9.9964E-05 0.0435426 0.0155401 9.9964E-05 9.9964E-05 0.00393526
9.9964E-05 0.425066 9.9964E-05 0.106113 9.9964E-05 9.9964E-05 0.453549 0.0148713
0.013951 0.356194 9.9964E-05 9.9964E-05 9.9964E-05 9.9964E-05 0.599745 0.0297102
9.9946E-05 0.569978 9.9946E-05 9.9946E-05 9.9946E-05 9.9946E-05 0.429422 9.9946E-05
0.000145087 0.442522 0.0546388 0.0286977 9.9973E-05 9.9973E-05 0.473697 9.9973E-05
9.9946E-05 0.503672 9.9946E-05 9.9946E-05 9.9946E-05 9.9946E-05 0.495728 9.9946E-05
0.739746 0.0721771 0.0647124 0.0366057 9.9982E-05 0.0117655 9.9982E-05 0.0747936
0.660512 0.0747926 0.0823823 9.9973E-05 9.9973E-05 0.118065 9.9973E-05 0.0639489
0.829782 9.9973E-05 0.0722445 9.9973E-05 9.9973E-05 0.0418067 0.0127307 0.0431357
0.801179 0.0316058 9.9964E-05 9.9964E-05 9.9964E-05 9.9964E-05 0.000472053 0.166343
0.0375208 0.090658 9.9982E-05 0.23956 9.9982E-05 0.0753835 0.534713 0.0219646
0.0345681 9.9982E-05 0.00919205 0.432946 9.9982E-05 0.00187723 0.481786 0.0394305
9.9964E-05 0.0372226 9.9964E-05 0.425514 9.9964E-05 9.9964E-05 0.47702 0.0598434
0.0222872 9.9982E-05 9.9982E-05 0.202383 0.040228 0.0397266 0.639163 0.0560128
0.0657882 9.9982E-05 0.081055 0.177796 0.116602 0.0748944 0.483665 9.9982E-05
0.0110679 9.9982E-05 9.9982E-05 0.546851 0.0765727 0.132359 0.231788 0.00116206
0.0314852 0.0335612 0.00974235 0.366114 9.9982E-05 0.0119756 0.546921 9.9982E-05
9.9964E-05 9.9964E-05 9.9964E-05 0.407755 0.202276 9.9964E-05 0.368905 0.0206649
0.212509 0.00294562 0.190527 9.9991E-05 0.0394359 0.0828325 0.444762 0.0268873
9.9982E-05 0.0590383 0.0476324 0.456315 0.0484051 0.0234346 0.364975 9.9982E-05
0.000635897 9.9982E-05 9.9982E-05 0.541272 0.018475 0.0445042 0.351769 0.0431441
9.9964E-05 0.152861 0.00096765 0.241276 9.9964E-05 9.9964E-05 0.604495 9.9964E-05
0.0165052 0.110033 9.9982E-05 0.444445 9.9982E-05 0.0220313 0.383325 0.0234609
9.9964E-05 0.119221 0.0431373 0.317032 9.9964E-05 9.9964E-05 0.52021 9.9964E-05
0.0880773 0.0253963 9.9973E-05 0.335928 0.0103367 9.9973E-05 0.539962 9.9973E-05
9.9955E-05 9.9955E-05 9.9955E-05 0.959616 0.00719174 9.9955E-05 0.0326922 9.9955E-05
0.0646539 0.0912687 9.9973E-05 0.531395 0.0578745 9.9973E-05 0.254508 9.9973E-05
9.9964E-05 9.9964E-05 9.9964E-05 0.539799 9.9964E-05 0.0617169 0.362277 0.0358078
9.9955E-05 0.0336263 9.9955E-05 0.811186 0.154687 9.9955E-05 9.9955E-05 9.9955E-05
0.0721776 0.00935088 9.9991E-05 0.340818 0.00126355 0.0849847 0.489947 0.00135819
9.9964E-05 0.0593501 9.9964E-05 0.593966 0.26823 9.9964E-05 0.0780543 9.9964E-05
9.9955E-05 0.092762 9.9955E-05 0.72325 0.183489 9.9955E-05 9.9955E-05 9.9955E-05
0.0310023 9.9973E-05 0.0445536 0.361821 9.9973E-05 9.9973E-05 0.556086 0.00623742
0.0618066 0.0166491 9.9973E-05 0.597588 9.9973E-05 0.0900797 0.233577 9.9973E-05
9.9982E-05 9.9982E-05 0.104537 0.384153 0.0147696 0.114957 0.351439 0.029944
0.0994054 0.0457032 0.0629327 0.234753 9.9982E-05 9.9982E-05 0.550513 0.00649267
0.0263915 9.9973E-05 0.0175661 0.429857 9.9973E-05 0.0577342 0.468152 9.9973E-05
9.9991E-05 0.0861112 0.0470347 0.0793717 0.0567125 0.295065 0.394179 0.0414257
9.9973E-05 0.0447623 9.9973E-05 0.316699 9.9973E-05 0.073414 0.52914 0.0356848
0.0345844 9.9991E-05 0.0113879 0.321216 0.0125512 0.109827 0.481174 0.0291602
9.9955E-05 9.9955E-05 9.9955E-05 0.691162 9.9955E-05 9.9955E-05 0.293278 0.0150599
0.0808218 0.073621 0.0406088 0.200282 9.9991E-05 0.0220026 0.520124 0.0624399
0.597113 9.9973E-05 9.9973E-05 0.0692962 0.0233361 0.248915 9.9973E-05 0.0610398
0.703123 0.0249978 0.000147526 0.0704575 0.0311969 0.0587055 0.0439637 0.0674077
0.700345 9.9964E-05 9.9964E-05 9.9964E-05 0.0843169 0.11321 9.9964E-05 0.101729
0.715098 0.0152374 9.9973E-05 9.9973E-05 0.0226961 0.149431 9.9973E-05 0.0972378
0.658571 9.9973E-05 9.9973E-05 0.00255962 0.0595684 0.214296 9.9973E-05 0.0647049
0.0739307 9.9964E-05 9.9964E-05 0.704052 9.9964E-05 0.0805224 0.141095 9.9964E-05
0.0527114 9.9973E-05 9.9973E-05 0.692942 9.9973E-05 0.0881354 0.12233 0.0435808
9.9973E-05 0.0444869 0.0384137 0.794345 0.0401766 9.9973E-05 0.0822781 9.9973E-05
0.0281157 0.030286 0.0616533 0.171115 0.107426 0.0587489 0.542555 9.9991E-05
0.142991 0.048076 0.0718002 0.234542 0.0204533 9.9991E-05 0.481762 0.000275255
0.0217042 9.9982E-05 0.0355241 0.56636 0.138311 9.9982E-05 0.233326 0.00457498
0.0452132 0.0181454 0.105743 0.268271 0.0163955 9.9982E-05 0.546033 9.9982E-05
0.0827772 0.0132749 0.0620235 0.483766 0.0295546 9.9982E-05 0.328404 9.9982E-05
0.0564379 9.9991E-05 0.0594847 0.281188 0.0381751 0.0515172 0.483266 0.0298316
9.9991E-05 0.00558381 0.0328535 0.256094 0.0174624 0.0727141 0.608324 0.00686815
9.9964E-05 9.9964E-05 0.0395922 0.545736 9.9964E-05 0.181678 0.232593 9.9964E-05
9.9964E-05 9.9964E-05 9.9964E-05 0.564529 9.9964E-05 0.0351309 0.358132 0.0418084
9.9964E-05 9.9964E-05 9.9964E-05 0.512182 9.9964E-05 0.11436 0.356138 0.0169208
0.112555 0.0112495 9.9973E-05 9.9973E-05 0.155769 0.0561255 0.664 9.9973E-05
0.00659357 9.9973E-05 9.9973E-05 0.487518 9.9973E-05 0.0541238 0.436664 0.0148011
0.0340384 0.0144349 0.0216934 0.351498 0.0558082 9.9991E-05 0.520484 0.00194284
0.0350148 9.9973E-05 0.42999 9.9973E-05 0.0278708 0.069324 0.4375 9.9973E-05
0.125152 9.9973E-05 0.490212 9.9973E-05 0.00870925 0.0428772 0.332749 9.9973E-05
0.0557711 9.9973E-05 0.458443 9.9973E-05 0.0831448 9.9973E-05 0.398367 0.00397372
0.136066 9.9982E-05 0.481853 0.0103138 0.114014 9.9982E-05 0.244738 0.0128159
0.115026 9.9973E-05 0.415151 9.9973E-05 9.9973E-05 0.004251 0.442184 0.0230881
0.0133499 9.9973E-05 0.0495723 0.345187 0.105289 9.9973E-05 0.486302 9.9973E-05
0.250068 0.0134432 0.672227 0.0142458 0.0282878 9.9991E-05 0.00511185 0.0165161
0.152693 0.0383893 0.472964 0.0237774 9.9991E-05 0.019556 0.261837 0.0306834
0.12291 9.9982E-05 0.0354964 0.0200434 0.243455 9.9982E-05 0.539492 0.038403
0.0642174 9.9973E-05 9.9973E-05 9.9973E-05 0.282307 0.00981089 0.609932 0.0334324
0.0374858 0.0122583 0.00268927 0.00961515 0.307985 0.147023 0.442357 0.0405867
0.05762 0.0402854 0.0151085 0.0352783 0.218755 9.9991E-05 0.61556 0.0172928
0.0763444 0.0183234 9.9982E-05 0.0444165 0.12611 0.0970537 0.637552 9.9982E-05
0.148047 9.9973E-05 0.420359 9.9973E-05 0.0257193 9.9973E-05 0.365605 0.0399701
0.0975473 0.0275518 0.408544 0.108999 9.9991E-05 0.0398483 0.303694 0.0137152
0.0344413 9.9973E-05 0.477427 9.9973E-05 0.0175849 9.9973E-05 0.449577 0.0206699
0.0845685 0.0161125 0.360829 0.0528752 0.0185436 0.0307795 0.361142 0.075149
0.091501 0.0121558 0.523265 0.0485564 0.0371219 9.9991E-05 0.243002 0.0442974
0.158717 0.018918 0.299871 0.0990506 9.9991E-05 0.0337196 0.371482 0.0181424
0.0533325 0.0100172 0.591405 9.9982E-05 0.101073 9.9982E-05 0.219957 0.0240145
0.0324684 0.103876 0.483418 0.0054857 9.9991E-05 0.14036 0.208314 0.0259778
9.9964E-05 9.9964E-05 9.9964E-05 0.0506895 0.325703 9.9964E-05 0.579509 0.0436992
0.0558558 9.9982E-05 0.344053 0.0938672 9.9982E-05 0.0833974 0.308492 0.114135
0.1863 9.9973E-05 0.582635 9.9973E-05 0.0121181 9.9973E-05 0.174005 0.0446427
0.116195 9.9991E-05 0.399179 0.0308095 0.0191222 0.100659 0.286252 0.0476828
0.0471333 9.9991E-05 0.000975086 0.131735 0.321657 0.208288 0.248755 0.0413568
9.9973E-05 9.9973E-05 0.0744011 9.9973E-05 0.254273 0.030567 0.565838 0.0746202
0.202911 9.9973E-05 0.293902 9.9973E-05 0.0334735 0.00596984 0.463444 9.9973E-05
0.0691263 9.9973E-05 9.9973E-05 9.9973E-05 0.155246 0.0948624 0.668411 0.0120542
0.122002 9.9982E-05 9.9982E-05 0.000785949 0.219196 0.061471 0.564821 0.0315233
0.133665 0.0615243 0.242666 0.0768047 0.0907331 0.0344643 0.312684 0.0474586
0.188088 0.0701908 0.269209 0.00327419 0.10743 0.0619327 0.275404 0.0244718
0.0397044 0.15129 0.0710764 9.9991E-05 0.0663414 0.0649564 0.563341 0.0431905
0.0828042 9.9982E-05 0.357023 0.0310227 0.10361 9.9982E-05 0.398816 0.0265238
0.132806 0.0304039 0.438901 9.9973E-05 9.9973E-05 9.9973E-05 0.349784 0.0478057
0.187754 9.9973E-05 0.63951 9.9973E-05 0.0799604 9.9973E-05 0.0907171 0.00175879
0.0623481 0.00454447 0.0956735 9.9991E-05 0.159714 0.0477445 0.608568 0.0213079
0.0944386 9.9982E-05 9.9982E-05 0.0695318 0.250863 0.0532572 0.52586 0.00584921
9.9991E-05 0.0649545 0.00202195 0.0592216 0.605292 0.00770296 0.214552 0.0461547
0.0743371 9.9982E-05 0.0787202 0.0236066 0.0838499 0.10963 0.629657 9.9982E-05
0.0987462 0.07504 0.0194994 0.0663377 0.177078 0.134985 0.428214 9.9991E-05
0.164138 0.0113388 0.158051 0.0915972 0.140814 9.9991E-05 0.42348 0.0104816
0.093452 0.154684 0.0995562 0.108816 0.0946664 0.0669563 0.358244 0.0236264
0.252286 9.9955E-05 0.167528 9.9955E-05 0.579687 9.9955E-05 9.9955E-05 9.9955E-05
0.116063 9.9964E-05 0.0876132 9.9964E-05 0.755632 9.9964E-05 9.9964E-05 0.0402918
