0.031521 9.9964E-05 9.9964E-05 9.9964E-05 9.9964E-05 0.867598 0.0557449 0.0447364
0.0558147 0.0404833 9.9964E-05 9.9964E-05 0.0209178 0.882384 9.9964E-05 9.9964E-05
0.0424806 9.9964E-05 9.9964E-05 0.111569 9.9964E-05 0.815555 9.9964E-05 0.0299956
0.0854193 9.9973E-05 9.9973E-05 0.0726544 9.9973E-05 0.738435 0.0117357 0.0914551
0.0168934 9.9973E-05 9.9973E-05 0.00409151 0.0719175 0.848494 9.9973E-05 0.058304
0.123487 0.0693127 0.10029 0.100256 9.9982E-05 0.565501 9.9982E-05 0.0409533
0.0246707 0.0262413 0.138425 9.9982E-05 9.9982E-05 0.791315 0.00146171 0.0176863
0.0980727 9.9982E-05 0.0668715 0.0264889 0.0495821 0.742331 9.9982E-05 0.0164535
0.060044 0.0619163 0.0548829 9.99639E-05 9.99639E-05 0.822757 9.99639E-05 9.99639E-05
0.0367979 9.9982E-05 0.104653 0.128143 0.0254864 0.679982 9.9982E-05 0.0247377
0.135164 0.0292643 0.150634 0.017955 9.9973E-05 0.666682 9.9973E-05 9.9973E-05
9.9964E-05 0.0571631 9.9964E-05 0.0663136 9.9964E-05 9.9964E-05 0.83373 0.0423936
9.9964E-05 0.0628611 9.9964E-05 0.406763 9.9964E-05 9.9964E-05 0.448146 0.0818298
9.9982E-05 0.0380557 9.9982E-05 0.0760164 0.074204 0.00616972 0.72425 0.0811045
9.9973E-05 9.9973E-05 0.0253949 0.103462 9.9973E-05 0.0303611 0.703194 0.137288
9.9973E-05 9.9973E-05 0.0232466 0.289183 9.9973E-05 0.0831171 0.46062 0.143534
9.9973E-05 9.9973E-05 9.9973E-05 0.48209 0.0541215 0.045963 0.325518 0.0920083
0.0212722 0.0888003 0.0364589 0.393718 9.9982E-05 9.9982E-05 0.392808 0.0667429
9.9973E-05 0.0482294 9.9973E-05 0.138398 9.9973E-05 0.117042 0.62483 0.0712014
0.0599414 9.9964E-05 0.117067 9.9964E-05 9.9964E-05 0.00336901 0.819223 9.9964E-05
0.00367564 0.0601832 0.0888363 0.311554 0.0939811 0.0182977 0.397183 0.0262885
0.099015 0.0158729 0.166085 0.400883 0.0713332 9.9991E-05 0.208753 0.0379581
0.100484 9.9982E-05 0.0169947 0.494473 0.116881 0.0628097 0.208157 9.9982E-05
9.9982E-05 0.0313666 0.042062 0.142931 9.9982E-05 0.0142073 0.711368 0.0578651
0.0131854 9.9982E-05 0.0351207 0.627113 9.9982E-05 0.043059 0.187706 0.0936164
9.9964E-05 9.9964E-05 9.9964E-05 0.395187 9.9964E-05 0.046908 0.446388 0.111117
9.9955E-05 9.9955E-05 9.9955E-05 9.9955E-05 9.9955E-05 0.0483756 0.856554 0.0945708
9.9964E-05 9.9964E-05 0.00854396 9.9964E-05 9.9964E-05 0.00296123 0.83466 0.153435
9.9964E-05 9.9964E-05 0.0574473 0.107402 9.9964E-05 0.0270775 0.807673 9.9964E-05
9.9955E-05 9.9955E-05 9.9955E-05 0.0678865 9.9955E-05 0.83267 9.9955E-05 0.0989438
9.9955E-05 9.9955E-05 9.9955E-05 0.113277 9.9955E-05 0.80509 0.0811339 9.9955E-05
9.9964E-05 9.9964E-05 9.9964E-05 0.118639 9.9964E-05 0.801755 0.0498976 0.0293086
0.00853359 0.0466729 9.9973E-05 0.179381 9.9973E-05 0.718497 9.9973E-05 0.0466159
0.0234561 0.195237 0.0440891 0.531953 9.9991E-05 0.0564901 0.126557 0.0221169
9.9982E-05 0.310012 9.9982E-05 0.379133 0.0566541 0.105249 0.0698744 0.078878
0.00552528 0.332223 9.9982E-05 0.563641 0.0471132 0.0139904 9.9982E-05 0.0373074
0.165862 0.131171 9.9982E-05 0.0582252 0.00985935 0.0881721 0.54651 9.9982E-05
0.0161721 0.601598 0.0375321 0.28374 9.9982E-05 0.0451626 9.9982E-05 0.0155958
0.0555036 0.264328 9.9982E-05 0.478425 9.9982E-05 0.00285426 0.117534 0.0811548
0.0289785 0.245355 9.9973E-05 0.66318 9.9973E-05 0.0444515 9.9973E-05 0.0177346
0.0530563 0.123215 0.152404 0.56286 0.0144918 0.0816677 9.9991E-05 0.0122047
0.104013 0.162058 0.0253148 0.56193 9.9991E-05 0.135525 0.00875655 0.00230259
0.0221493 0.704585 0.0421208 0.135813 9.9982E-05 0.00523803 0.0898937 9.9982E-05
0.0326207 0.101806 0.145917 0.47707 0.00518004 0.0346957 0.0942502 0.10846
9.9964E-05 0.157133 9.9964E-05 0.586361 0.140362 0.115745 9.9964E-05 9.9964E-05
0.0198097 0.0685014 0.0942681 0.592829 9.9991E-05 0.0873025 0.117375 0.0198145
0.00223952 0.628975 9.9964E-05 0.33261 0.0357754 9.9964E-05 9.9964E-05 9.9964E-05
0.0394617 0.228458 9.9964E-05 0.65192 9.9964E-05 0.0797599 9.9964E-05 9.9964E-05
9.999E-05 0.132473 0.0956839 0.490242 0.0664793 0.0178008 0.0710225 0.126199
9.9964E-05 0.700703 0.260642 9.9964E-05 0.00336243 0.0348929 9.9964E-05 9.9964E-05
0.176943 0.161018 0.0470433 0.10913 0.0687113 9.9982E-05 0.436955 9.9982E-05
9.9982E-05 0.172801 0.387516 0.0564914 0.0955933 9.9982E-05 0.276963 0.010435
0.0443924 9.9982E-05 9.9982E-05 0.431341 0.149456 0.130517 0.189367 0.0547274
9.999E-05 0.0997122 0.0108153 0.486232 0.0780761 0.0902585 0.131334 0.103472
0.0746483 0.0804951 0.0327962 0.664425 0.0679607 0.0544399 9.9991E-05 0.0251345
0.175133 0.315403 0.0210288 0.104765 9.9982E-05 0.123609 0.259862 9.9982E-05
0.0937664 9.9964E-05 0.124035 0.547653 9.9964E-05 9.9964E-05 0.234146 9.9964E-05
0.050774 0.0789905 0.0676076 0.523923 0.0108039 0.0190272 0.15076 0.0981142
0.0274291 0.192225 0.0254212 0.241358 0.104731 0.101713 0.307024 9.9991E-05
0.0824351 9.9973E-05 0.199844 9.9973E-05 9.9973E-05 0.134376 0.505274 0.0777717
0.0264709 0.00161875 0.131677 0.543573 0.00177463 0.0825386 0.206341 0.00600597
0.072082 9.9991E-05 0.0354249 0.364999 0.0125854 0.0363099 0.421636 0.0568633
0.116968 0.134307 0.114437 9.9982E-05 0.0336348 0.0267544 0.5737 9.9982E-05
9.9964E-05 0.0326527 9.9964E-05 0.43828 0.0849559 9.9964E-05 0.443712 9.9964E-05
0.0469696 0.00184453 9.9973E-05 0.575388 0.229315 9.9973E-05 0.146183 9.9973E-05
0.0362638 9.9982E-05 0.0285496 0.544365 0.0998933 0.101557 0.189171 9.9982E-05
0.00312587 0.15583 0.0801861 0.199531 0.019843 0.0500277 0.456403 0.0350541
9.9982E-05 0.0895249 0.0948022 0.409022 0.0937894 9.9982E-05 0.30728 0.00538165
0.0201322 0.179028 9.9982E-05 0.472896 9.9982E-05 0.120759 0.185694 0.0212911
0.0450733 0.041643 0.101437 0.116278 0.0812215 0.0354278 0.57882 9.9991E-05
9.9964E-05 0.358589 0.000325606 0.519808 9.9964E-05 9.9964E-05 0.120878 9.9964E-05
9.9964E-05 0.668339 9.9964E-05 0.161069 9.9964E-05 0.020046 0.150146 9.9964E-05
9.9982E-05 0.146323 9.9982E-05 0.587383 0.0965347 0.0825029 0.0744375 0.0126195
9.9946E-05 0.866872 0.132528 9.9946E-05 9.9946E-05 9.9946E-05 9.9946E-05 9.9946E-05
0.0132056 0.783253 0.0861919 9.9973E-05 0.051601 9.9973E-05 0.0654485 9.9973E-05
9.9955E-05 0.743324 9.9955E-05 0.246281 9.9955E-05 9.9955E-05 9.9955E-05 0.0098954
0.0672407 0.387612 9.9964E-05 0.490652 9.9964E-05 9.9964E-05 0.0540959 9.9964E-05
0.0499229 0.142394 0.0339374 0.626215 0.0514139 0.0959163 9.9982E-05 9.9982E-05
0.0315436 0.488396 9.9982E-05 0.386137 0.0220866 9.9982E-05 0.0476801 0.0239561
0.141234 0.638287 9.9982E-05 0.0490106 9.9982E-05 0.0171492 0.0596362 0.094483
0.175153 0.514406 9.9982E-05 0.198013 9.9982E-05 0.0371213 0.0690798 0.00602808
0.0416547 0.217807 9.9982E-05 0.519209 0.0399338 0.093599 9.9982E-05 0.0875965
9.9982E-05 0.569231 9.9982E-05 0.24051 0.00714579 0.0243843 0.117909 0.0406203
0.0794139 0.40023 9.9982E-05 0.388073 9.9982E-05 0.0147181 0.0981344 0.0192305
9.9964E-05 0.558342 0.046777 0.379369 0.015112 9.9964E-05 9.9964E-05 9.9964E-05
9.9955E-05 0.71958 0.182412 9.9955E-05 0.0975081 9.9955E-05 9.9955E-05 9.9955E-05
0.042114 0.248357 9.9982E-05 0.586525 0.0248212 9.9982E-05 0.0768569 0.0211257
9.9964E-05 9.9964E-05 9.9964E-05 0.0397736 9.9964E-05 0.823193 0.103691 0.0329423
9.99461E-05 9.99461E-05 9.99461E-05 0.0750299 9.99461E-05 0.92437 9.99461E-05 9.99461E-05
0.0308321 9.9964E-05 9.9964E-05 0.0673527 9.9964E-05 0.839977 9.9964E-05 0.0614388
9.9964E-05 9.9964E-05 0.0620387 0.0201769 9.9964E-05 0.890872 9.9964E-05 0.0265121
9.9964E-05 0.00829563 9.9964E-05 0.0903823 0.0280987 0.872824 9.9964E-05 9.9964E-05
0.00236088 9.9973E-05 9.9973E-05 0.0342931 0.0682034 0.888753 9.9973E-05 0.00608985
9.9973E-05 9.9973E-05 0.00651566 0.0752197 0.00984423 0.906282 0.00183888 9.9973E-05
0.0251374 0.200782 0.0603907 0.422207 0.0196987 0.0716839 0.0785914 0.121509
0.0587892 0.108719 9.9991E-05 0.520882 0.0811701 0.116845 0.0625538 0.0509407
9.9982E-05 0.739578 0.0157379 0.00703187 0.0386321 0.0256387 0.173181 9.9982E-05
9.9982E-05 0.121003 0.0675841 0.522215 9.9982E-05 0.079443 0.186111 0.0234444
9.9973E-05 0.357411 9.9973E-05 0.411339 9.9973E-05 0.0531912 0.17523 0.00252844
9.9982E-05 0.244444 9.9982E-05 0.569363 0.0356714 0.0699637 0.0575221 0.0228356
9.9964E-05 0.283165 9.9964E-05 0.448542 0.129533 0.138361 9.9964E-05 9.9964E-05
9.9973E-05 0.380125 9.9973E-05 0.475699 0.0269896 0.0202317 9.9973E-05 0.0966548
0.0673509 0.708186 9.9964E-05 9.9964E-05 9.9964E-05 0.0297981 0.194265 9.9964E-05
0.0300935 0.13392 0.0454358 0.460622 0.0296867 0.17025 0.129891 9.9991E-05
9.9982E-05 0.168451 0.028941 0.716826 0.0335521 0.00545156 0.0465779 9.9982E-05
0.109761 0.117413 9.9991E-05 0.525142 0.00773229 0.036051 0.0943125 0.109489
9.9973E-05 0.568079 0.0999674 0.301982 0.00967752 0.0199944 9.9973E-05 9.9973E-05
9.9955E-05 0.408054 9.9955E-05 0.481875 0.109571 9.9955E-05 9.9955E-05 9.9955E-05
9.9955E-05 0.344208 9.9955E-05 0.415847 9.9955E-05 9.9955E-05 0.239445 9.9955E-05
0.00298725 0.606049 9.9973E-05 0.277308 0.00225404 9.9973E-05 9.9973E-05 0.111102
0.0858906 0.371923 9.9982E-05 0.407984 0.0132884 0.0178078 0.102906 9.9982E-05
0.0618829 0.055846 0.00486879 0.601154 0.105946 0.170102 9.9982E-05 9.9982E-05
9.9982E-05 9.9982E-05 0.0691037 0.0917376 0.229854 0.050545 0.52345 0.0351103
0.145972 0.00228853 0.111572 0.410645 9.9991E-05 0.0924714 0.234873 0.00207865
0.00366009 0.0236422 0.0110597 0.491307 0.138299 0.136639 0.134441 0.060953
0.0255401 0.0968586 9.9991E-05 0.474596 0.0613796 0.140027 0.106809 0.0946889
0.00206781 9.9964E-05 9.9964E-05 0.398587 9.9964E-05 0.124615 0.474331 9.9964E-05
0.111348 9.9973E-05 0.0192743 0.533252 0.0282008 9.9973E-05 0.307625 9.9973E-05
0.118368 9.9982E-05 0.023659 0.440073 0.0652173 0.00211879 0.350364 9.9982E-05
0.138574 0.0316759 0.00536831 0.457285 0.106947 0.110199 0.149851 9.9991E-05
0.0994673 0.03932 0.0569037 0.601245 9.9982E-05 0.0439004 0.158964 9.9982E-05
9.9982E-05 0.0583683 0.0440079 0.571281 0.0130046 0.0232438 0.289895 9.9982E-05
0.0850664 0.0325763 9.9973E-05 0.545944 0.00930909 9.9973E-05 0.326804 9.9973E-05
0.200466 0.0105667 0.0910336 0.594768 0.00645248 9.9991E-05 0.0336039 0.0630097
0.128556 0.0100891 0.0685046 0.672198 0.0911345 0.0293175 9.9982E-05 9.9982E-05
0.0239589 0.0452044 9.9982E-05 0.442387 0.0358502 9.9982E-05 0.389234 0.0631661
0.0843156 9.9991E-05 0.152272 0.633405 0.00317379 0.0624543 0.0598941 0.00438451
0.0597503 0.119761 9.9982E-05 0.349762 0.071508 9.9982E-05 0.283552 0.115466
0.0464543 9.9982E-05 0.170745 0.323845 0.0705264 0.00639986 0.381829 9.9982E-05
0.0363021 9.9955E-05 9.9955E-05 0.646857 9.9955E-05 9.9955E-05 0.316341 9.9955E-05
9.9982E-05 9.9982E-05 0.0317805 0.617269 0.144481 0.00455035 0.180533 0.0211858
0.133133 0.114655 9.9982E-05 0.126335 0.0278791 9.9982E-05 0.475688 0.12211
0.0652576 0.141424 0.193367 0.125078 0.14913 0.0115916 0.28198 0.0321713
0.145945 0.012066 0.0299713 0.514226 0.0282054 0.0176609 0.251825 9.9991E-05
0.160015 0.0445481 0.161234 0.0638058 0.262594 9.9991E-05 0.275068 0.0326351
0.115624 0.118427 9.9982E-05 0.173615 0.0844445 0.0641114 0.443578 9.9982E-05
0.103727 0.163931 9.9973E-05 0.330642 0.0926815 9.9973E-05 0.308718 9.9973E-05
0.18359 0.0699768 9.9982E-05 0.274456 0.0214392 0.0177594 0.432579 9.9982E-05
0.154626 0.103501 0.0182208 0.180001 9.9982E-05 9.9982E-05 0.508514 0.0349365
0.103455 0.0613028 0.0402619 0.524248 0.0380618 9.9991E-05 0.147506 0.0850636
0.112107 0.154358 0.0294154 0.460412 0.0281334 0.106947 9.9991E-05 0.108528
0.0238007 0.0540283 9.9991E-05 0.481591 0.0612504 0.0919411 0.266031 0.0212575
0.0546403 0.110649 0.279108 0.154597 0.0200127 9.9982E-05 0.380793 9.9982E-05
9.9982E-05 0.101487 0.0524248 0.531458 0.0995978 0.19552 0.0193136 9.9982E-05
0.0405069 0.14741 0.163244 0.422736 0.0246466 0.0542954 0.0469421 0.100218
0.08118 0.164086 0.43731 9.9982E-05 0.18023 0.0762362 0.0607582 9.9982E-05
9.9973E-05 0.0714935 0.101756 0.649609 0.0399398 0.136901 9.9973E-05 9.9973E-05
0.0263482 0.236302 0.173708 0.313397 0.0860841 0.0590484 0.0662296 0.0388827
0.0276016 0.052106 0.194462 0.488099 0.0726172 0.0889038 0.0395526 0.036658
0.109591 0.0534236 0.394822 0.270385 0.0623799 0.031714 0.0775852 9.9991E-05
0.118518 0.0997997 0.353281 0.191714 0.172969 0.0173069 0.0463109 9.9991E-05
0.0901977 0.125971 0.151005 0.410284 0.168661 9.9982E-05 0.0536812 9.9982E-05
0.0768286 0.0695039 0.117864 0.499239 0.0087517 0.00980965 0.108635 0.109368
0.0458364 0.0350786 0.138096 0.316294 0.0748531 0.106415 0.172604 0.110823
0.0350047 0.233622 0.380868 9.9991E-05 0.0350193 0.0242693 0.165755 0.125362
0.0755566 0.0589834 0.111475 0.558134 0.0855212 0.0704116 0.0398186 9.9991E-05
0.0215385 0.177909 0.262922 0.382501 0.0553528 9.9982E-05 0.0995762 9.9982E-05
0.0477884 0.107209 0.113191 0.438566 0.155378 9.9982E-05 0.137668 9.9982E-05
0.0921051 0.148408 0.0674365 0.563853 9.9973E-05 0.127897 9.9973E-05 9.9973E-05
9.9982E-05 0.0375101 0.270468 0.0888436 9.9982E-05 0.271359 0.0751742 0.256445
9.9955E-05 9.9955E-05 0.395672 9.9955E-05 9.9955E-05 0.478809 9.9955E-05 0.125019
9.9955E-05 9.9955E-05 0.469306 9.9955E-05 9.9955E-05 0.402847 9.9955E-05 0.127347
0.0114383 9.9973E-05 0.232135 0.0810997 9.9973E-05 0.362615 9.9973E-05 0.312412
0.0448256 0.00439545 0.257407 0.670926 0.00930763 9.9982E-05 0.0129386 9.9982E-05
0.0476452 0.151738 0.00119339 0.563526 0.127279 0.0303951 9.9991E-05 0.0781231
9.9955E-05 9.9955E-05 9.9955E-05 0.277385 9.9955E-05 9.9955E-05 0.0649374 0.657177
9.9982E-05 0.0624516 9.9982E-05 0.263336 0.024495 0.0401246 0.162722 0.446671
0.0674488 9.9982E-05 0.00228116 0.410716 0.113615 0.0498998 9.9982E-05 0.35584
0.0390686 0.149034 0.286912 0.347226 0.177459 9.9973E-05 9.9973E-05 9.9973E-05
0.168664 0.100415 0.0604471 0.427119 0.019628 0.030713 0.0529213 0.140093
9.9973E-05 0.0171722 0.493993 0.232499 0.187095 9.9973E-05 0.0689416 9.9973E-05
9.9964E-05 0.0830222 0.178554 0.608277 0.129747 9.9964E-05 9.9964E-05 9.9964E-05
0.000404096 0.00920753 0.152342 0.576151 0.179184 0.0418069 0.0408046 9.9991E-05
0.00214081 0.00353287 0.197028 0.621339 0.0650051 9.9991E-05 0.0934476 0.0174063
9.9973E-05 0.11597 0.415754 0.215375 0.118587 9.9973E-05 0.134014 9.9973E-05
0.0572444 0.121114 0.0923052 0.627338 9.9991E-05 0.0666789 0.0217299 0.0134902
0.0495797 0.0879704 0.0845491 0.49132 0.0992829 0.0566677 0.0461123 0.0845175
9.9955E-05 0.0157476 9.9955E-05 9.9955E-05 0.0229244 9.9955E-05 9.9955E-05 0.960828
0.0283384 9.9955E-05 9.9955E-05 0.0538349 9.9955E-05 9.9955E-05 9.9955E-05 0.917327
9.9964E-05 0.0438001 9.9964E-05 0.250085 9.9964E-05 9.9964E-05 0.0715069 0.634208
0.00628704 9.9964E-05 9.9964E-05 0.290191 9.9964E-05 0.0129236 9.9964E-05 0.690198
0.019519 0.00550593 0.0158482 0.1605 9.9973E-05 9.9973E-05 9.9973E-05 0.798327
9.994E-05 9.994E-05 9.994E-05 9.994E-05 9.994E-05 9.994E-05 9.994E-05 0.9993
0.0356475 9.9946E-05 9.9946E-05 9.9946E-05 9.9946E-05 9.9946E-05 9.9946E-05 0.963753
9.9946E-05 9.9946E-05 9.9946E-05 0.120414 9.9946E-05 9.9946E-05 9.9946E-05 0.878986
0.0279677 9.9946E-05 9.9946E-05 9.9946E-05 9.9946E-05 9.9946E-05 9.9946E-05 0.971433
9.994E-05 9.994E-05 9.994E-05 9.994E-05 9.994E-05 9.994E-05 9.994E-05 0.9993
9.994E-05 9.994E-05 9.994E-05 9.994E-05 9.994E-05 9.994E-05 9.994E-05 0.9993
9.9973E-05 0.00995712 9.9973E-05 0.149975 9.9973E-05 0.0093252 0.126519 0.703924
0.0652535 9.9964E-05 9.9964E-05 0.0320439 9.9964E-05 9.9964E-05 0.0374568 0.864846
9.994E-05 9.994E-05 9.994E-05 9.994E-05 9.994E-05 9.994E-05 9.994E-05 0.9993
0.0395694 0.0097182 0.0155323 0.336509 0.0613609 0.0736795 0.0981084 0.365522
0.0547281 0.0383339 9.9982E-05 0.213502 9.9982E-05 0.050894 0.0306527 0.61169
0.0212937 9.9973E-05 0.0246018 0.200164 9.9973E-05 0.0184893 9.9973E-05 0.735152
0.0267478 9.9964E-05 9.9964E-05 0.130952 9.9964E-05 0.0214954 9.9964E-05 0.820405
0.00686025 9.9946E-05 9.9946E-05 9.9946E-05 9.9946E-05 9.9946E-05 9.9946E-05 0.99254
9.9973E-05 0.000954092 9.9973E-05 0.0681576 9.9973E-05 0.0482349 0.000979493 0.881374
9.994E-05 9.994E-05 9.994E-05 9.994E-05 9.994E-05 9.994E-05 9.994E-05 0.9993
0.0166023 9.9991E-05 0.0197403 0.179092 0.103655 0.0223738 0.0112172 0.64722
0.0365311 0.00663159 9.9964E-05 9.9964E-05 0.0216885 9.9964E-05 9.9964E-05 0.934749
9.9964E-05 9.9964E-05 0.633882 9.9964E-05 0.102261 0.244212 9.9964E-05 0.0192453
0.0379579 9.9991E-05 0.229201 0.405054 0.0112462 0.10461 0.141935 0.0698956
9.9982E-05 0.144957 0.22503 0.399504 9.9982E-05 0.144727 0.0264691 0.0591122
0.0489632 9.9982E-05 0.449698 0.174638 0.0296468 0.157671 9.9982E-05 0.139182
9.9991E-05 0.0202757 0.177773 0.466073 0.0435284 0.165505 0.0826376 0.0441074
9.9982E-05 0.0936824 0.313134 0.234483 0.0476289 0.263746 9.9982E-05 0.0471259
0.11705 9.9982E-05 0.131093 0.445111 0.0878543 0.144656 9.9982E-05 0.0740357
0.00934178 0.0567701 0.366618 0.299398 0.00180579 0.0750256 9.9991E-05 0.19094
9.9991E-05 0.0173844 0.223669 0.491059 0.0154321 0.166745 0.0214506 0.0641605
9.9964E-05 9.9964E-05 0.315397 0.3764 9.9964E-05 0.143041 9.9964E-05 0.164762
9.9982E-05 9.9982E-05 0.194583 0.45694 0.0597885 0.165855 0.0876553 0.0349776
0.0636192 9.9964E-05 0.0674155 0.0520164 9.9964E-05 0.816549 9.9964E-05 9.9964E-05
0.000288927 9.9964E-05 9.9964E-05 9.9964E-05 0.0262176 0.879353 9.9964E-05 0.0937402
9.9964E-05 9.9964E-05 0.0219756 9.9964E-05 0.00254282 0.93073 0.0443518 9.9964E-05
0.0391805 9.9964E-05 9.9964E-05 0.0339654 0.000178784 0.926275 9.9964E-05 9.9964E-05
0.0229036 9.9973E-05 9.9973E-05 0.00034416 9.9973E-05 0.861813 0.0714641 0.0431753
9.9964E-05 9.9964E-05 9.9964E-05 9.9964E-05 0.0408064 0.864881 0.00661434 0.0872983
9.9955E-05 9.9955E-05 9.9955E-05 0.0234575 9.9955E-05 0.886283 9.9955E-05 0.0897597
0.0119758 9.9973E-05 0.0833575 0.0286444 0.0166166 0.859106 9.9973E-05 9.9973E-05
9.9973E-05 9.9973E-05 9.9973E-05 0.000357527 0.0212172 0.886933 0.052167 0.0390257
9.9955E-05 9.9955E-05 0.07782 9.9955E-05 9.9955E-05 0.828955 9.9955E-05 0.0927247
0.147269 0.07183 9.9973E-05 9.9973E-05 0.0664695 0.584735 0.129397 9.9973E-05
0.276138 0.0455462 0.0102911 9.9973E-05 9.9973E-05 0.56789 0.0998351 9.9973E-05
0.148864 0.0381018 0.119375 9.9982E-05 0.0264631 0.509183 0.157812 9.9982E-05
0.0964652 0.115153 9.9964E-05 9.9964E-05 9.9964E-05 0.494457 0.293526 9.9964E-05
9.9964E-05 0.184591 9.9964E-05 0.532554 9.9964E-05 0.0131951 0.269259 9.9964E-05
0.0363151 0.238081 9.9991E-05 0.450947 0.104146 0.0144147 0.104687 0.0513091
0.0171002 0.253514 9.9982E-05 0.449479 9.9982E-05 0.00112731 0.245377 0.0332018
0.134139 0.212933 0.0231265 0.32915 0.0602322 0.0210162 0.219303 9.9991E-05
0.224318 0.13726 9.9964E-05 0.126538 9.9964E-05 9.9964E-05 0.511485 9.9964E-05
0.0257189 0.238054 9.9982E-05 0.599222 0.0337261 0.0266845 9.9982E-05 0.0763941
0.010836 0.3081 0.0405319 0.508702 9.9991E-05 0.0103011 0.116669 0.00476028
0.0199776 0.228958 0.071667 0.438167 0.0618889 9.9991E-05 0.17718 0.00206094
9.9973E-05 0.519242 0.023448 0.37909 0.031219 9.9973E-05 9.9973E-05 0.0467018
0.110983 0.131876 9.9982E-05 0.54858 0.0774512 0.0991952 0.0317151 9.9982E-05
0.129911 0.350043 9.9964E-05 0.408263 9.9964E-05 9.9964E-05 0.111384 9.9964E-05
0.0291985 0.808143 0.00123686 9.9964E-05 0.161022 9.9964E-05 9.9964E-05 9.9964E-05
0.0875255 0.0613207 0.114232 0.554696 0.0169039 0.0477837 0.0853664 0.0321717
0.00616765 0.497736 0.096381 0.248039 0.123317 9.9982E-05 9.9982E-05 0.0281589
0.0164565 0.392194 9.9982E-05 0.47406 0.0654308 0.0240813 0.0275771 9.9982E-05
0.0336493 0.655458 9.9973E-05 0.078082 9.9973E-05 0.0454433 0.187067 9.9973E-05
0.821897 9.9964E-05 0.0553317 0.0668642 9.9964E-05 0.0555071 9.9964E-05 9.9964E-05
0.859677 9.9964E-05 0.0321948 0.10472 9.9964E-05 0.00300819 9.9964E-05 9.9964E-05
0.921687 9.9946E-05 9.9946E-05 9.9946E-05 0.0777136 9.9946E-05 9.9946E-05 9.9946E-05
0.946128 9.9955E-05 9.9955E-05 9.9955E-05 0.032847 0.0205249 9.9955E-05 9.9955E-05
0.839523 9.9973E-05 0.0353861 0.0510394 0.0579715 9.9973E-05 9.9973E-05 0.0157802
0.85845 9.9955E-05 9.9955E-05 0.0846379 9.9955E-05 9.9955E-05 9.9955E-05 0.0564125
9.9973E-05 0.0115631 9.9973E-05 0.0693086 0.0396823 0.866473 9.9973E-05 0.0126727
0.0299589 9.9973E-05 9.9973E-05 0.0492542 9.9973E-05 0.845023 0.0513306 0.0241333
0.0297687 9.9973E-05 9.9973E-05 0.127502 9.9973E-05 0.750376 0.0102714 0.0817816
0.00687749 9.9982E-05 9.9982E-05 0.0199075 0.00349182 0.750624 0.0992954 0.119603
0.0648749 9.9973E-05 9.9973E-05 0.0442299 9.9973E-05 0.761786 0.0266185 0.102191
0.529362 0.00638147 0.0831938 9.9973E-05 9.9973E-05 0.304649 0.0761144 9.9973E-05
0.439894 0.0551587 0.0106808 9.9973E-05 0.0793176 0.414649 9.9973E-05 9.9973E-05
0.48884 0.0788298 9.9973E-05 9.9973E-05 0.0183721 0.398861 0.0147972 9.9973E-05
9.9964E-05 9.9964E-05 9.9964E-05 0.0730963 9.9964E-05 0.785446 0.109256 0.0318011
0.53581 0.0789961 9.9973E-05 9.9973E-05 0.0623608 0.30166 0.0208733 9.9973E-05
0.0226221 0.0107136 0.171503 0.232099 9.9982E-05 0.162307 9.9982E-05 0.400556
0.0487487 9.9982E-05 0.115074 0.509303 0.0133703 0.0635648 9.9982E-05 0.249739
9.9955E-05 9.9955E-05 9.9955E-05 0.54429 9.9955E-05 0.225958 9.9955E-05 0.229252
0.0324843 0.105729 0.0704169 0.342226 9.9982E-05 0.259742 9.9982E-05 0.189202
0.053789 0.0731573 0.0457834 0.573509 9.9991E-05 0.179902 0.00772587 0.0660339
9.9955E-05 9.9955E-05 0.300106 9.9955E-05 9.9955E-05 0.392321 9.9955E-05 0.307073
0.214944 0.00605848 0.0028397 0.375993 0.164443 9.9982E-05 0.235522 9.9982E-05
0.0557955 0.0200721 0.254871 0.358805 0.0677328 9.9982E-05 0.242524 9.9982E-05
0.103726 9.9982E-05 9.9982E-05 0.139297 0.0604902 0.0691848 0.60524 0.0218619
0.0546038 0.0605404 0.0207648 0.466885 0.261199 9.9991E-05 0.102941 0.0329668
0.0562994 0.201948 0.358122 9.9973E-05 0.295915 9.9973E-05 0.0874157 9.9973E-05
0.0238432 0.021166 0.0558836 0.522197 0.143567 0.0484386 0.184805 9.9991E-05
0.018095 0.150393 0.0429304 0.391835 0.117269 0.0539445 0.225432 9.9991E-05
0.0266733 0.0541066 9.9982E-05 0.173658 0.0926996 0.0487981 0.603865 9.9982E-05
0.059437 0.0386278 0.0227222 0.473868 9.9991E-05 0.0955636 0.175872 0.13381
0.0155637 0.154704 0.237157 0.038319 0.119333 9.9982E-05 0.434724 9.9982E-05
0.0963449 9.9982E-05 0.183678 0.421964 0.155898 9.9982E-05 0.111918 0.0299976
0.149624 0.0661691 9.9982E-05 0.482275 0.0765826 9.9982E-05 0.157578 0.067571
0.0533395 0.125243 0.127321 0.362856 9.9991E-05 0.128504 0.0360125 0.166625
0.0907836 0.00961643 0.0352624 0.363714 0.214777 9.9982E-05 0.285646 9.9982E-05
0.102499 0.0881047 0.0557513 0.460955 0.0734552 0.0342796 0.184856 9.9991E-05
0.0458057 0.126862 0.00436899 0.363832 0.224555 9.9991E-05 0.171723 0.0627524
0.167791 0.0967997 0.0916246 0.502693 0.0974759 0.00645712 0.0370579 9.9991E-05
0.075458 9.9991E-05 0.0233219 0.659813 0.103038 0.0200476 0.0608356 0.0573852
0.0259961 0.226963 0.0986219 0.366602 9.9991E-05 0.0440403 0.075765 0.161912
0.072873 0.0880207 0.0543548 0.443794 9.9991E-05 0.00691662 0.22493 0.109011
9.9955E-05 9.9955E-05 9.9955E-05 0.128183 9.9955E-05 0.765149 9.9955E-05 0.106168
0.00264256 0.0469686 9.9982E-05 0.0423965 0.0443817 0.810188 9.9982E-05 0.0532223
0.0373515 0.0562211 0.0768768 0.0265345 9.9991E-05 0.75178 0.0166209 0.0345151
0.0664851 0.0806264 9.9982E-05 0.00685292 0.0222066 0.808819 9.9982E-05 0.0148097
9.9955E-05 9.9955E-05 9.9955E-05 0.150442 9.9955E-05 0.827296 0.0217624 9.9955E-05
0.03446 9.9991E-05 0.0303226 0.00694083 0.0158377 0.0206661 0.836612 0.0550611
0.0407745 0.110802 0.0573956 0.446051 0.0457128 0.044285 0.155199 0.09978
9.9973E-05 0.0714322 0.142181 0.435936 9.9973E-05 0.183505 9.9973E-05 0.166646
9.9973E-05 9.9973E-05 0.00745353 0.651776 0.0565922 9.9973E-05 0.220418 0.0634606
0.0721435 0.131632 0.00995414 0.436636 0.0243745 0.0138416 0.311318 9.9991E-05
0.124405 9.9982E-05 0.167384 0.2311 0.159703 9.9982E-05 0.256025 0.0611828
0.17246 0.075864 0.0860555 9.9973E-05 9.9973E-05 0.127451 0.537869 9.9973E-05
0.174809 0.0307707 0.0350141 0.514215 0.0174326 9.9991E-05 0.226382 0.00127578
0.233024 9.9982E-05 9.9982E-05 0.0631873 0.210425 0.0646373 0.378007 0.0505191
0.12537 0.124811 0.138665 0.46129 0.0929004 0.0353288 9.9991E-05 0.0215341
0.108734 0.0504797 0.00663686 0.0577811 0.0848347 0.16784 0.50843 0.0152628
0.0790174 0.0157006 9.9991E-05 0.456923 0.0654803 0.0568845 0.246812 0.0790827
0.118211 0.0107016 9.9982E-05 0.114162 0.0946564 0.095913 0.566156 9.9982E-05
0.0861621 0.00352032 0.056806 0.299904 0.102566 0.0230815 0.379293 0.0486659
0.0606763 0.0866893 0.1793 0.499141 0.0187169 0.0572655 0.0771216 0.0210899
0.103014 9.9973E-05 0.379439 0.354195 0.126804 9.9973E-05 0.0362484 9.9973E-05
0.0736279 9.9973E-05 0.214546 0.636961 9.9973E-05 0.0695968 0.00496775 9.9973E-05
0.0549739 0.0424676 0.201828 0.539476 0.0729545 0.0881005 9.9982E-05 9.9982E-05
0.0727944 9.9973E-05 0.319755 0.355975 0.175522 9.9973E-05 0.0756528 9.9973E-05
0.0462309 0.0706823 0.0950417 0.446378 0.10015 0.0518207 0.151654 0.038042
0.0689484 9.9964E-05 0.275029 0.580652 0.0749706 9.9964E-05 9.9964E-05 9.9964E-05
0.119518 0.130723 0.447052 0.130915 0.13103 9.9982E-05 0.0405617 9.9982E-05
0.0297301 0.11772 0.54028 0.279107 0.0328634 9.9973E-05 9.9973E-05 9.9973E-05
0.092745 9.9973E-05 0.274929 0.533851 0.0955622 0.00261278 9.9973E-05 9.9973E-05
0.071081 0.13973 0.38799 0.183985 0.185705 9.9982E-05 0.0313092 9.9982E-05
0.0655575 0.135007 0.272887 0.482425 9.9973E-05 9.9973E-05 0.0438229 9.9973E-05
0.124987 0.119421 9.9982E-05 9.9982E-05 0.0280842 0.0250184 0.694027 0.00826327
0.104414 0.0933656 0.0338496 0.178578 0.271103 9.9982E-05 0.318491 9.9982E-05
0.101365 0.0289914 9.9991E-05 0.228785 0.0353945 0.00288422 0.476206 0.126274
0.00495441 0.117393 0.0130358 0.551201 9.9991E-05 0.0199946 0.232136 0.0611854
0.11605 0.129638 9.9973E-05 0.176994 0.0295233 9.9973E-05 0.547495 9.9973E-05
0.102215 9.9991E-05 0.0260183 0.403884 0.145293 0.0458546 0.133386 0.143249
0.0878486 0.093318 9.9991E-05 0.545104 0.00206959 0.0595383 0.198345 0.0136768
0.0777462 0.119787 9.9991E-05 0.444803 0.0292664 0.10085 0.176178 0.051269
0.1539 0.0928646 9.9991E-05 0.479038 0.0470294 0.0108277 0.159574 0.0566661
0.181878 0.157219 9.9991E-05 0.386502 0.049459 0.0271983 0.138484 0.0591591
0.121937 0.118784 9.9973E-05 0.0243182 9.9973E-05 9.9973E-05 0.630202 0.104459
0.247486 0.0861907 0.0721427 0.268547 0.00269578 9.9991E-05 0.251219 0.0716187
0.0468189 9.9964E-05 9.9964E-05 0.589425 0.0393077 9.9964E-05 0.324049 9.9964E-05
0.064729 0.0554956 0.0589096 0.567307 0.0738051 9.9991E-05 0.135517 0.0441366
0.125957 9.9991E-05 0.112922 0.409061 0.124987 0.00525396 0.207093 0.0146249
0.119589 0.0251266 9.9982E-05 0.422939 0.135055 9.9982E-05 0.208093 0.0889975
0.127899 9.9982E-05 0.0796692 0.317339 9.9982E-05 0.0591082 0.397493 0.018292
0.0608894 0.0435817 9.9982E-05 0.577433 0.0261726 9.9982E-05 0.26002 0.0317027
0.0573906 0.0575207 9.9991E-05 0.433998 0.0256913 0.00543852 0.298621 0.121239
0.00352369 0.0074471 9.9991E-05 0.4674 0.18028 0.0956789 0.152962 0.0926081
9.9973E-05 9.9973E-05 0.0906682 0.357939 9.9973E-05 0.301677 0.101809 0.147607
9.9982E-05 0.0914038 0.0647737 0.412703 0.0753518 0.143354 9.9982E-05 0.212214
0.0503893 0.0606508 0.170032 0.386209 0.0144958 0.100016 0.0282349 0.189972
0.0320472 0.00645779 0.0115376 0.474115 0.124464 0.0708051 0.0751647 0.205408
9.9982E-05 0.00664329 9.9982E-05 0.409279 0.0785811 0.26259 0.084327 0.15838
0.0162135 0.0127292 0.161206 0.420483 0.148845 9.9991E-05 0.234394 0.0060297
0.040332 0.125106 9.9991E-05 0.387829 0.0381824 0.147128 0.0698058 0.191516
9.9991E-05 0.148162 0.397445 0.047432 0.0185529 0.203706 0.131321 0.0532811
0.0235533 0.0107084 0.129652 0.449521 9.9991E-05 0.0652266 0.140993 0.180245
9.9973E-05 9.9973E-05 0.090341 0.566005 9.9973E-05 0.0602085 0.126202 0.156944
9.9982E-05 9.9982E-05 0.0611116 0.424852 0.0454062 0.064582 0.161065 0.242783
9.9982E-05 0.00983674 0.194945 0.315986 9.9982E-05 0.161546 0.221448 0.0960377
9.9982E-05 0.0161686 0.0633508 0.565562 0.051488 0.159264 9.9982E-05 0.143967
9.9982E-05 9.9982E-05 0.0568129 0.557474 0.073503 0.135799 0.0475887 0.128623
9.9964E-05 9.9964E-05 0.357848 9.9964E-05 0.0275014 0.441824 9.9964E-05 0.172427
0.101006 9.9982E-05 0.0170038 0.410002 0.0263546 0.166624 9.9982E-05 0.27881
0.0319685 9.9982E-05 0.0509232 0.586124 0.000215355 0.157345 9.9982E-05 0.173224
0.000429839 0.00172693 0.0864651 0.605621 0.0314724 0.0937529 0.0899637 0.0905678
9.9973E-05 9.9973E-05 0.097034 0.594845 0.000725338 0.145174 9.9973E-05 0.161922
0.014041 9.9991E-05 0.115281 0.529707 0.0419431 0.168585 0.0531731 0.0771699
0.0409127 9.9973E-05 9.9973E-05 0.438796 0.441186 0.0724639 0.00634182 9.9973E-05
0.0550152 9.9991E-05 0.0602712 0.464544 0.261318 0.0314396 0.0256022 0.10171
9.9955E-05 0.0459314 9.9955E-05 9.9955E-05 0.848533 9.9955E-05 0.105036 9.9955E-05
0.0209653 0.075517 0.0459679 9.9973E-05 0.846286 0.0109637 9.9973E-05 9.9973E-05
9.9973E-05 9.9973E-05 9.9973E-05 0.45596 0.356067 0.0410803 0.117416 0.0291768
9.9982E-05 9.9982E-05 0.058775 0.356968 0.137956 0.0993466 0.0601701 0.286584
9.9973E-05 9.9973E-05 0.00347567 0.346031 0.260331 0.071371 9.9973E-05 0.318492
9.9982E-05 9.9982E-05 0.175242 0.148835 0.225868 0.172595 0.00933818 0.267922
9.9991E-05 0.00232748 0.0168316 0.261836 0.223798 0.142566 0.073756 0.278785
9.9973E-05 9.9973E-05 0.155249 9.9973E-05 0.659223 0.0540523 0.0486733 0.0825028
9.9973E-05 9.9973E-05 0.0569084 0.139544 0.624292 0.110077 9.9973E-05 0.0688784
0.00871391 0.0356622 9.9982E-05 0.408972 0.412442 0.00141338 9.9982E-05 0.132597
9.9964E-05 9.9964E-05 9.9964E-05 0.36647 0.519188 0.0118109 9.9964E-05 0.102131
9.9964E-05 9.9964E-05 9.9964E-05 0.126527 0.682402 0.0559494 9.9964E-05 0.134722
0.0436377 9.9982E-05 9.9982E-05 0.462877 0.248701 0.0813105 0.0283844 0.134889
0.0329575 9.9973E-05 9.9973E-05 0.568068 0.304607 9.9973E-05 0.00257076 0.0914971
0.0141324 0.0662833 9.9991E-05 0.494426 0.143613 0.110602 0.114786 0.0560574
9.9973E-05 0.0221533 9.9973E-05 0.237695 0.625326 0.0065618 0.107964 9.9973E-05
9.9982E-05 0.0573353 9.9982E-05 0.247205 0.470473 0.0308711 0.177013 0.0169028
0.0626982 0.0557685 9.9991E-05 0.525269 0.271803 0.0380056 0.0150653 0.0312903
0.0736844 0.0273874 0.0823739 0.351907 0.397551 0.0419868 0.00377145 0.0213377
0.0987954 9.9991E-05 0.0204925 0.398964 0.241414 0.0926478 0.0906287 0.0569576
9.9982E-05 0.00663187 0.0375843 0.420674 0.506621 0.00553419 0.022754 9.9982E-05
0.0575798 9.9973E-05 0.012336 0.133774 0.783452 9.9973E-05 0.0125584 9.9973E-05
9.9973E-05 0.0209907 0.0647158 0.512842 0.36155 9.9973E-05 9.9973E-05 0.0396023
9.9973E-05 9.9973E-05 9.9973E-05 0.402822 0.239576 0.0778811 0.140613 0.138809
9.9964E-05 0.0186608 9.9964E-05 0.131962 0.76464 9.9964E-05 0.0843379 9.9964E-05
0.0584753 9.9964E-05 9.9964E-05 0.364682 0.544136 0.0323064 9.9964E-05 9.9964E-05
0.086816 9.9964E-05 9.9964E-05 0.534826 0.29229 0.085668 9.9964E-05 9.9964E-05
0.030448 9.9982E-05 0.0413452 0.553474 0.302825 0.0001274 0.07158 9.9982E-05
0.00104772 0.0372753 0.0914994 0.481373 0.0738842 0.181088 0.0279586 0.105873
0.0313115 0.0687517 0.0636674 0.28941 0.108271 0.106512 0.108658 0.223418
0.061408 9.9991E-05 0.174639 0.21956 0.0913243 0.0723512 0.0549747 0.325643
0.062123 9.9991E-05 0.0471784 0.304864 0.100901 0.154227 0.132549 0.198058
0.108435 9.9991E-05 0.0194583 0.390369 0.116122 0.129964 0.0316095 0.203943
9.9982E-05 0.0699933 0.00568732 0.350275 0.220238 0.134424 9.9982E-05 0.219182
0.0383924 9.9973E-05 0.080682 9.9973E-05 0.600768 0.159976 9.9973E-05 0.119881
0.0593399 9.9982E-05 0.0429374 0.534909 0.118388 0.0412662 9.9982E-05 0.20296
9.9964E-05 9.9964E-05 0.172705 9.9964E-05 0.387089 0.355373 9.9964E-05 0.084433
0.000732224 9.9973E-05 9.9973E-05 0.424328 0.303164 0.0397377 9.9973E-05 0.231738
9.9946E-05 0.185831 9.9946E-05 9.9946E-05 0.81357 9.9946E-05 9.9946E-05 9.9946E-05
9.9946E-05 0.0690129 9.9946E-05 9.9946E-05 0.930387 9.9946E-05 9.9946E-05 9.9946E-05
0.000867565 0.0364879 0.0578885 0.461357 0.403976 9.9982E-05 0.039223 9.9982E-05
9.9955E-05 9.9955E-05 9.9955E-05 0.618158 0.365642 9.9955E-05 9.9955E-05 0.0157004
9.9964E-05 0.0122256 9.9964E-05 0.341143 0.596971 9.9964E-05 0.049261 9.9964E-05
9.9955E-05 0.0174168 9.9955E-05 0.510398 0.471685 9.9955E-05 9.9955E-05 9.9955E-05
9.9955E-05 9.9955E-05 9.9955E-05 0.467071 0.508819 9.9955E-05 9.9955E-05 0.0236099
9.9973E-05 9.9973E-05 0.00851264 0.0439509 0.0856009 0.799295 9.9973E-05 0.062341
0.126465 9.9982E-05 0.0295057 9.9982E-05 0.0134071 0.684795 0.00186595 0.143762
0.0315474 9.9964E-05 9.9964E-05 9.9964E-05 9.9964E-05 0.849277 0.0284979 0.0902783
9.9955E-05 9.9955E-05 9.9955E-05 0.0438107 0.0113995 0.94429 9.9955E-05 9.9955E-05
9.9991E-05 0.287041 0.0653362 0.403302 0.128405 0.0215176 0.0712659 0.0230325
9.9973E-05 0.353797 9.9973E-05 0.449815 9.9973E-05 0.0980927 0.0288661 0.0691302
9.9964E-05 0.48377 9.9964E-05 0.411236 9.9964E-05 9.9964E-05 0.0442436 0.0603502
0.0472567 0.213772 9.9973E-05 0.51539 9.9973E-05 0.081092 0.142189 9.9973E-05
0.0909872 0.126696 0.0909713 0.562339 9.9982E-05 0.101248 9.9982E-05 0.027558
0.0826104 0.52673 0.00223097 0.204569 0.0776317 0.0251608 0.0752648 0.0058027
9.9964E-05 0.332351 9.9964E-05 0.640272 0.00755547 9.9964E-05 0.0194211 9.9964E-05
9.9964E-05 0.525791 0.0358193 0.33502 0.10297 9.9964E-05 9.9964E-05 9.9964E-05
0.120861 0.00577104 9.9991E-05 0.354526 0.0142484 0.215703 0.0624552 0.226335
0.00837161 0.253896 0.000851647 0.442117 0.138058 9.9991E-05 0.0858113 0.0707947
0.0101218 0.529844 9.9973E-05 0.269166 9.9973E-05 0.0343587 0.156209 9.9973E-05
9.9973E-05 0.289635 9.9973E-05 0.47609 0.173234 9.9973E-05 0.055763 0.00497763
9.9973E-05 0.451611 9.9973E-05 0.372981 0.0333417 0.0573146 0.0844514 9.9973E-05
9.9964E-05 0.407592 0.0201045 0.507661 0.0642425 9.9964E-05 9.9964E-05 9.9964E-05
0.0825065 0.238078 9.9982E-05 0.539832 9.9982E-05 0.000240756 0.0546837 0.0844594
9.9955E-05 0.907825 9.9955E-05 0.0438543 0.0478205 9.9955E-05 9.9955E-05 9.9955E-05
9.9982E-05 0.558426 0.0973754 0.175277 0.0441318 9.9982E-05 0.0970739 0.0275164
0.0448302 0.599393 0.0240242 0.308452 9.9973E-05 0.0230004 9.9973E-05 9.9973E-05
9.9955E-05 0.81855 0.177623 9.9955E-05 0.00332731 9.9955E-05 9.9955E-05 9.9955E-05
0.055079 0.390753 9.9982E-05 0.374852 0.0568325 9.9982E-05 0.112794 0.0094899
0.0541149 0.605518 0.247032 0.0525314 0.0405034 9.9973E-05 9.9973E-05 9.9973E-05
9.9955E-05 0.72709 0.266314 9.9955E-05 0.00609587 9.9955E-05 9.9955E-05 9.9955E-05
9.9973E-05 0.401031 9.9973E-05 0.514233 9.9973E-05 0.0431992 0.00770695 0.0335301
0.012935 0.543369 0.00337353 0.176536 9.9982E-05 0.0921543 0.171432 9.9982E-05
0.129022 0.369135 9.9973E-05 0.406687 9.9973E-05 9.9973E-05 0.0141462 0.0807093
9.9973E-05 0.156674 0.0179679 0.62974 9.9973E-05 0.135704 9.9973E-05 0.0596151
0.0293714 0.401484 0.0321515 0.470014 9.9982E-05 9.9982E-05 0.0389749 0.0278037
0.0372641 0.0482172 0.145631 0.439473 0.0126139 9.9982E-05 0.316601 9.9982E-05
0.123069 0.278511 9.9982E-05 0.544032 0.0166911 9.9982E-05 0.0194462 0.0180507
9.9973E-05 0.352999 9.9973E-05 0.374769 9.9973E-05 0.0755846 0.181273 0.015075
9.9955E-05 0.648121 0.0310161 0.320363 9.9955E-05 9.9955E-05 9.9955E-05 9.9955E-05
0.00286089 0.268346 0.0295106 0.440404 0.046825 0.0941317 9.9991E-05 0.117822
0.2138 0.0165376 0.0605852 9.9973E-05 9.9973E-05 0.586882 0.121895 9.9973E-05
0.0896802 0.0514219 9.9982E-05 0.0405069 0.00564967 0.755441 0.0571002 9.9982E-05
0.112856 0.00871544 0.0876531 9.9973E-05 9.9973E-05 0.784755 0.00572113 9.9973E-05
0.157105 9.9964E-05 0.0810826 9.9964E-05 0.0195107 0.741902 9.9964E-05 9.9964E-05
0.205559 9.9964E-05 0.0370155 0.0532236 9.9964E-05 0.703802 9.9964E-05 9.9964E-05
9.9973E-05 0.669727 9.9973E-05 0.092686 9.9973E-05 0.0473551 0.166648 0.0232833
0.0504519 0.630117 9.9973E-05 0.0874426 9.9973E-05 0.0747602 0.156928 9.9973E-05
9.9973E-05 0.735995 0.0303336 0.137086 0.0746932 9.9973E-05 9.9973E-05 0.0215923
9.9982E-05 0.227397 9.9982E-05 0.551796 0.0763091 0.0711283 0.0573036 0.0158668
9.9982E-05 0.196839 0.0144417 0.585015 0.0120585 0.179817 9.9982E-05 0.0116277
9.9964E-05 0.55962 0.119387 0.303457 0.0171366 9.9964E-05 9.9964E-05 9.9964E-05
0.0584651 0.265253 9.9973E-05 0.607562 0.019422 9.9973E-05 9.9973E-05 0.0489974
0.00210603 0.393976 0.0506667 0.373725 9.9991E-05 0.0659876 0.012803 0.100635
9.9973E-05 0.268419 0.0837897 0.520667 0.0225724 9.9973E-05 0.104252 9.9973E-05
9.9973E-05 0.260492 9.9973E-05 0.618671 9.9973E-05 0.0809041 0.0274674 0.0121651
0.0871345 0.491306 0.00332601 0.253221 9.9982E-05 9.9982E-05 0.155944 0.0088681
0.0194228 0.495396 9.9964E-05 0.320232 9.9964E-05 9.9964E-05 0.16455 9.9964E-05
0.0242545 0.510515 9.9982E-05 0.315428 0.0122072 0.00507743 0.132317 9.9982E-05
0.0833194 9.9973E-05 0.218932 0.619063 9.9973E-05 0.0584751 0.0199104 9.9973E-05
0.0716026 0.48087 9.9964E-05 0.380708 9.9964E-05 9.9964E-05 0.0664201 9.9964E-05
0.0369004 0.277525 0.0274317 0.462992 0.0825609 9.99963E-05 0.0816715 0.0308193
0.0190179 0.0532502 9.9973E-05 0.462997 9.9973E-05 0.086495 9.9973E-05 0.37794
0.0463607 9.9982E-05 0.103657 0.327863 0.0562224 0.05543 9.9982E-05 0.410267
9.9973E-05 9.9973E-05 0.105083 0.418891 9.9973E-05 0.0472087 0.026771 0.401747
9.9982E-05 0.0465575 0.0505647 0.262006 0.0615747 0.0974401 9.9982E-05 0.481657
0.0808184 9.9991E-05 0.0101331 0.411786 0.0811706 0.101459 0.0136624 0.300871
9.9964E-05 0.288775 0.151884 0.458067 9.9964E-05 9.9964E-05 0.100874 9.9964E-05
0.0144409 0.00192152 0.0368105 0.0505723 9.9991E-05 0.235476 0.0147216 0.645957
9.9964E-05 9.9964E-05 9.9964E-05 0.363472 0.0661653 0.134119 9.9964E-05 0.435844
0.0471939 0.0328765 0.242497 0.432985 9.9982E-05 0.0928398 9.9982E-05 0.151408
0.0108608 9.9982E-05 0.152206 0.602237 0.0595271 0.163044 0.0119254 9.9982E-05
0.0453919 0.00666374 0.269814 0.406363 0.0159325 0.0542847 0.20145 9.9991E-05
0.0925012 9.9964E-05 0.0914136 0.705216 9.9964E-05 0.110469 9.9964E-05 9.9964E-05
0.0244041 9.9973E-05 0.194594 0.679499 0.0400886 0.0611137 9.9973E-05 9.9973E-05
9.9964E-05 9.9964E-05 0.0772125 0.370253 9.9964E-05 0.137037 9.9964E-05 0.415098
0.00455246 9.9973E-05 9.9973E-05 0.312938 9.9973E-05 0.118864 0.121267 0.442078
9.9964E-05 9.9964E-05 0.0472787 0.4184 9.9964E-05 0.0747788 9.9964E-05 0.459143
0.018374 0.00335879 0.0564138 0.445209 0.11056 0.126827 9.9991E-05 0.239158
0.0202306 0.0354504 0.050109 0.297204 9.9991E-05 0.0238158 0.0389627 0.534127
9.9973E-05 0.0648318 9.9973E-05 0.397731 9.9973E-05 0.23907 0.0135904 0.284477
0.0446056 0.0687721 0.0240355 0.191853 0.0217058 0.129981 9.9991E-05 0.518947
0.0144103 9.9982E-05 9.9982E-05 0.323549 0.111242 0.128805 0.10929 0.312504
0.0539911 0.0240348 0.340141 0.540232 9.9982E-05 0.0315399 9.9982E-05 0.00986073
0.0566071 0.135078 9.9982E-05 0.30207 9.9982E-05 0.123926 0.0547387 0.327379
9.9964E-05 9.9964E-05 0.0265146 0.205462 9.9964E-05 0.17306 9.9964E-05 0.594563
0.109165 0.0482466 9.9991E-05 0.353613 0.0283821 0.101906 0.0138009 0.344786
0.0973363 0.116109 0.311788 0.187926 9.9982E-05 0.115914 0.170727 9.9982E-05
9.9964E-05 9.9964E-05 0.230658 0.641535 9.9964E-05 9.9964E-05 0.104772 0.0226349
0.0641219 0.00462665 0.00882946 0.456285 0.0463906 0.157985 9.9991E-05 0.261662
0.0194691 0.00269589 0.19483 0.607303 0.0194976 0.0379669 0.0963779 0.0218592
0.095403 0.0217421 0.172995 0.547648 9.9982E-05 0.111816 0.050196 9.9982E-05
0.111116 0.087591 0.132284 0.301204 9.9991E-05 0.0663985 0.0237042 0.277601
9.9973E-05 9.9973E-05 9.9973E-05 0.207231 0.18831 0.198976 0.0851822 0.320001
0.164673 0.0595564 0.127282 0.488378 9.9982E-05 0.0482587 9.9982E-05 0.111651
9.9973E-05 0.0984447 0.0390263 0.303937 9.9973E-05 0.16191 9.9973E-05 0.396382
9.9982E-05 9.9982E-05 0.0348525 0.345308 0.0252346 0.127162 0.00902379 0.458219
9.9964E-05 9.9964E-05 0.0403418 0.126253 9.9964E-05 0.220762 9.9964E-05 0.612243
0.110307 0.0227198 0.134414 0.513795 0.0217192 0.0792491 0.0122037 0.105593
0.0494986 0.0361144 0.273037 0.466862 9.9982E-05 0.0513876 0.122901 9.9982E-05
0.0593902 9.9973E-05 0.631401 0.29479 9.9973E-05 0.00704233 9.9973E-05 0.00707697
0.0285772 0.0360128 0.12432 0.645162 9.9991E-05 0.0788864 0.0402228 0.0467189
0.0395749 9.9991E-05 0.173246 0.379776 0.119131 0.0358696 0.204608 0.0476946
9.9982E-05 9.9982E-05 0.164703 0.355581 0.0656706 0.148917 0.115576 0.149352
9.9991E-05 0.0297061 0.193095 0.462377 0.0721035 0.073031 0.0850997 0.0844875
9.9964E-05 9.9964E-05 0.58432 9.9964E-05 9.9964E-05 0.220478 0.0114778 0.183325
