0.0687545 0.00235452 0.0191866 0.00559311 0.0492235 9.9991E-05 0.854788
9.9964E-05 0.0277812 9.9964E-05 9.9964E-05 9.9964E-05 0.0330342 0.938785
0.0246083 9.9982E-05 0.010722 0.0792125 0.102007 9.9982E-05 0.78325
0.101424 9.9973E-05 9.9973E-05 0.0227201 0.0886796 9.9973E-05 0.786876
9.9964E-05 9.9964E-05 9.9964E-05 0.067556 9.9964E-05 0.0524476 0.879597
0.0352641 0.0159693 0.204773 0.130032 0.0343381 9.9991E-05 0.579523
0.0466185 9.9964E-05 0.1726 9.9964E-05 9.9964E-05 9.9964E-05 0.780382
0.122981 9.9973E-05 0.176092 9.9973E-05 0.0214253 9.9973E-05 0.679202
0.107357 0.0429838 0.0185622 9.9982E-05 9.9982E-05 0.0108207 0.820076
9.9973E-05 9.9973E-05 0.128792 0.138034 0.0707528 9.9973E-05 0.662121
0.0931138 9.9973E-05 0.152544 0.0527732 9.9973E-05 9.9973E-05 0.701269
0.431556 0.179473 0.0448814 0.250157 0.063441 0.0303919 9.9991E-05
0.206504 0.00300555 9.9982E-05 0.570166 0.11143 0.108694 9.9982E-05
0.369515 0.0617701 0.0503748 0.181117 0.102454 0.23467 9.9991E-05
0.315031 0.10379 0.0296887 0.280735 0.165141 0.105514 9.9991E-05
0.235735 0.100398 0.116945 0.363811 0.0736631 9.9991E-05 0.109348
0.0529232 9.9991E-05 0.0805884 0.50408 0.0708236 0.225462 0.0660222
0.163879 0.155725 0.157563 0.443868 0.0787651 9.9982E-05 9.9982E-05
0.278583 0.199127 9.9991E-05 0.257855 0.100485 0.035465 0.128385
0.612278 0.152157 0.105571 9.9982E-05 0.0890139 0.0407799 9.9982E-05
0.216228 0.207824 0.00286865 0.420529 0.101704 0.0507455 9.9991E-05
0.14992 0.0645045 0.101668 0.394488 0.0191186 0.188922 0.0813784
0.153675 0.0941289 0.0728549 0.55644 0.00598293 0.0831822 0.0337358
0.259679 0.151216 0.144316 0.249192 0.0913647 0.104132 9.9991E-05
0.0153452 0.0322212 0.141662 0.644675 9.9991E-05 0.0324193 0.133577
0.220566 0.126653 9.9991E-05 0.480079 0.140612 0.0134164 0.0185742
0.464788 0.0850546 9.9991E-05 0.191916 0.131461 0.0950754 0.0316051
0.395695 0.115074 0.0273552 0.200705 0.205898 0.032899 0.0223733
0.416315 0.144352 0.072693 0.201957 9.9982E-05 0.164483 9.9982E-05
9.9964E-05 9.9964E-05 9.9964E-05 0.0901428 0.082292 9.9964E-05 0.827165
9.9964E-05 9.9964E-05 9.9964E-05 0.144337 0.00849184 9.9964E-05 0.846771
9.9973E-05 0.0535805 9.9973E-05 0.165482 0.0158293 9.9973E-05 0.764808
9.9973E-05 0.0563991 9.9973E-05 0.0946991 0.120828 9.9973E-05 0.727774
0.0931858 0.233719 0.0572022 0.491456 0.0541942 0.0552453 0.0149981
0.0564681 0.353329 0.00830145 0.471958 0.0261513 9.9991E-05 0.0836918
9.9973E-05 0.395838 0.0777186 0.476048 0.0500953 9.9973E-05 9.9973E-05
0.532415 0.158612 0.00365875 0.194551 0.00270356 0.0309433 0.0771166
9.9982E-05 0.610302 0.0172259 0.209649 0.0862651 0.0763581 9.9982E-05
0.0746754 0.260731 9.9991E-05 0.471984 0.0232446 0.00173241 0.167533
9.9982E-05 0.176143 0.141337 0.572483 0.092695 0.0171422 9.9982E-05
0.0615058 0.065104 0.223059 0.585651 9.9982E-05 9.9982E-05 0.0644801
0.15985 0.101303 0.0399353 0.600761 9.9982E-05 9.9982E-05 0.0979499
0.153957 0.721706 9.9973E-05 0.0713368 9.9973E-05 9.9973E-05 0.0527005
0.106796 0.0143424 0.208901 0.600337 0.0397915 9.9991E-05 0.0297318
0.0538397 0.163686 0.0239116 0.570741 0.0114257 0.123991 0.0524046
0.029903 0.150094 0.0552062 0.590199 0.0850657 9.9991E-05 0.0894322
9.9964E-05 0.685219 9.9964E-05 0.283519 9.9964E-05 0.0308618 9.9964E-05
9.9973E-05 0.270737 9.9973E-05 0.648385 9.9973E-05 0.0586894 0.0218887
9.9982E-05 0.223911 9.9982E-05 0.49126 0.0430596 0.119308 0.122261
9.9973E-05 0.672223 0.19828 9.9973E-05 9.9973E-05 0.0789482 0.0502499
0.414279 0.237341 0.102212 0.17851 9.9982E-05 0.0674583 9.9982E-05
0.160996 0.120582 0.304284 0.103902 0.00278815 0.307347 9.9991E-05
0.153493 9.9991E-05 0.0342122 0.612576 0.0163345 0.104943 0.0783408
0.0162875 0.0048181 0.0851484 0.674617 0.0334522 0.0940945 0.0915824
0.126791 0.0834907 0.053878 0.612461 0.0362771 0.0312434 0.0558591
0.368441 0.280396 0.0525803 0.148053 9.9991E-05 0.0714806 0.078949
0.215382 0.0251966 9.9973E-05 0.587638 9.9973E-05 0.171483 9.9973E-05
0.0857798 0.00250134 0.0595929 0.602309 0.0475483 0.0886075 0.113661
0.191833 0.0418517 0.103176 0.417381 9.9991E-05 0.152738 0.0929196
0.329915 0.144142 0.0940666 0.0768862 0.084385 0.060902 0.209704
0.148889 0.0557908 0.119971 0.587313 9.9991E-05 0.0146282 0.073309
0.200919 0.124975 9.9991E-05 0.343406 0.118244 0.148821 0.0635346
0.507774 0.230991 0.142453 0.101826 9.9991E-05 0.0104214 0.00643426
0.175171 0.0966761 0.0397192 0.514814 9.9991E-05 0.149717 0.0238027
0.037838 0.0136373 0.0945796 0.609047 0.0862043 0.153845 0.00484908
0.177907 0.0460491 0.0171544 0.594873 0.0281426 0.0811817 0.0546925
0.276424 0.202411 0.127248 0.249286 0.0326702 0.0842643 0.0276968
0.197906 0.149796 0.0202116 0.567409 0.0299147 0.0271995 0.00756396
0.125748 9.9991E-05 0.101757 0.615688 0.0327195 0.102714 0.0212735
0.378426 0.175788 0.0807183 0.179743 9.9991E-05 0.155111 0.0301133
0.0774309 0.375446 9.9964E-05 0.546723 9.9964E-05 9.9964E-05 9.9964E-05
0.123978 0.647594 9.9964E-05 0.228028 9.9964E-05 9.9964E-05 9.9964E-05
0.0609023 0.286646 9.9982E-05 0.540456 0.024814 9.9982E-05 0.0869823
9.9955E-05 0.87818 0.121321 9.9955E-05 9.9955E-05 9.9955E-05 9.9955E-05
0.0378668 0.757369 0.0656624 9.9973E-05 9.9973E-05 0.138802 9.9973E-05
9.9964E-05 0.700984 9.9964E-05 0.283341 9.9964E-05 0.0152752 9.9964E-05
0.0545327 0.465937 0.0341856 0.442935 9.9982E-05 9.9982E-05 0.00221025
0.179435 0.190721 0.00632785 0.496058 0.0439855 0.0285525 0.0549204
0.0200291 0.460468 9.9982E-05 0.46395 0.0253816 9.9982E-05 0.0299714
0.147503 0.644553 9.9982E-05 0.152089 0.0283884 9.9982E-05 0.027266
0.226388 0.447445 9.9982E-05 0.268498 9.9982E-05 0.0146956 0.0427746
0.0910463 0.179368 0.0517841 0.418516 0.0993381 0.0759299 0.0840181
0.104129 0.580864 9.9982E-05 0.200917 0.0663022 0.0475876 9.9982E-05
0.057822 0.489394 9.9982E-05 0.394847 0.0144516 9.9982E-05 0.0432848
9.9973E-05 0.440102 0.089527 0.398633 9.9973E-05 0.0714383 9.9973E-05
9.9964E-05 0.675285 0.193407 9.9964E-05 9.9964E-05 0.130908 9.9964E-05
0.0682846 0.241751 0.0474992 0.619612 9.9991E-05 0.0183429 0.00440994
0.0295359 9.9982E-05 9.9982E-05 0.108212 0.04407 0.000473385 0.817509
9.99551E-05 9.99551E-05 9.99551E-05 0.101045 9.99551E-05 9.99551E-05 0.898456
9.9964E-05 9.9964E-05 9.9964E-05 0.100707 0.0235217 9.9964E-05 0.875372
9.9973E-05 9.9973E-05 0.0504559 0.0058506 0.0403695 9.9973E-05 0.903024
9.9973E-05 0.0109522 9.9973E-05 0.0970779 0.0334681 9.9973E-05 0.858202
9.9991E-05 0.00101443 0.0278983 0.0380252 0.0100391 0.0320951 0.890828
9.9964E-05 9.9964E-05 9.9964E-05 0.0996785 0.00362787 9.9964E-05 0.896294
9.9982E-05 0.286852 9.9982E-05 0.445351 0.0338277 0.12925 0.104519
9.9982E-05 0.239287 9.9982E-05 0.453418 0.0846457 0.152513 0.0699364
0.0750971 0.792126 9.9982E-05 0.0266754 9.9982E-05 0.0535131 0.0523884
0.0244539 0.134304 0.068153 0.577031 0.0243406 0.041575 0.130142
0.156947 0.359313 9.9964E-05 0.48334 9.9964E-05 9.9964E-05 9.9964E-05
9.99893E-05 0.259633 0.0612733 0.558062 0.082215 0.0386158 9.99893E-05
9.9982E-05 0.313439 9.9982E-05 0.553432 0.0240912 0.0880711 0.0207665
9.9982E-05 0.435419 9.9982E-05 0.314047 0.15039 0.0751705 0.0247736
0.240894 0.700072 0.00247372 9.9973E-05 9.9973E-05 9.9973E-05 0.0562604
0.0535405 0.149034 0.00768344 0.582423 0.0232061 0.069691 0.114422
0.0215624 0.127475 0.0374962 0.699669 0.0289442 0.0349039 0.0499493
0.059708 0.05349 0.148645 0.562267 0.0909709 0.0848199 9.9991E-05
9.9982E-05 0.535094 0.0701468 0.21646 0.0222677 0.155832 9.9982E-05
9.9964E-05 0.391975 9.9964E-05 0.496009 9.9964E-05 0.111616 9.9964E-05
0.0542395 0.46138 0.0356777 0.425351 9.9982E-05 9.9982E-05 0.0231518
9.9964E-05 0.673304 9.9964E-05 0.199577 0.126719 9.9964E-05 9.9964E-05
0.0997989 0.446549 9.9973E-05 0.392788 9.9973E-05 9.9973E-05 0.0605647
0.0522816 0.126792 9.9991E-05 0.449073 0.0885667 0.112288 0.170899
0.256916 0.0665261 9.9991E-05 0.205769 0.074896 0.372234 0.0235594
0.226441 0.0766015 0.090494 0.372478 0.10664 0.0679629 0.0593825
0.109536 9.9991E-05 0.123131 0.598694 0.0275855 0.0649585 0.075996
0.161984 0.0481678 0.0611031 0.618855 9.9982E-05 9.9982E-05 0.10969
0.246918 9.9982E-05 0.00677018 0.535929 9.9982E-05 0.140653 0.0695296
0.230351 9.9982E-05 9.9982E-05 0.662594 0.0143916 0.0846445 0.00781958
0.352527 9.9964E-05 9.9964E-05 0.50942 9.9964E-05 0.137654 9.9964E-05
0.191773 0.0632363 0.0399965 0.551048 0.0020383 0.0982559 0.0536521
0.0717769 0.0774198 0.159499 0.581266 0.102119 9.9991E-05 0.00781961
0.14079 0.0592163 0.0449551 0.634215 9.9991E-05 0.0999093 0.0208144
0.344472 0.0113438 9.9973E-05 0.558654 9.9973E-05 0.0852297 9.9973E-05
0.165687 0.080815 0.0379876 0.51616 0.0827226 0.105012 0.0116152
0.123335 0.107442 0.106381 0.495844 0.143622 0.0232752 9.9991E-05
0.204629 0.112052 9.9982E-05 0.544242 0.0884411 0.0504353 9.9982E-05
0.0724993 0.0304171 0.12741 0.52813 0.093324 0.142284 0.00593656
0.187454 9.9982E-05 0.0665954 0.54974 0.0908427 0.105168 9.9982E-05
0.259225 9.9982E-05 0.0464633 0.399821 9.9982E-05 0.189999 0.104291
0.175099 0.0512 9.9991E-05 0.580966 0.0748162 0.0738245 0.0439949
0.11429 9.9982E-05 0.0126301 0.664355 9.9982E-05 0.184614 0.0239106
0.367726 0.182873 9.9982E-05 0.244245 0.0635426 0.141414 9.9982E-05
0.23367 0.0747321 0.194982 0.207711 0.00550981 0.259444 0.0239506
0.20413 0.0604962 0.0747256 0.467962 0.0683857 0.0920934 0.032207
0.291237 0.161675 0.0584182 0.0730295 0.0573199 0.35822 9.9991E-05
0.401349 0.143502 9.9982E-05 0.25861 9.9982E-05 0.127849 0.0684896
0.272725 0.168608 9.9973E-05 0.43642 9.9973E-05 0.121947 9.9973E-05
0.39839 0.161562 9.9982E-05 0.354752 9.9982E-05 0.0742182 0.0108775
0.476899 0.0608142 0.0515184 0.376609 0.00998298 0.0240757 9.9991E-05
0.196999 0.139808 9.9982E-05 0.584577 9.9982E-05 0.0343514 0.0440651
0.0527425 0.0403993 0.0757777 0.614499 9.9991E-05 0.11794 0.0985412
0.150722 0.0386051 0.0263805 0.542618 0.0201082 0.130696 0.0908706
0.350037 0.0584022 0.161399 0.115125 0.0528033 0.262134 9.9991E-05
0.0131033 0.141449 0.144842 0.497336 9.9991E-05 0.00329042 0.199878
0.0371942 0.139307 0.225996 0.466178 0.0726717 9.9991E-05 0.0585526
0.129052 0.0969791 0.380112 9.9982E-05 9.9982E-05 0.285611 0.108046
9.9982E-05 0.159341 0.0916788 0.527106 9.9982E-05 0.0956439 0.12603
0.0422351 0.068932 0.20679 0.341293 9.9991E-05 0.215041 0.125608
0.0582687 0.0317988 0.200288 0.506885 0.0442895 0.119419 0.0390509
0.153814 0.0882699 0.39691 0.272612 9.9991E-05 0.050154 0.03814
0.152305 0.101728 0.376672 0.16054 9.9991E-05 0.149831 0.0588236
0.0428373 0.12558 0.148796 0.435124 9.9991E-05 0.19816 0.0494038
0.139434 0.131698 0.169947 0.412524 0.0871641 9.9991E-05 0.0591336
0.148613 0.0808683 0.276465 0.401236 0.015429 9.9991E-05 0.0772881
0.10835 0.228355 0.242669 9.9991E-05 0.139701 0.193363 0.0874612
0.119383 0.0344002 0.0890151 0.532105 0.0537474 0.105538 0.0658118
0.100635 0.218817 0.249611 0.336097 9.9982E-05 0.0946404 9.9982E-05
0.141632 0.174241 0.140895 0.466853 9.9982E-05 0.0761786 9.9982E-05
0.069427 0.0975766 0.0216647 0.570882 0.0721678 0.088914 0.0793678
9.9973E-05 9.9973E-05 0.314022 0.132679 0.261731 9.9973E-05 0.291268
9.9964E-05 9.9964E-05 0.335375 9.9964E-05 0.121128 9.9964E-05 0.543097
9.9973E-05 9.9973E-05 0.354388 9.9973E-05 0.144451 0.0791273 0.421733
0.017563 9.9973E-05 0.216047 9.9973E-05 0.409697 9.9973E-05 0.356393
9.9964E-05 0.0102931 0.332141 0.657166 9.9964E-05 9.9964E-05 9.9964E-05
0.0296376 9.9991E-05 0.1341 0.630219 0.0713422 0.0475437 0.0870572
9.9955E-05 9.9955E-05 9.9955E-05 0.30131 0.69819 9.9955E-05 9.9955E-05
0.101395 0.0785255 9.9982E-05 0.309899 0.45112 9.9982E-05 0.0588615
0.10416 0.00427245 0.0326623 0.443891 0.370034 0.0232538 0.0217261
9.9973E-05 0.0239988 0.377824 0.383474 9.9973E-05 0.214403 9.9973E-05
0.120449 0.138674 0.121929 0.387942 0.129492 0.101414 9.9991E-05
0.026954 0.0544693 0.511713 0.149907 0.0010895 0.255767 9.9991E-05
0.0383619 0.0588727 0.243905 0.629445 9.9982E-05 0.0292151 9.9982E-05
0.0990474 0.0873891 0.240358 0.461647 9.9982E-05 0.111358 9.9982E-05
0.025182 0.0820433 0.25664 0.538031 9.9991E-05 0.052538 0.0454656
0.0404642 0.0825902 0.487346 0.181142 9.9982E-05 0.208257 9.9982E-05
0.0272995 0.0861866 0.139948 0.646567 0.0906087 9.9991E-05 0.00928982
9.9982E-05 0.14837 0.185437 0.537577 9.9982E-05 0.0745508 0.0538652
9.995E-05 9.995E-05 9.995E-05 9.995E-05 0.9994 9.995E-05 9.995E-05
9.9964E-05 0.00370218 9.9964E-05 0.102977 0.892921 9.9964E-05 9.9964E-05
9.9973E-05 0.0653328 9.9973E-05 0.288937 0.576951 9.9973E-05 0.0684793
9.9955E-05 9.9955E-05 9.9955E-05 0.3063 0.6932 9.9955E-05 9.9955E-05
0.0376721 0.072107 9.9982E-05 0.0306824 0.848017 9.9982E-05 0.0113215
0.00218009 9.9964E-05 0.000165604 9.9964E-05 0.997254 9.9964E-05 9.9964E-05
0.0153393 9.9964E-05 9.9964E-05 9.9964E-05 0.983332 9.9964E-05 0.000929272
9.9955E-05 9.9955E-05 9.9955E-05 0.131499 0.868001 9.9955E-05 9.9955E-05
0.0166829 0.0272972 9.9973E-05 0.0255521 0.930168 9.9973E-05 9.9973E-05
9.9955E-05 0.0114128 9.9955E-05 9.9955E-05 0.988087 9.9955E-05 9.9955E-05
9.995E-05 9.995E-05 9.995E-05 9.995E-05 0.9994 9.995E-05 9.995E-05
0.018312 9.9982E-05 9.9982E-05 0.207155 0.730424 0.00217541 0.0417342
0.0424139 9.9973E-05 9.9973E-05 0.00834318 0.933343 9.9973E-05 0.0155998
9.9955E-05 0.00711085 9.9955E-05 9.9955E-05 0.992389 9.9955E-05 9.9955E-05
9.9982E-05 0.0168397 9.9982E-05 0.391365 0.381907 0.12173 0.087958
0.043356 0.00983341 9.9982E-05 0.217075 0.682605 9.9982E-05 0.04693
9.9982E-05 9.9982E-05 0.0145224 0.237765 0.709751 0.00345496 0.034307
0.00695832 9.9964E-05 9.9964E-05 0.122121 0.87052 9.9964E-05 9.9964E-05
9.9955E-05 9.9955E-05 9.9955E-05 9.9955E-05 0.989349 9.9955E-05 0.010151
9.9973E-05 9.9973E-05 9.9973E-05 0.05226 0.88496 0.0224248 0.0400553
9.9955E-05 9.9955E-05 9.9955E-05 0.00258959 0.996911 9.9955E-05 9.9955E-05
0.0548792 0.0120859 9.9991E-05 0.203787 0.65686 0.0604589 0.0118293
0.0237775 0.043518 9.9982E-05 0.0253191 0.866549 9.9982E-05 0.0406365
9.9973E-05 9.9973E-05 0.622233 9.9973E-05 0.0388087 0.0342702 0.304388
0.0839917 9.9991E-05 0.187687 0.469139 0.00762619 0.0445666 0.20689
0.0298725 0.0840719 0.278667 0.380586 0.100765 9.9991E-05 0.125937
0.00321038 9.9991E-05 0.526029 0.205361 0.0946011 0.0207243 0.149974
0.138979 0.0904768 0.106217 0.351942 0.194027 0.0146235 0.103735
9.9982E-05 9.9982E-05 0.458361 0.186905 0.083471 0.085708 0.185355
0.113226 0.07198 0.185837 0.421601 0.0541078 0.0200775 0.133171
9.9973E-05 9.9973E-05 0.408943 0.38034 0.119311 9.9973E-05 0.0911056
9.9973E-05 9.9973E-05 0.2976 0.47734 0.119326 9.9973E-05 0.105435
9.9973E-05 9.9973E-05 0.37952 0.355223 0.165832 9.9973E-05 0.0991257
0.0161649 0.118453 0.196238 0.456487 0.109976 9.9991E-05 0.10258
0.0467962 9.9973E-05 0.0988513 0.0219016 9.9973E-05 9.9973E-05 0.832151
0.00363302 0.00150132 9.9982E-05 0.020122 0.0468939 9.9982E-05 0.92765
0.0187006 9.9964E-05 0.026135 9.9964E-05 9.9964E-05 9.9964E-05 0.954765
0.054087 9.9964E-05 9.9964E-05 0.00965386 9.9964E-05 9.9964E-05 0.935859
0.101675 9.9964E-05 9.9964E-05 9.9964E-05 0.0566526 9.9964E-05 0.841273
9.9964E-05 9.9964E-05 9.9964E-05 9.9964E-05 0.0668015 0.0675947 0.865204
0.0216549 9.9964E-05 9.9964E-05 9.9964E-05 0.097481 9.9964E-05 0.880464
0.0218454 9.9982E-05 9.9982E-05 0.00190753 0.0519612 0.0473538 0.876732
9.9973E-05 9.9973E-05 9.9973E-05 0.0259937 0.0430003 0.0226428 0.908063
0.0286887 9.9973E-05 0.0412425 9.9973E-05 0.12871 9.9973E-05 0.801059
0.208408 0.0828989 9.9973E-05 9.9973E-05 9.9973E-05 0.116619 0.591774
0.280322 0.0978321 9.9982E-05 9.9982E-05 0.011824 0.0187929 0.591029
0.268325 0.0726065 0.0372577 9.9982E-05 9.9982E-05 0.0765023 0.545108
0.304666 0.0821442 9.9973E-05 9.9973E-05 9.9973E-05 0.126908 0.485981
0.101211 0.262875 9.9982E-05 0.545627 9.9982E-05 0.00947311 0.0806136
0.101219 0.179186 9.9982E-05 0.569299 9.9982E-05 0.134265 0.0158298
0.233245 0.0998914 0.0821652 0.541714 0.0427841 9.9982E-05 9.9982E-05
0.140132 0.221884 0.0554129 0.441306 9.9991E-05 0.108566 0.0325994
0.516618 0.140731 9.9982E-05 0.2034 9.9982E-05 0.112767 0.0262845
9.9991E-05 0.183232 0.0467241 0.589937 0.0779109 0.0803301 0.0217665
0.0744402 0.274505 9.9973E-05 0.591104 9.9973E-05 0.0596515 9.9973E-05
0.0911055 0.319393 0.0069821 0.557021 9.9982E-05 0.0252985 9.9982E-05
9.9973E-05 0.561727 9.9973E-05 0.3147 0.0642714 0.059001 9.9973E-05
0.0539497 0.215381 0.0150952 0.611894 9.9991E-05 0.0516033 0.0519759
0.143137 0.39392 0.0055092 0.457133 9.9973E-05 9.9973E-05 9.9973E-05
0.115411 0.667523 0.0351662 9.9973E-05 9.9973E-05 0.181599 9.9973E-05
0.103433 0.14536 0.021851 0.62059 9.9982E-05 0.108566 9.9982E-05
9.9973E-05 0.469933 0.136068 0.279003 9.9973E-05 0.114695 9.9973E-05
0.017686 0.332948 0.00271094 0.52225 9.9991E-05 0.0812849 0.04302
0.187769 0.727117 9.9964E-05 0.0847144 9.9964E-05 9.9964E-05 9.9964E-05
0.785193 9.9973E-05 0.146579 9.9973E-05 0.00477524 9.9973E-05 0.0631533
0.705227 9.9973E-05 0.184947 0.0648404 9.9973E-05 9.9973E-05 0.0446859
0.850147 9.9982E-05 0.0895734 0.0295244 9.9982E-05 0.00341781 0.0271373
0.814597 0.00224491 0.105266 9.9973E-05 9.9973E-05 9.9973E-05 0.0775925
0.804045 9.9982E-05 0.102572 0.0469393 0.00615286 0.0400902 9.9982E-05
0.724483 9.9982E-05 0.0980611 0.129427 9.9982E-05 0.00299647 0.0448327
9.9964E-05 9.9964E-05 9.9964E-05 0.104704 0.0403756 9.9964E-05 0.854521
0.0607543 9.9982E-05 0.0308644 0.0885106 0.0455535 9.9982E-05 0.774117
0.013148 9.9982E-05 9.9982E-05 0.10933 0.120825 0.00286422 0.753633
0.0695435 9.9973E-05 9.9973E-05 0.0636406 0.171246 9.9973E-05 0.69527
0.0354875 9.9982E-05 0.0105774 0.0678599 0.112016 9.9982E-05 0.773859
0.470496 0.0684566 0.0389588 9.9973E-05 9.9973E-05 9.9973E-05 0.421789
0.398582 0.0358288 0.0539855 9.9982E-05 9.9982E-05 0.0485359 0.462868
0.456332 0.0208414 9.9982E-05 9.9982E-05 0.00615892 0.0992567 0.417211
0.0344453 9.9973E-05 9.9973E-05 0.149566 0.00680182 9.9973E-05 0.808887
0.445297 0.0932362 0.0392934 9.9982E-05 9.9982E-05 0.0291298 0.392843
9.9982E-05 9.9982E-05 0.11212 0.228553 0.384961 0.0497525 0.224413
0.112117 9.9973E-05 9.9973E-05 0.543138 0.213634 9.9973E-05 0.130811
0.0201935 0.00674522 9.9982E-05 0.519882 0.271263 9.9982E-05 0.181716
0.00267093 0.113044 0.0563289 0.370829 0.204195 9.9991E-05 0.252832
0.0600479 0.0566729 0.0952159 0.5393 0.144907 9.9991E-05 0.103756
9.9973E-05 9.9973E-05 0.246114 9.9973E-05 0.336985 0.0240526 0.392549
0.291881 0.120106 9.9973E-05 0.440845 9.9973E-05 0.146868 9.9973E-05
0.136366 0.0823097 0.134371 0.374339 9.9982E-05 0.272415 9.9982E-05
0.512283 0.0160005 9.9982E-05 0.306084 9.9982E-05 0.131284 0.0341488
0.0582021 0.137028 0.0739456 0.432172 9.9982E-05 0.298452 9.9982E-05
0.0822136 0.209074 0.249084 9.9973E-05 9.9973E-05 0.459329 9.9973E-05
0.140374 9.9991E-05 0.0838765 0.556277 0.0254359 0.121267 0.07267
0.0837642 0.0647923 0.125183 0.515729 9.9991E-05 0.209963 0.000467922
0.401819 0.095374 9.9982E-05 0.368642 9.9982E-05 0.122395 0.0115708
0.321679 9.9982E-05 9.9982E-05 0.479538 0.0813068 0.111002 0.00627441
0.252357 0.145421 0.222455 0.136909 9.9982E-05 0.242658 9.9982E-05
0.14148 0.0837894 0.0761085 0.443267 0.0502735 0.204982 9.9991E-05
0.281483 0.0559798 0.0328644 0.588721 9.9982E-05 0.0407516 9.9982E-05
0.0440583 0.126635 0.187875 0.373436 0.189112 9.9991E-05 0.0787837
0.236726 0.0272696 0.037479 0.403763 9.9982E-05 0.294563 9.9982E-05
0.194188 0.0442374 9.9982E-05 0.489041 0.000756222 0.271577 9.9982E-05
0.0568443 0.0813711 0.12042 0.412351 0.123155 0.205758 9.9991E-05
0.108753 0.0791078 0.0761972 0.584712 9.9991E-05 0.123845 0.0272859
0.11011 0.051442 0.01497 0.573807 0.0786642 0.170906 9.9991E-05
0.140111 0.045642 9.9991E-05 0.587836 0.0959049 0.0413179 0.0890885
0.125784 0.0729847 0.130761 0.535074 0.0841687 0.00441062 0.0468175
9.9973E-05 9.9973E-05 9.9973E-05 0.156452 0.0521672 0.00766417 0.783417
9.9982E-05 9.9982E-05 0.00418309 0.0837153 0.0371654 0.0445503 0.830186
0.0736175 0.031966 0.0535331 0.0652304 9.9982E-05 9.9982E-05 0.775453
9.9982E-05 0.0774122 9.9982E-05 0.00226591 0.0512569 0.0504001 0.818465
9.9964E-05 9.9964E-05 9.9964E-05 0.14043 0.00461265 9.9964E-05 0.854558
0.573695 0.0715768 0.056818 0.18632 0.0320061 0.0751356 0.00444898
0.10144 0.0268254 0.0203305 0.556601 0.0525684 0.181628 0.0606061
0.027111 0.152475 0.130811 0.394141 0.1406 0.019243 0.135618
0.1424 0.0103363 0.026018 0.638548 0.0658616 0.0964588 0.0203774
0.254208 0.0969572 9.9991E-05 0.494232 0.073709 0.0476606 0.0331338
0.2756 9.9991E-05 0.151421 0.305262 0.0263283 0.237333 0.00395641
0.577155 0.154101 0.130054 0.00599321 9.9991E-05 0.0073708 0.125227
0.313605 0.0496193 9.9991E-05 0.567187 0.0195309 0.0443124 0.00564605
0.454441 0.043414 9.9991E-05 0.18109 0.0273279 0.238214 0.0554129
0.114284 0.00238202 0.189151 0.382295 0.0839637 0.227824 9.9991E-05
0.429167 0.100168 9.9982E-05 0.173296 9.9982E-05 0.142452 0.154718
0.20237 0.0880342 0.00673104 0.622023 0.025225 9.9991E-05 0.0555166
0.514554 0.0489041 0.000272146 0.193751 0.0143109 0.164281 0.0639266
0.301989 0.0201285 0.0327045 0.328887 0.0600237 0.201787 0.0544808
0.0840696 0.0547425 0.241352 0.512863 0.0406718 0.0479829 0.0183177
0.0781782 9.9973E-05 0.55706 0.25812 9.9973E-05 0.106342 9.9973E-05
0.0366668 0.138818 0.221582 0.602633 9.9973E-05 9.9973E-05 9.9973E-05
9.9982E-05 0.0744221 0.126912 0.62938 9.9982E-05 0.0918715 0.0772149
0.0544479 0.039162 0.435015 0.33752 9.9982E-05 0.133656 9.9982E-05
0.066718 9.9991E-05 0.225595 0.528321 0.00577923 0.132499 0.0409879
9.9982E-05 0.0543671 0.189753 0.573034 9.9982E-05 0.144847 0.0377986
0.0471936 0.102237 0.591549 0.0660503 9.9982E-05 0.19277 9.9982E-05
9.9973E-05 0.116209 0.567066 0.249749 9.9973E-05 0.0666758 9.9973E-05
0.0475653 9.9973E-05 0.324174 0.532081 9.9973E-05 0.0958795 9.9973E-05
0.123297 0.24811 0.440853 0.0975141 9.9982E-05 0.0900263 9.9982E-05
0.0303613 0.114456 0.395441 0.459442 9.9973E-05 9.9973E-05 9.9973E-05
0.633772 0.179175 0.0488893 0.0527545 0.0839584 0.00135034 9.9991E-05
0.336814 0.0180675 0.0126216 0.261234 9.9982E-05 0.371064 9.9982E-05
0.360771 0.0314341 9.9991E-05 0.307435 0.0416219 0.232422 0.0262153
0.153871 0.100076 0.0376148 0.544103 0.0790062 0.0852291 9.9991E-05
0.466371 0.166734 0.026467 0.270775 9.9982E-05 0.0694534 9.9982E-05
0.204249 9.9991E-05 0.0151598 0.44967 0.0323918 0.245928 0.0525017
0.149403 0.00703206 9.9991E-05 0.679011 0.0044121 0.105853 0.0541885
0.177291 0.073466 9.9991E-05 0.535716 0.0174292 0.151098 0.0448996
0.253589 0.0675909 9.9982E-05 0.400797 0.10258 0.175243 9.9982E-05
0.3073 0.133489 9.9991E-05 0.445232 0.0281174 0.0392453 0.0465166
0.484668 0.177012 9.9982E-05 0.259188 0.0385789 0.0403538 9.9982E-05
0.415673 0.0861444 9.9982E-05 0.336915 0.0937072 0.0673601 9.9982E-05
0.169043 0.00737812 9.9991E-05 0.588249 0.0549704 0.169044 0.0112148
0.126429 0.109124 0.140443 0.581169 0.0242106 0.0185247 9.9991E-05
0.177407 9.9982E-05 0.155437 0.482009 9.9982E-05 0.130448 0.0544994
0.178503 0.0402207 0.0168653 0.476721 0.0466388 0.240951 9.9991E-05
0.386347 9.9982E-05 0.131308 0.375404 9.9982E-05 0.0256503 0.0810906
0.203326 0.0193232 9.9982E-05 0.620816 0.0508227 0.105512 9.9982E-05
0.25305 0.0590307 9.9991E-05 0.543189 0.0157282 0.118109 0.0107933
0.163982 0.0185413 0.0142558 0.535343 0.0888476 0.133709 0.0453202
9.9982E-05 0.0894206 0.118803 0.378755 0.0758014 9.9982E-05 0.337021
9.9991E-05 0.0449652 0.121166 0.386851 0.244351 0.0738925 0.128674
0.0709128 0.0310349 0.0471384 0.539949 0.103211 0.0666538 0.1411
0.0220788 0.0350105 0.00423077 0.594435 0.0319006 0.204452 0.107893
9.9982E-05 9.9982E-05 0.108692 0.424127 0.212661 0.0699235 0.184396
0.109746 9.9973E-05 0.0943913 0.490791 9.9973E-05 0.304771 9.9973E-05
0.0205494 0.0265251 0.0460391 0.594453 0.0749907 0.0630063 0.174437
9.9991E-05 0.144998 0.434212 0.00957466 0.128466 0.064614 0.218036
0.0856557 0.112586 0.0112182 0.466818 0.158594 0.0633881 0.10174
0.0469389 9.9991E-05 0.0737151 0.505782 0.164473 0.0982398 0.110751
0.0998018 0.0597225 9.9991E-05 0.49137 0.19605 0.0195416 0.133414
0.0829548 0.0501543 0.153514 0.266063 0.152684 0.0923283 0.202302
9.9991E-05 0.0111893 0.164277 0.545542 0.156043 0.014502 0.108346
9.9982E-05 9.9982E-05 0.0926998 0.558163 0.157497 0.0517238 0.139716
9.9973E-05 9.9973E-05 0.275121 9.9973E-05 0.170842 0.0735622 0.480176
0.0151945 9.9982E-05 0.0614653 0.6096 0.149249 9.9982E-05 0.164292
9.9982E-05 9.9982E-05 0.112426 0.459931 0.270788 0.0429637 0.113692
9.9982E-05 9.9982E-05 0.0747448 0.60622 0.118237 0.078982 0.121616
9.9982E-05 9.9982E-05 0.081229 0.603064 0.119128 0.0124609 0.183919
0.00794929 0.0356629 0.0598865 0.505985 0.100931 0.11372 0.175864
0.0197014 0.070773 9.9991E-05 0.371226 0.0528767 0.448242 0.0370805
0.0282132 0.0080666 9.9991E-05 0.566228 0.0621442 0.27855 0.0566984
0.0684469 0.121647 9.9973E-05 0.00594257 9.9973E-05 0.803664 9.9973E-05
0.0251604 0.0109258 9.9973E-05 9.9973E-05 9.9973E-05 0.960203 0.00341092
0.0381965 0.0674948 9.9991E-05 0.480149 0.0947914 0.318901 0.000366687
9.9982E-05 9.9982E-05 0.0623726 0.33791 0.308244 0.179406 0.111868
9.9973E-05 9.9973E-05 9.9973E-05 0.296926 0.386107 0.25957 0.0570969
0.0179805 0.00215901 0.109398 0.10951 0.334581 0.261532 0.164839
9.9982E-05 9.9982E-05 0.0539829 0.359543 0.259105 0.204428 0.122741
9.9982E-05 9.9982E-05 0.0605745 0.0111942 0.10987 0.754634 0.0635275
9.9982E-05 9.9982E-05 0.0327987 0.0746791 0.0647065 0.690607 0.137009
9.9973E-05 0.0620847 9.9973E-05 0.518736 0.0566585 0.362221 9.9973E-05
9.9973E-05 9.9973E-05 9.9973E-05 0.420276 0.0851179 0.449266 0.0450398
9.9973E-05 9.9973E-05 9.9973E-05 0.1473 0.0980896 0.711191 0.0431192
9.9991E-05 0.00812484 0.0397402 0.458149 0.144358 0.30403 0.0454979
9.9973E-05 9.9973E-05 0.12008 0.522774 0.120684 0.236163 9.9973E-05
0.101128 0.0205361 0.174071 0.477399 0.133281 0.0548511 0.0387335
0.0489086 9.9964E-05 9.9964E-05 0.3507 9.9964E-05 0.599991 9.9964E-05
0.0660661 0.00109347 0.0788301 0.441712 9.9982E-05 0.412099 9.9982E-05
0.0473893 9.9982E-05 0.0615786 0.547881 9.9982E-05 0.296137 0.0468147
0.075602 9.9991E-05 0.0977653 0.33624 0.0646228 0.388803 0.0368676
0.146968 9.9991E-05 0.113309 0.447795 0.0839989 0.19402 0.0138084
0.0189567 9.9973E-05 0.065113 0.480103 9.9973E-05 0.435528 9.9973E-05
0.0229225 9.9973E-05 0.0440986 0.19857 9.9973E-05 0.734109 9.9973E-05
9.9973E-05 0.0696134 9.9973E-05 0.572905 0.0113644 0.345817 9.9973E-05
0.122442 0.0166289 9.9991E-05 0.497769 0.12087 0.175956 0.066234
9.9964E-05 0.00324191 9.9964E-05 0.231903 9.9964E-05 0.764455 9.9964E-05
9.9964E-05 9.9964E-05 0.0627053 0.436076 9.9964E-05 0.500819 9.9964E-05
0.029501 0.0610212 0.0589892 0.486316 0.0639334 0.227595 0.0726441
0.0692813 0.0282849 9.9982E-05 0.497943 0.0307155 0.373576 9.9982E-05
0.0272668 0.09823 0.0225142 0.4065 0.229837 0.0854584 0.130194
0.120446 0.094465 0.0882378 0.254231 0.218416 0.115151 0.109053
0.0819396 0.0319132 0.139709 0.322588 0.270623 0.0329594 0.120268
0.144364 9.9991E-05 0.0860402 0.268681 0.228578 0.142637 0.129599
0.123313 0.086428 0.0590865 0.5014 0.147761 9.9991E-05 0.0819113
9.9982E-05 9.9982E-05 0.123944 0.408021 0.144922 0.159702 0.163211
9.9964E-05 9.9964E-05 9.9964E-05 9.9964E-05 0.138915 0.664144 0.196542
0.0553397 9.9982E-05 9.9982E-05 0.590211 0.187455 0.091638 0.0751565
9.9973E-05 9.9973E-05 0.133481 9.9973E-05 0.0893824 0.391739 0.385098
9.9973E-05 9.9973E-05 9.9973E-05 0.45523 0.197348 0.310137 0.0369853
9.9964E-05 0.151611 9.9964E-05 0.0738646 9.9964E-05 0.774125 9.9964E-05
9.9955E-05 0.102453 9.9955E-05 9.9955E-05 9.9955E-05 0.897047 9.9955E-05
9.9964E-05 0.12864 9.9964E-05 0.414082 9.9964E-05 0.456878 9.9964E-05
9.9973E-05 9.9973E-05 9.9973E-05 0.580409 0.0152459 0.391065 0.0129805
9.9973E-05 0.0341151 0.0611599 0.386974 9.9973E-05 0.517451 9.9973E-05
9.9973E-05 0.0495714 9.9973E-05 0.472413 9.9973E-05 0.465712 0.0120028
9.9955E-05 9.9955E-05 9.9955E-05 0.526911 9.9955E-05 0.472589 9.9955E-05
9.9982E-05 9.9982E-05 0.0142509 0.0680028 0.0241359 0.0915865 0.801824
0.148886 9.9973E-05 9.9973E-05 9.9973E-05 0.0835147 0.0774209 0.689878
0.0529987 9.9973E-05 9.9973E-05 0.00572429 0.0717047 9.9973E-05 0.869272
9.9964E-05 9.9964E-05 0.00123913 0.0689032 9.9964E-05 9.9964E-05 0.929458
0.0209424 0.330268 0.0588083 0.514056 0.0082297 0.067595 9.9991E-05
9.9991E-05 0.466603 0.00976339 0.373194 0.0555485 0.0324806 0.0623098
0.0521018 0.456333 9.9964E-05 0.491165 9.9964E-05 9.9964E-05 9.9964E-05
0.065437 0.29717 9.9973E-05 0.575865 9.9973E-05 9.9973E-05 0.0612275
0.0921052 0.0919482 0.13775 0.547803 0.0219465 9.9991E-05 0.108347
0.0620642 0.622643 0.0764273 0.214735 9.9982E-05 9.9982E-05 0.0239309
9.9964E-05 0.40315 9.9964E-05 0.525266 0.0711844 9.9964E-05 9.9964E-05
9.9973E-05 0.489282 0.155128 0.352764 9.9973E-05 9.9973E-05 0.00252607
0.0540336 9.9982E-05 9.9982E-05 0.479643 0.170962 0.0361857 0.258975
0.0295205 0.367227 9.9982E-05 0.410212 0.0382579 0.154582 9.9982E-05
0.182141 0.409272 9.9973E-05 0.356008 9.9973E-05 0.0522796 9.9973E-05
9.9964E-05 0.437729 9.9964E-05 0.50036 9.9964E-05 0.0615117 9.9964E-05
0.0594074 0.506907 9.9973E-05 0.371253 9.9973E-05 0.0621324 9.9973E-05
9.9982E-05 0.294965 0.0622091 0.563451 9.9982E-05 0.0270437 0.0521313
0.0428371 0.28888 0.0052549 0.557003 0.0204377 0.0455666 0.0400209
9.9964E-05 0.881418 9.9964E-05 0.015194 9.9964E-05 0.102988 9.9964E-05
9.9973E-05 0.655065 0.118535 0.146976 0.0791246 9.9973E-05 9.9973E-05
0.0703192 0.615357 9.9982E-05 0.244384 0.00516511 0.0645745 9.9982E-05
9.9964E-05 0.878339 0.1057 9.9964E-05 9.9964E-05 0.015561 9.9964E-05
0.0925199 0.478001 9.9973E-05 0.353191 9.9973E-05 0.0759876 9.9973E-05
0.00645467 0.651354 0.260805 0.0613051 0.0198814 9.9982E-05 9.9982E-05
9.9973E-05 0.657367 0.137017 9.9973E-05 9.9973E-05 0.196111 0.00920479
9.9982E-05 0.338744 9.9982E-05 0.558957 0.0206926 0.0644584 0.0169482
0.0731853 0.60457 0.0115548 0.224862 9.9991E-05 0.0618698 0.0238586
0.0945067 0.464524 0.0360344 0.30205 0.102684 9.9982E-05 9.9982E-05
9.9982E-05 0.225061 9.9982E-05 0.468068 0.0994461 0.0150683 0.192157
0.0511392 0.412132 0.0124287 0.524 9.9973E-05 9.9973E-05 9.9973E-05
0.194747 9.9982E-05 0.074018 0.45448 0.00267204 0.273882 9.9982E-05
0.0177069 0.457573 0.0135466 0.493749 0.017225 9.9982E-05 9.9982E-05
0.0828385 0.354742 0.0319135 0.458323 0.0407561 9.9991E-05 0.0313275
9.9964E-05 0.702903 0.00765663 0.289041 9.9964E-05 9.9964E-05 9.9964E-05
0.0591689 0.183323 0.11213 0.525547 0.0712007 0.00318303 0.0454468
0.243199 9.9982E-05 0.0843421 0.0370281 9.9982E-05 0.0103773 0.624853
0.0867979 0.0696791 0.0799915 0.046113 9.9982E-05 9.9982E-05 0.717219
0.139939 9.9964E-05 0.0607441 9.9964E-05 9.9964E-05 9.9964E-05 0.798917
0.151222 9.9964E-05 0.0435162 9.9964E-05 9.9964E-05 9.9964E-05 0.804862
0.251585 9.9964E-05 0.0927955 9.9964E-05 9.9964E-05 9.9964E-05 0.655219
0.15271 0.707075 9.9982E-05 0.0706125 0.0223975 9.9982E-05 0.0470052
0.154432 0.638433 0.0212426 0.106265 9.9991E-05 0.0100554 0.0694728
9.9982E-05 0.810111 0.0100592 0.0375436 0.0509704 0.0911159 9.9982E-05
9.9982E-05 0.265193 9.9982E-05 0.529279 0.0257327 0.0654645 0.11413
0.0427067 0.165972 9.9982E-05 0.501837 9.9982E-05 0.136071 0.153213
9.9982E-05 0.570518 0.117246 0.225604 9.9982E-05 0.0378816 0.048551
9.9973E-05 0.258704 9.9973E-05 0.583123 0.0470613 0.110812 9.9973E-05
9.9982E-05 0.356372 0.175159 0.40039 0.0387088 9.9982E-05 0.0291698
9.9973E-05 0.257067 0.151886 0.521055 9.9973E-05 0.0696922 9.9973E-05
0.0843066 0.288296 0.0220348 0.447322 0.101912 9.9991E-05 0.0560292
0.188118 0.529098 0.0358433 0.246641 9.9973E-05 9.9973E-05 9.9973E-05
0.0827283 0.541783 9.9973E-05 0.364434 9.9973E-05 9.9973E-05 0.0107556
0.164248 0.514643 9.9964E-05 0.320709 9.9964E-05 9.9964E-05 9.9964E-05
0.0437872 0.0347974 0.243983 0.601631 9.9982E-05 9.9982E-05 0.0756015
0.107524 0.490652 9.9973E-05 0.374214 9.9973E-05 9.9973E-05 0.0273101
0.0652459 0.392196 0.039637 0.412052 0.032922 0.0367256 0.0212225
0.0100963 9.9982E-05 0.0824764 0.406017 0.436784 9.9982E-05 0.0644263
0.0153495 0.0470063 0.0714713 0.296974 0.425473 0.0461781 0.0975474
9.9982E-05 0.0112185 0.0280861 0.424463 0.41763 9.9982E-05 0.118403
9.9982E-05 9.9982E-05 0.110271 0.264476 0.489138 0.0200229 0.115891
9.9982E-05 9.9982E-05 0.114698 0.49398 0.281891 0.0318879 0.0773436
9.9973E-05 0.323528 0.16493 0.483308 9.9973E-05 9.9973E-05 0.027934
9.9982E-05 0.0076399 0.0475766 0.0383019 0.669424 9.9982E-05 0.236858
9.9982E-05 0.068714 9.9982E-05 0.270792 0.502385 0.0409214 0.116988
9.9982E-05 0.138141 0.253106 0.345805 0.140361 9.9982E-05 0.122387
9.9973E-05 9.9973E-05 0.25925 0.544062 9.9973E-05 0.121568 0.0748193
0.0555385 0.023234 0.33852 0.400919 9.9991E-05 0.0415055 0.140183
0.0400282 9.9973E-05 0.28046 0.615454 9.9973E-05 9.9973E-05 0.0637578
0.0791837 0.0151574 0.151657 0.609278 0.0137006 0.0239721 0.107052
9.9973E-05 9.9973E-05 0.00283185 0.284773 0.503619 9.9973E-05 0.208476
0.0296775 9.9973E-05 9.9973E-05 0.466031 0.334219 9.9973E-05 0.169773
9.9973E-05 9.9973E-05 0.0697478 0.436428 0.477834 9.9973E-05 0.0156907
0.07536 9.9991E-05 0.0580649 0.423117 0.343801 0.0316074 0.0679504
0.037723 9.9982E-05 9.9982E-05 0.265414 0.55161 0.0442348 0.100818
9.9991E-05 0.0260289 0.0460627 0.342334 0.393892 0.10631 0.0852716
0.0154925 0.00450178 9.9982E-05 0.227203 0.579034 9.9982E-05 0.173569
9.9982E-05 9.9982E-05 0.0169144 0.367911 0.448622 0.08669 0.0796622
0.0258122 9.9964E-05 0.461998 0.51179 9.9964E-05 9.9964E-05 9.9964E-05
0.0279466 0.0773798 9.9991E-05 0.2904 0.405202 0.00549311 0.193478
9.9973E-05 9.9973E-05 0.0604146 0.147423 0.619689 9.9973E-05 0.172174
0.0732113 0.117773 9.9991E-05 0.216478 0.408467 0.0776213 0.106349
0.315066 0.0134055 0.368827 0.199092 9.9982E-05 9.9982E-05 0.10341
0.106412 0.00877286 0.224865 0.601986 0.0375588 0.0203053 9.9991E-05
0.0256307 0.105659 0.0308038 0.366933 0.349534 9.9991E-05 0.12134
0.0554407 9.9982E-05 0.19975 0.647041 0.0100851 9.9982E-05 0.087484
0.0460582 0.0501775 0.31277 0.457162 9.9982E-05 9.9982E-05 0.133632
0.031511 0.0909483 0.0839288 0.354811 0.254608 9.9991E-05 0.184093
9.9991E-05 0.00195992 0.0966511 0.390257 0.22451 0.10737 0.179152
0.00488138 0.13488 0.153678 0.435609 0.19999 9.9991E-05 0.0708616
9.9982E-05 0.0481651 9.9982E-05 0.402772 0.437385 0.0271964 0.0842812
0.0420703 9.9982E-05 0.0362622 0.36285 0.522988 9.9982E-05 0.0356286
9.9982E-05 9.9982E-05 0.0266055 0.136446 0.615007 0.0449437 0.176798
0.00862158 9.9991E-05 0.25809 0.607462 0.00244523 0.0603808 0.0629001
0.0961622 0.0658678 0.252039 0.498594 9.9982E-05 9.9982E-05 0.0871378
0.00394161 0.0358479 0.640979 0.175395 0.0202321 0.0421911 0.0814133
0.000381535 0.10613 0.0668946 0.577898 0.0327811 9.9991E-05 0.215815
0.193144 0.0294114 0.111654 0.387489 0.0701952 0.153848 0.054258
9.9982E-05 0.0789581 0.151149 0.433759 0.152275 9.9982E-05 0.18366
0.0898208 0.0440945 0.128467 0.428058 0.125889 0.0828576 0.100814
9.9964E-05 9.9964E-05 0.560143 9.9964E-05 0.200958 9.9964E-05 0.238499
9.9964E-05 9.9964E-05 0.663004 9.9964E-05 0.106211 9.9964E-05 0.230385
9.9991E-05 0.0151676 0.359289 0.319624 0.0540788 0.108199 0.143543
9.9991E-05 0.00844946 0.435061 0.0285966 0.223716 0.0177553 0.286321
9.9964E-05 9.9964E-05 0.401453 9.9964E-05 0.241416 9.9964E-05 0.356731
0.0637773 0.0879205 0.213168 0.28999 0.180873 0.102889 0.0613834
9.9982E-05 0.100251 0.166721 0.360037 0.141337 9.9982E-05 0.231454
0.00731218 0.0131703 0.361958 0.234068 0.123611 9.9991E-05 0.259781
9.9982E-05 9.9982E-05 0.497454 0.0856314 0.171225 0.0173232 0.228166
0.0792486 0.0848188 0.14586 0.390001 0.149352 0.0541928 0.0965264
0.0362088 0.0441715 0.500798 0.0873519 0.196816 0.00726915 0.127385
9.9964E-05 9.9964E-05 0.583292 9.9964E-05 0.0294688 9.9964E-05 0.386839
0.0841403 0.0606835 0.064219 0.494022 0.194458 9.9991E-05 0.102377
0.0419436 0.0226997 0.127326 0.310505 0.275341 0.0772171 0.144967
0.0398935 9.9982E-05 0.0682056 0.480366 0.138675 9.9982E-05 0.27266
9.9982E-05 9.9982E-05 0.0210091 0.530413 0.247616 0.0372641 0.163498
0.00795155 0.152093 9.9991E-05 0.501815 0.135205 0.0631699 0.139666
9.9982E-05 0.0144667 0.124411 0.553543 0.131308 9.9982E-05 0.176071
0.0317292 0.0331633 0.0818333 0.368568 0.29446 0.0411105 0.149136
9.9973E-05 9.9973E-05 0.076537 0.378836 0.180363 9.9973E-05 0.363964
0.0577901 0.0579112 0.0434255 0.53831 0.139984 9.9991E-05 0.16248
0.082932 9.9982E-05 0.0683746 0.478938 0.232634 9.9982E-05 0.136921
0.00687276 0.0153613 0.108719 0.354285 0.229738 0.0662663 0.218757
0.0930513 0.218971 0.115326 0.255847 0.134958 9.9991E-05 0.181747
0.0243211 0.112411 0.0208361 0.571377 0.038772 0.0564298 0.175853
0.0741649 9.9982E-05 0.0741413 0.440628 0.264395 9.9982E-05 0.146471
0.00599648 0.193315 9.9991E-05 0.59708 0.100893 0.0355031 0.0671126
0.0213888 9.9991E-05 0.108038 0.339398 0.252067 0.015169 0.263839
0.0229404 0.0470398 0.0915471 0.486015 0.174822 0.0116967 0.165939
9.9973E-05 9.9973E-05 0.240522 0.161613 0.247545 9.9973E-05 0.35002
0.0058038 0.0782177 0.00494499 0.479769 0.219692 0.106685 0.104887
9.9982E-05 9.9982E-05 0.223136 0.238071 0.285067 0.00207798 0.251448
0.0836059 0.0919377 0.0177922 9.9991E-05 0.00402474 0.0307301 0.771809
0.78119 9.9982E-05 0.0196226 0.133248 9.9982E-05 0.00595285 0.0597869
0.96209 9.9973E-05 9.9973E-05 9.9973E-05 0.000111888 0.0287977 0.0087007
0.9994 9.995E-05 9.995E-05 9.995E-05 9.995E-05 9.995E-05 9.995E-05
0.924001 9.9964E-05 9.9964E-05 0.0345704 0.0410289 9.9964E-05 9.9964E-05
0.886057 9.9964E-05 9.9964E-05 0.0416784 0.0718644 9.9964E-05 9.9964E-05
0.845752 9.9973E-05 0.000772642 0.124147 9.9973E-05 0.0290279 9.9973E-05
0.967555 0.0155405 9.9964E-05 9.9964E-05 9.9964E-05 9.9964E-05 0.0165048
0.738508 9.9964E-05 9.9964E-05 0.0529684 9.9964E-05 9.9964E-05 0.208124
0.0749213 9.9964E-05 9.9964E-05 9.9964E-05 0.0179764 9.9964E-05 0.906702
0.127132 9.9964E-05 9.9964E-05 0.0680436 9.9964E-05 9.9964E-05 0.804424
9.9982E-05 0.061845 9.9982E-05 0.00210375 0.0394328 0.0262076 0.870211
0.0939775 9.9973E-05 0.061147 0.0484392 9.9973E-05 9.9973E-05 0.796136
0.0388271 9.9982E-05 0.0266758 0.00948193 0.0541493 9.9982E-05 0.870666
0.0790819 0.00830172 0.0156448 9.9991E-05 0.021817 0.00610917 0.868946
0.0308153 9.9982E-05 0.120984 0.0287205 0.13938 9.9982E-05 0.6799
0.0198119 0.00513068 0.0365276 0.0283989 0.0639485 0.00259812 0.843584
0.12828 0.0253585 9.9982E-05 0.114355 0.0277544 9.9982E-05 0.704053
9.9973E-05 0.0483754 9.9973E-05 0.0039527 0.0522937 9.9973E-05 0.895078
0.0380339 0.0184002 9.9964E-05 9.9964E-05 9.9964E-05 9.9964E-05 0.943166
0.0269084 0.0387338 9.9982E-05 0.0677981 0.0165862 9.9982E-05 0.849774
0.00563584 9.9973E-05 0.027349 0.0173227 9.9973E-05 9.9973E-05 0.949393
0.0104254 9.9973E-05 0.020267 0.0826411 9.9973E-05 9.9973E-05 0.886367
0.00677482 0.0423513 9.9982E-05 0.0738693 0.0373984 9.9982E-05 0.839406
9.9955E-05 9.9955E-05 9.9955E-05 0.155759 9.9955E-05 9.9955E-05 0.843741
9.9964E-05 9.9964E-05 9.9964E-05 0.132656 0.0961088 9.9964E-05 0.770835
9.9964E-05 9.9964E-05 9.9964E-05 0.177325 0.0410938 9.9964E-05 0.781182
9.9964E-05 9.9964E-05 9.9964E-05 0.203297 0.00669222 9.9964E-05 0.789611
0.0324864 0.0898145 0.272792 0.456228 9.9982E-05 9.9982E-05 0.148479
9.9973E-05 0.0552344 0.188357 0.723272 9.9973E-05 9.9973E-05 0.0328366
0.0294323 0.0381218 0.126071 0.657476 9.9991E-05 0.00088314 0.147916
0.0315562 0.0799088 0.734932 0.131515 9.9982E-05 0.0218879 9.9982E-05
0.101251 0.033196 0.205393 0.526241 9.9982E-05 9.9982E-05 0.133719
0.000774001 9.9973E-05 0.814558 0.130049 9.9973E-05 9.9973E-05 0.0543193
0.0434843 0.0152678 0.256798 0.571383 0.0293811 9.9991E-05 0.0835851
0.136592 0.119769 0.3097 0.373859 9.9982E-05 9.9982E-05 0.0598799
0.0821337 0.0549396 0.326619 0.519989 9.9982E-05 9.9982E-05 0.0161187
0.0201726 0.38082 0.0641659 0.474961 0.0596808 9.9982E-05 9.9982E-05
0.150916 0.00536779 0.344251 0.472836 9.9982E-05 9.9982E-05 0.0264287
9.9973E-05 0.0375323 0.310779 0.599585 9.9973E-05 9.9973E-05 0.0518035
0.131294 9.9973E-05 0.211402 0.603507 9.9973E-05 9.9973E-05 0.0534976
0.394282 0.145698 0.013796 0.0412108 0.0550917 0.349822 9.9991E-05
0.0487811 9.9964E-05 0.89992 9.9964E-05 9.9964E-05 0.0508986 9.9964E-05
0.0552054 9.9964E-05 0.802249 0.142146 9.9964E-05 9.9964E-05 9.9964E-05
9.9982E-05 0.0524617 0.275761 0.558685 0.0488096 9.9982E-05 0.0640828
9.9973E-05 0.0234388 0.355754 0.534503 9.9973E-05 9.9973E-05 0.0860042
