9.9973E-05 0.921112 9.9973E-05 0.0318566 9.9973E-05 0.0107139 0.036018
9.9955E-05 0.959594 9.9955E-05 9.9955E-05 9.9955E-05 9.9955E-05 0.0399064
0.0438381 0.799141 9.9982E-05 0.0151261 0.0849769 0.0567183 9.9982E-05
0.01675 0.740231 0.00657097 0.0784344 0.0325526 0.105884 0.019578
9.9982E-05 0.822375 0.0374243 0.0517358 0.00112534 0.0871393 9.9982E-05
9.999E-05 0.59671 0.0815944 0.119413 0.127682 0.0632717 0.0112297
0.065624 0.807191 0.0304942 0.0728446 9.9982E-05 0.0236464 9.9982E-05
9.9982E-05 0.700867 0.0575576 0.171117 9.9982E-05 0.0557875 0.0144711
9.99729E-05 0.816485 0.0680653 0.0671765 9.99729E-05 9.99729E-05 0.0479729
9.9982E-05 0.661949 0.0561663 0.076027 0.0735843 0.132073 9.9982E-05
9.9982E-05 0.705404 0.0943414 0.149749 0.0381205 0.0121853 9.9982E-05
0.83343 0.00951983 9.9973E-05 9.9973E-05 0.0823382 0.0744122 9.9973E-05
0.489158 9.9982E-05 0.00488082 0.0158719 0.425776 0.0641128 9.9982E-05
0.745149 9.9973E-05 0.110553 9.9973E-05 0.0620301 0.0819671 9.9973E-05
0.680228 0.0333342 0.0356046 9.9982E-05 0.146561 0.104071 9.9982E-05
0.492996 0.100899 9.9982E-05 9.9982E-05 0.264325 0.138159 0.0034225
0.418997 9.9964E-05 9.9964E-05 9.9964E-05 0.461656 0.118948 9.9964E-05
0.388342 0.0546032 0.04195 0.00712997 0.284084 0.0855891 0.138302
0.632825 0.0700727 9.9982E-05 9.9982E-05 0.170011 0.0847035 0.0421874
0.825019 0.0421653 0.0950584 0.0374577 9.9973E-05 9.9973E-05 9.9973E-05
0.462351 0.00990219 0.00382125 0.0853958 0.308962 0.0971329 0.0324346
0.223329 0.0593613 0.140147 9.9991E-05 0.357308 0.0459661 0.173789
0.252787 0.0392407 9.9991E-05 0.10199 0.495366 0.0239385 0.0865779
0.75995 9.9973E-05 9.9973E-05 9.9973E-05 0.111191 0.0792096 0.0493493
0.145033 0.0768263 9.9991E-05 0.0281101 0.606039 0.0683809 0.0755104
0.394867 9.9973E-05 0.0214698 9.9973E-05 0.429917 0.153447 9.9973E-05
0.892498 0.00792965 9.9964E-05 9.9964E-05 9.9964E-05 0.0991727 9.9964E-05
0.816461 9.9955E-05 9.9955E-05 9.9955E-05 9.9955E-05 0.183039 9.9955E-05
0.80093 9.9973E-05 0.0783539 9.9973E-05 0.118851 0.00156567 9.9973E-05
9.9964E-05 0.830507 9.9964E-05 9.9964E-05 0.111615 0.0574779 9.9964E-05
0.0215262 0.828938 9.9973E-05 9.9973E-05 0.14357 0.00566621 9.9973E-05
0.0455358 0.778432 9.9982E-05 9.9982E-05 0.0971574 0.072609 0.00606538
9.9973E-05 0.752316 9.9973E-05 9.9973E-05 0.0842007 0.0943971 0.0687865
0.0658233 0.0712019 0.0792305 9.9991E-05 0.490471 0.0190393 0.274134
0.285123 0.0484934 9.9982E-05 9.9982E-05 0.353166 0.0898513 0.223166
9.9964E-05 0.0284084 9.9964E-05 9.9964E-05 0.549262 9.9964E-05 0.421929
0.588296 0.11301 0.0307252 0.126066 0.0626927 0.0171936 0.0620165
9.9973E-05 9.9973E-05 0.124575 9.9973E-05 0.24698 0.0553457 0.5728
0.0953702 0.119533 9.9991E-05 0.0144889 0.509106 0.0311021 0.2303
9.9982E-05 0.0207621 0.0498897 9.9982E-05 0.623845 0.0909849 0.214318
9.9991E-05 0.0780158 0.155901 0.0777083 0.587887 0.0154858 0.084902
0.121315 0.0638104 0.0320413 0.0268948 0.566807 0.0274454 0.161686
0.256777 0.00288511 0.0225008 9.9991E-05 0.0133821 0.0240707 0.680285
0.153326 0.0437706 0.103653 0.0044524 0.564349 0.0664313 0.0640178
0.00296647 0.0456326 0.0144135 0.0148383 0.503206 0.0939134 0.32503
0.0395595 0.188713 0.0295197 9.9991E-05 0.590774 0.0211596 0.130175
9.9955E-05 9.9955E-05 9.9955E-05 9.9955E-05 0.272595 9.9955E-05 0.726906
9.9982E-05 0.0655767 9.9982E-05 0.0142275 0.552352 0.0276231 0.340021
0.0801001 0.0813775 0.032508 9.9991E-05 0.550641 0.0100979 0.245176
9.9964E-05 0.082165 0.285405 9.9964E-05 9.9964E-05 9.9964E-05 0.63203
0.422017 9.9982E-05 0.115321 0.188206 0.136632 9.9982E-05 0.137623
0.268515 9.9991E-05 0.406909 0.0254855 0.0464082 0.0445237 0.208059
0.134005 0.0527706 9.9991E-05 0.0834385 0.571477 0.110629 0.0475807
0.179348 0.113744 0.0880945 9.9991E-05 0.571274 0.0365493 0.0108904
0.211933 0.0156231 0.0659611 9.9991E-05 0.571489 0.0486498 0.0862441
0.265822 0.109216 0.0217269 0.215006 0.124228 9.9991E-05 0.263901
0.159763 9.9982E-05 0.0186617 0.115392 0.658536 9.9982E-05 0.0474469
0.0771098 0.0827431 0.133016 0.0615586 0.574907 0.0705657 9.9991E-05
0.285563 0.144153 0.0184218 0.0559481 0.324649 9.9991E-05 0.171165
0.464703 0.150483 0.204221 0.0860323 9.9991E-05 0.0646471 0.0298128
0.057167 0.110996 0.00902869 0.0100768 0.529447 0.0460852 0.237199
0.446892 0.0325648 0.0299003 0.0795531 0.36863 0.0423597 9.9991E-05
0.584769 0.0304313 0.14218 0.139265 9.9982E-05 9.9982E-05 0.103155
0.445176 9.9973E-05 9.9973E-05 0.0168078 0.42991 9.9973E-05 0.107806
0.101575 0.0144567 0.0582031 0.00530195 0.619348 0.0792787 0.121836
0.219014 0.111597 0.0168369 9.9991E-05 0.435734 0.135268 0.0814505
0.328895 0.0421071 0.0420708 0.0988872 0.232106 0.0544946 0.20144
0.380766 9.9973E-05 0.0866827 9.9973E-05 0.456859 9.9973E-05 0.0753926
9.9991E-05 0.0462017 0.0361315 0.187959 0.643988 0.0167541 0.0688664
0.497244 9.9982E-05 0.16509 0.108834 0.121331 9.9982E-05 0.107301
0.0536804 9.9973E-05 9.9973E-05 0.0379425 0.532985 9.9973E-05 0.375092
0.182676 0.00393399 9.9982E-05 9.9982E-05 0.1064 0.0420598 0.664731
0.0203274 0.121122 0.0206734 0.085603 0.574742 0.0472222 0.13031
9.9964E-05 0.00618252 0.160359 9.9964E-05 9.9964E-05 9.9964E-05 0.833059
0.0130745 9.9964E-05 0.20158 9.9964E-05 9.9964E-05 9.9964E-05 0.784946
9.9973E-05 9.9973E-05 9.9973E-05 0.0114199 0.203986 0.0229798 0.761315
0.0334638 0.0316611 0.0158306 0.0418265 0.44817 9.9991E-05 0.428948
0.04673 0.0961472 9.9982E-05 0.102838 0.616358 9.9982E-05 0.137726
0.0570744 0.00307886 9.9991E-05 0.0524016 0.444215 0.0164083 0.426722
0.123884 0.0398479 9.9991E-05 0.068824 0.0975392 0.0292802 0.640524
0.147325 0.055604 9.9982E-05 0.138823 0.156821 9.9982E-05 0.501226
9.9973E-05 0.105963 9.9973E-05 9.9973E-05 0.496942 0.130393 0.266402
0.182229 0.0432776 0.0257853 9.9991E-05 0.248752 0.00939521 0.490461
0.175224 0.0212548 9.9973E-05 9.9973E-05 0.366185 9.9973E-05 0.437036
9.9964E-05 9.9964E-05 0.0341671 9.9964E-05 0.421725 9.9964E-05 0.543708
9.9982E-05 0.00785178 0.247437 0.00395957 9.9982E-05 0.00111172 0.73944
0.146172 0.0754726 0.0339162 0.0248272 0.573392 0.024553 0.121667
0.109614 0.802704 9.9991E-05 0.000360551 0.025717 0.0367416 0.0247626
9.9955E-05 0.895104 9.9955E-05 9.9955E-05 0.104397 9.9955E-05 9.9955E-05
9.9973E-05 0.830856 9.9973E-05 0.0454008 0.0693472 0.0540962 9.9973E-05
9.9973E-05 0.890477 0.0320978 9.9973E-05 0.0469388 0.0301866 9.9973E-05
9.9973E-05 0.843207 9.9973E-05 9.9973E-05 0.0743818 0.0387597 0.0433516
9.9973E-05 0.880731 9.9973E-05 9.9973E-05 0.0741206 0.0267238 0.0181247
0.0379215 0.887444 9.9982E-05 9.9982E-05 0.0545129 0.0188566 0.00106505
0.087678 0.0303987 9.9982E-05 9.9982E-05 0.424821 0.17036 0.286543
9.9982E-05 0.0919649 0.101058 9.9982E-05 0.618429 0.0538967 0.134451
0.160265 0.00663749 0.0126679 9.9973E-05 9.9973E-05 9.9973E-05 0.82013
0.0672067 0.0609154 0.0759686 0.0928761 0.520942 0.100145 0.0819457
0.0790003 0.0263204 9.9991E-05 0.0382719 0.344808 0.0756651 0.435834
9.9982E-05 0.060921 9.9982E-05 0.00182011 0.606147 0.023886 0.307026
0.0991235 9.9982E-05 0.0564757 9.9982E-05 0.464556 0.0204954 0.35915
9.9982E-05 0.031519 9.9982E-05 0.0412246 0.415871 0.0903923 0.420793
0.188653 0.0302821 9.9973E-05 0.0998399 9.9973E-05 9.9973E-05 0.680925
9.9991E-05 0.184604 0.0113806 0.0964443 0.524998 0.0423341 0.140139
0.117694 9.9982E-05 0.0602459 0.0306235 0.697762 9.9982E-05 0.0934744
9.9982E-05 0.0926007 9.9982E-05 0.15585 0.598682 0.0396955 0.112971
9.9973E-05 0.0896621 0.0818537 9.9973E-05 0.265373 9.9973E-05 0.562811
9.9973E-05 9.9973E-05 0.0210164 9.9973E-05 0.444927 0.0718771 0.46188
0.115239 0.0175355 9.9982E-05 0.0367201 0.439641 9.9982E-05 0.390664
9.9964E-05 9.9964E-05 9.9964E-05 9.9964E-05 0.276453 0.101012 0.622135
0.0844497 0.0452816 9.9982E-05 9.9982E-05 0.373748 0.0173356 0.478985
0.229368 0.103785 9.9982E-05 9.9982E-05 0.528382 0.0150537 0.123211
0.393178 9.9982E-05 0.229963 0.0714641 0.238404 9.9982E-05 0.0667914
0.218672 0.0607151 0.0237111 0.201987 0.433235 0.061579 9.9991E-05
0.0982516 0.107208 9.9991E-05 0.0858565 0.46414 0.0911217 0.153322
9.9991E-05 0.0938379 0.0333032 0.0347525 0.461689 0.157648 0.21867
0.416096 0.0583331 0.0071991 0.0770763 0.441096 9.9982E-05 9.9982E-05
0.243388 0.0229847 0.0469816 0.0980523 0.588393 9.9982E-05 9.9982E-05
0.324408 0.0565041 9.9991E-05 0.0824181 0.438324 0.0305929 0.0676531
9.9991E-05 0.060805 0.0989982 0.181131 0.551326 0.00441796 0.103222
0.0411162 9.9991E-05 0.0849661 0.177903 0.512091 0.0842755 0.099549
0.259271 0.0260011 0.138891 9.9991E-05 0.501564 0.0715718 0.00260089
0.30935 9.9982E-05 0.0245328 0.136699 0.477612 9.9982E-05 0.0516063
0.018022 9.9991E-05 0.0620273 0.151729 0.578472 0.125143 0.0645063
9.9991E-05 0.101978 0.188166 0.0224537 0.559932 0.0323 0.09507
0.25373 9.9982E-05 9.9982E-05 0.069751 0.547854 0.0651389 0.0633259
9.9991E-05 0.023551 0.10388 0.207292 0.457186 0.105043 0.102947
0.21814 9.9991E-05 0.0414773 0.0813767 0.536967 0.0990575 0.0228822
0.362976 0.105633 0.168111 0.0207902 0.335199 0.00719062 9.9991E-05
0.221545 0.019273 0.00266215 0.0339219 0.603434 0.0968885 0.0222755
0.270109 0.0268419 9.9982E-05 0.0301868 0.633762 9.9982E-05 0.0388996
0.459326 0.0185692 9.99984E-05 0.149603 0.199192 0.0803909 0.0928193
0.373101 0.0211114 0.317981 0.0650659 0.0676318 0.0279278 0.127181
0.112144 9.9991E-05 0.0337113 0.203949 0.460304 0.107284 0.0825075
0.12726 9.9991E-05 0.32668 0.11822 0.0412883 0.0509726 0.335479
0.479988 0.0064944 0.0198412 0.164156 0.177328 0.030385 0.121808
0.392222 0.00390135 0.028049 0.10815 0.34667 9.9991E-05 0.120907
0.457706 9.9973E-05 9.9973E-05 0.130289 0.286872 9.9973E-05 0.124834
0.4523 9.9982E-05 9.9982E-05 0.214195 0.171974 0.0340359 0.127296
0.139929 0.0598485 0.0245939 0.0923793 0.549905 0.0695579 0.0637866
0.0764166 0.0832206 0.0740159 0.139414 0.510556 0.0809006 0.0354761
0.28108 0.12176 0.030539 0.00348688 0.562934 9.9982E-05 9.9982E-05
0.307503 9.9991E-05 0.280766 0.115596 0.0641912 0.0869638 0.14488
9.9991E-05 0.20123 0.0117303 0.0600946 0.487531 0.00408547 0.235228
0.0148799 9.9991E-05 0.227452 0.0607079 0.487476 0.128506 0.0808776
0.0944608 0.132808 0.53549 0.0938309 9.9982E-05 9.9982E-05 0.14321
9.9982E-05 0.0877662 0.117456 9.9982E-05 0.680249 0.0378333 0.076495
0.0335553 0.0684429 0.292648 0.0905481 0.349673 9.9991E-05 0.165032
0.196927 0.0398465 0.184972 9.9982E-05 0.458692 0.119362 9.9982E-05
0.0934336 0.0424313 0.354527 0.122593 0.280144 0.0559365 0.0509342
0.212481 0.061274 0.385996 0.048209 0.170669 9.9991E-05 0.12127
0.172096 9.9991E-05 0.267377 0.0725568 0.39948 0.0199438 0.0684459
0.121029 0.0384442 0.217918 0.105745 0.449449 0.013124 0.0542913
0.11333 0.0588543 0.171355 0.0336333 0.329442 0.177548 0.115837
0.14916 0.0729165 0.375843 0.0107874 9.9991E-05 0.137083 0.25411
0.188932 0.0278813 0.0482348 0.0559112 0.553366 9.9991E-05 0.125574
0.247366 9.9973E-05 0.262685 9.9973E-05 0.356059 9.9973E-05 0.13359
0.113867 9.9982E-05 0.199715 0.0216388 0.509492 9.9982E-05 0.155088
9.9982E-05 9.9982E-05 0.113704 0.122061 0.571485 0.0704585 0.122091
0.0613349 0.287708 0.227574 0.0379816 0.178375 0.206927 9.9991E-05
9.9964E-05 0.50188 0.365169 9.9964E-05 9.9964E-05 0.132551 9.9964E-05
9.9964E-05 0.38687 0.456127 9.9964E-05 9.9964E-05 0.156604 9.9964E-05
0.0289971 0.365575 0.242446 9.9973E-05 9.9973E-05 0.362682 9.9973E-05
9.9982E-05 0.0150103 0.242322 0.0226361 0.655923 9.9982E-05 0.0639086
0.00992043 0.0698181 0.201859 0.083061 0.512955 0.0489563 0.0734305
0.0644595 9.9964E-05 9.9964E-05 9.9964E-05 0.223395 0.711746 9.9964E-05
0.116875 9.9982E-05 9.9982E-05 0.0563521 0.251586 0.511251 0.0637352
9.9982E-05 0.0788732 0.0122293 0.106623 0.38918 0.412894 9.9982E-05
0.0691923 9.9982E-05 0.506622 0.0134795 0.348587 9.9982E-05 0.0619196
0.0619107 0.0918943 0.0993222 9.9991E-05 0.414835 0.101594 0.230344
0.105864 9.9982E-05 0.637051 9.9982E-05 0.231911 0.00780262 0.017172
0.0852513 0.0242803 0.227644 0.0233515 0.564003 9.9991E-05 0.0753693
0.128287 9.9991E-05 0.222512 0.0563463 0.428919 0.0347134 0.129123
0.129869 9.9991E-05 0.222317 0.0227564 0.551132 0.0557713 0.018054
0.0179133 9.9973E-05 0.554834 9.9973E-05 0.29816 9.9973E-05 0.128793
0.0228286 0.0539885 0.0418282 9.9991E-05 0.490908 0.157511 0.232835
0.10649 9.9991E-05 0.150854 0.0426732 0.538424 0.0723376 0.0891213
0.0212322 9.9964E-05 9.9964E-05 9.9964E-05 9.9964E-05 0.975918 0.00245012
0.0179188 9.9973E-05 9.9973E-05 0.0102987 0.059099 0.912383 9.9973E-05
0.121044 0.0254259 0.0607685 0.0579988 0.144448 0.590215 9.9991E-05
9.9973E-05 9.9973E-05 9.9973E-05 0.0460499 0.185473 0.756194 0.0119835
9.9973E-05 9.9973E-05 9.9973E-05 0.0190351 0.0754603 0.830476 0.0747282
9.995E-05 9.995E-05 9.995E-05 9.995E-05 9.995E-05 0.9994 9.995E-05
9.9955E-05 9.9955E-05 9.9955E-05 0.0293534 9.9955E-05 0.970147 9.9955E-05
9.9964E-05 9.9964E-05 9.9964E-05 9.9964E-05 0.135983 0.859949 0.0036679
9.9964E-05 9.9964E-05 9.9964E-05 0.0293472 0.00933875 0.960914 9.9964E-05
9.995E-05 9.995E-05 9.995E-05 9.995E-05 9.995E-05 0.9994 9.995E-05
9.995E-05 9.995E-05 9.995E-05 9.995E-05 9.995E-05 0.9994 9.995E-05
0.0431757 0.0332022 9.9973E-05 9.9973E-05 0.193698 0.729625 9.9973E-05
0.0252635 0.0011301 0.00323201 9.9991E-05 0.0751758 0.892727 0.00237122
0.00674054 0.00900238 9.9973E-05 9.9973E-05 9.9973E-05 0.970049 0.013908
0.18216 0.00256032 9.9991E-05 0.0669884 0.215705 0.433996 0.0984893
0.0304371 0.0486673 9.9991E-05 0.00514334 0.176681 0.696116 0.0428552
9.9982E-05 9.9982E-05 0.0294901 0.037829 0.178532 0.743539 0.0104105
9.9964E-05 0.0495311 9.9964E-05 9.9964E-05 0.103486 0.846583 9.9964E-05
9.9955E-05 9.9955E-05 9.9955E-05 9.9955E-05 0.037847 0.961653 9.9955E-05
9.9973E-05 0.0404743 9.9973E-05 9.9973E-05 0.0777447 0.878121 0.00335966
9.995E-05 9.995E-05 9.995E-05 9.995E-05 9.995E-05 0.9994 9.995E-05
0.0535547 9.9982E-05 9.9982E-05 0.0615438 0.18531 0.693799 0.00559245
9.9964E-05 0.00717288 9.9964E-05 9.9964E-05 9.9964E-05 0.925832 0.0665954
9.9973E-05 0.344793 0.606482 9.9973E-05 9.9973E-05 0.0380505 0.0103741
0.156619 0.162206 0.190563 0.110418 0.297394 0.0826999 9.9991E-05
9.9991E-05 0.206443 0.222449 0.0818008 0.418852 0.0234088 0.0469473
0.0456172 0.216362 0.407032 9.9991E-05 0.158285 0.131972 0.040632
9.9982E-05 0.0773343 0.230614 0.0378411 0.541777 0.112234 9.9982E-05
0.0478582 0.262563 0.383307 9.9982E-05 0.293522 0.0125496 9.9982E-05
0.0863556 0.212333 0.0996149 0.0465807 0.442344 9.9991E-05 0.112672
0.0117118 0.128111 0.359846 9.9982E-05 0.316118 0.184013 9.9982E-05
0.0414656 0.150793 0.208286 9.9982E-05 0.485265 0.113991 9.9982E-05
9.9973E-05 0.155161 0.336253 9.9973E-05 0.413427 0.0948584 9.9973E-05
0.114266 0.146828 0.112335 9.9991E-05 0.376352 0.127386 0.122733
9.9973E-05 0.794773 0.0432776 0.0826459 0.0790034 9.9973E-05 9.9973E-05
9.9964E-05 0.915027 0.0146376 9.9964E-05 9.9964E-05 0.0699359 9.9964E-05
0.0163556 0.933444 9.9973E-05 0.0418579 0.00804293 9.9973E-05 9.9973E-05
9.9973E-05 0.932964 0.00182047 0.036099 0.0288163 9.9973E-05 9.9973E-05
9.9982E-05 0.862861 0.0506795 0.0391887 0.0232921 0.0237788 9.9982E-05
0.00365136 0.900313 0.00785835 9.9982E-05 9.9982E-05 0.0585354 0.0294424
9.9982E-05 0.895493 9.9982E-05 0.00625241 0.00946928 0.0806027 0.0079824
9.9973E-05 0.863404 0.0802643 0.0273996 0.0286323 9.9973E-05 9.9973E-05
0.0664615 0.917986 9.9973E-05 9.9973E-05 9.9973E-05 0.0125392 0.00271341
0.00910002 0.798541 0.104455 9.9973E-05 9.9973E-05 0.0876032 9.9973E-05
0.1959 0.618805 9.9973E-05 0.110752 9.9973E-05 9.9973E-05 0.0742428
0.272204 0.544271 9.9964E-05 0.183125 9.9964E-05 9.9964E-05 9.9964E-05
0.271198 0.513116 0.103461 0.111924 9.9973E-05 9.9973E-05 9.9973E-05
0.244661 0.464001 0.0286323 0.162659 9.9982E-05 9.9982E-05 0.0998469
0.170754 0.0820311 0.0570213 9.9991E-05 0.472841 0.0335949 0.183657
0.178884 9.9982E-05 9.9982E-05 0.0137741 0.385787 0.059674 0.361681
0.206522 0.00809508 9.9991E-05 0.0401873 0.403469 0.102524 0.239103
0.317004 0.0792837 9.9982E-05 0.0441296 0.356067 9.9982E-05 0.203316
0.551288 9.9973E-05 9.9973E-05 0.208417 9.9973E-05 0.10818 0.131815
0.0671513 0.0190197 9.9991E-05 0.0426416 0.590879 0.0652786 0.21493
0.0838006 9.9973E-05 9.9973E-05 0.00228739 0.634484 9.9973E-05 0.279128
0.149075 9.9991E-05 0.125644 0.0416782 0.433637 0.0210673 0.228798
9.9982E-05 9.9982E-05 0.00941562 0.0117307 0.260805 0.105842 0.612007
9.9991E-05 0.0527536 0.0386171 0.109543 0.601351 0.0843273 0.113308
0.12604 9.9973E-05 9.9973E-05 0.113483 0.383103 9.9973E-05 0.377073
0.0525596 9.9973E-05 0.139755 0.0410779 9.9973E-05 9.9973E-05 0.766308
0.297104 0.0742628 0.0718415 0.0463016 0.499244 0.00766372 0.00358225
0.0334702 9.9982E-05 0.237345 0.00141983 0.246722 9.9982E-05 0.480843
9.9964E-05 9.9964E-05 0.0882186 9.9964E-05 0.519798 9.9964E-05 0.391583
0.260132 0.0297671 9.9982E-05 0.0399014 0.0100766 9.9982E-05 0.659923
9.9973E-05 0.0418737 0.0927729 0.821524 0.0435292 9.9973E-05 9.9973E-05
9.9964E-05 9.9964E-05 0.120637 0.793493 0.0854699 9.9964E-05 9.9964E-05
9.9964E-05 9.9964E-05 0.0303687 0.932249 0.0369828 9.9964E-05 9.9964E-05
9.9982E-05 0.0592463 0.023471 0.852711 0.00896024 9.9982E-05 0.0554118
0.0927142 9.9982E-05 0.0689838 0.76998 0.0353819 0.0327399 9.9982E-05
9.9973E-05 9.9973E-05 0.000246719 0.870827 0.0555864 0.0730397 9.9973E-05
9.9982E-05 0.851748 9.9982E-05 0.00057202 0.031968 0.0691045 0.0464072
0.0457192 0.770505 9.9982E-05 0.0711705 0.0271644 0.0852411 9.9982E-05
9.9964E-05 0.765973 9.9964E-05 9.9964E-05 0.148357 0.0852707 9.9964E-05
0.124064 0.740208 9.9973E-05 0.00301009 9.9973E-05 0.132418 9.9973E-05
0.109105 0.734938 9.9973E-05 0.0085257 9.9973E-05 0.147131 9.9973E-05
0.0970075 0.362338 9.9973E-05 0.519136 9.9973E-05 9.9973E-05 0.0212187
9.9973E-05 0.470359 0.0558912 0.371516 9.9973E-05 9.9973E-05 0.101934
9.9982E-05 0.412323 0.0289388 0.476327 9.9982E-05 0.0191951 0.0630161
0.0180057 0.850576 9.9964E-05 9.9964E-05 0.131019 9.9964E-05 9.9964E-05
9.9973E-05 0.358606 0.0702299 0.466613 9.9973E-05 9.9973E-05 0.104252
9.9973E-05 0.184253 0.211181 9.9973E-05 0.204861 0.399405 9.9973E-05
0.110275 0.112121 0.0233432 0.0321806 0.509059 0.21292 9.9991E-05
0.00507985 0.185715 9.9973E-05 9.9973E-05 0.526013 0.282892 9.9973E-05
0.0766866 0.210451 0.112136 9.9991E-05 0.306856 0.25463 0.0391404
0.00517278 0.247042 0.0104583 0.0970044 0.449083 0.143788 0.0474515
9.9964E-05 0.473644 0.245642 9.9964E-05 9.9964E-05 0.280314 9.9964E-05
0.310612 9.9982E-05 0.0170175 0.11572 0.364384 9.9982E-05 0.192066
0.190101 9.9982E-05 0.237794 0.112776 0.41158 9.9982E-05 0.0475481
0.543332 0.0669805 9.9973E-05 0.195138 0.194249 9.9973E-05 9.9973E-05
0.0965025 9.9982E-05 0.226718 0.027292 0.51097 9.9982E-05 0.138318
0.130517 9.9973E-05 0.572716 0.0178855 9.9973E-05 9.9973E-05 0.278582
0.27336 0.0409041 0.127156 0.0363956 0.426461 0.0956235 9.9991E-05
0.219822 0.0168468 0.168401 0.0982542 0.480136 9.9991E-05 0.0164406
0.572334 0.0271249 0.0715458 0.0618366 0.241353 9.9991E-05 0.0257054
0.196895 0.0272868 0.019756 0.0433596 0.393145 0.116379 0.203178
0.471557 9.9973E-05 0.342867 9.9973E-05 0.0851279 9.9973E-05 0.100148
0.0737537 0.0218126 0.214485 0.0835064 0.473404 0.0329111 0.100127
0.130336 0.0347479 0.000321065 0.191463 0.528446 0.00908501 0.105601
0.0472715 0.162629 0.0461532 0.0251278 0.413944 0.150393 0.154481
0.387115 9.9982E-05 0.134264 0.0873103 0.356102 9.9982E-05 0.0350094
0.300682 0.00771136 0.0485922 0.12305 0.431723 0.0361201 0.0521214
0.289508 0.0146875 0.0754561 0.0292567 0.360963 0.0795888 0.15054
0.181142 0.0647389 0.0152167 0.08613 0.547958 9.9991E-05 0.104715
0.241697 0.00033774 9.9991E-05 0.0866969 0.592495 0.0327842 0.0458884
0.0826266 0.0334463 9.9991E-05 0.102719 0.508613 0.103298 0.169197
0.208055 0.0871276 0.0320088 0.0851221 0.472168 0.080216 0.0353027
9.9964E-05 0.752401 9.9964E-05 9.9964E-05 0.159404 0.087795 9.9964E-05
9.9982E-05 0.846543 0.0245703 9.9982E-05 0.10322 0.0194733 0.00599265
0.0453241 0.762717 0.0546151 0.0633849 0.0391339 0.00793578 0.0268895
9.9973E-05 0.818105 9.9973E-05 0.00571478 9.9973E-05 0.0329885 0.142892
0.0131018 0.825604 9.9964E-05 9.9964E-05 0.160895 9.9964E-05 9.9964E-05
0.694513 9.9991E-05 0.0842072 0.115022 0.0270743 0.0601866 0.0188972
0.282911 0.0219731 0.129593 9.9991E-05 0.473077 0.0281339 0.0642115
0.0826913 0.13146 0.185744 0.133875 0.246504 0.219625 9.9991E-05
0.204391 0.0231381 0.0422785 0.0600349 0.587982 0.05111 0.031066
0.289749 0.0416214 9.9982E-05 0.132994 0.490204 9.9982E-05 0.0452322
0.362866 9.9991E-05 0.214392 0.106556 0.221813 0.0910827 0.00319005
0.535414 0.130132 0.0882623 0.12233 9.9982E-05 9.9982E-05 0.123661
0.244719 9.9991E-05 0.00810932 0.183747 0.432158 0.060792 0.0703758
0.381395 0.0975058 0.107182 0.227907 0.138442 9.9991E-05 0.0474673
9.9991E-05 0.0283924 0.219 0.146152 0.414569 0.0860479 0.105738
0.559654 0.163575 0.0358091 0.0716501 0.0904142 9.9991E-05 0.0787976
0.109174 0.0608603 0.0336915 0.13779 0.50923 0.114897 0.0343577
0.564503 0.0580822 0.00170685 0.151739 0.129089 9.9991E-05 0.0947803
0.376885 0.00783918 0.181994 0.0633854 0.304744 0.0650526 9.9991E-05
0.0566113 0.0291719 0.203047 0.129363 0.473353 0.0913163 0.0171378
0.0209462 9.9973E-05 0.489236 0.115551 0.373967 9.9973E-05 9.9973E-05
0.162468 9.9991E-05 0.173309 0.0548101 0.514897 0.0056793 0.0887369
0.104163 0.0922665 0.182516 9.9991E-05 0.54361 0.0403606 0.0369835
0.0991298 9.9982E-05 0.440961 0.100861 0.358383 9.9982E-05 0.000464449
9.9991E-05 0.107749 0.086931 0.0582431 0.565692 0.0375598 0.143725
9.9982E-05 0.0487146 0.206433 0.114674 0.543474 9.9982E-05 0.0865046
9.9973E-05 9.9973E-05 0.573695 0.142459 0.218741 9.9973E-05 0.0648047
9.9973E-05 9.9973E-05 0.568871 0.0771123 0.301027 9.9973E-05 0.0526901
0.100164 9.9973E-05 0.305696 0.0985344 0.495306 9.9973E-05 9.9973E-05
0.0897423 9.9982E-05 0.548191 0.0225287 0.179578 9.9982E-05 0.15976
0.188996 9.9964E-05 0.320418 9.9964E-05 0.490186 9.9964E-05 9.9964E-05
0.717267 0.0193388 9.9982E-05 0.116945 0.0429792 9.9982E-05 0.103269
0.3229 9.9982E-05 0.13223 0.134114 0.255081 9.9982E-05 0.155474
0.436327 0.0112369 0.00713509 0.0981623 0.386072 0.0444794 0.0165871
0.209754 0.0425658 9.9991E-05 0.0853218 0.567675 0.0178794 0.0767044
0.570495 9.9973E-05 9.9973E-05 0.145358 0.166673 9.9973E-05 0.117174
0.153894 0.071933 0.176172 9.9982E-05 0.545603 0.0521989 9.9982E-05
0.140932 9.9982E-05 9.9982E-05 0.129305 0.457283 0.159763 0.112518
0.287955 9.9982E-05 0.00210008 0.149891 0.506743 0.053111 9.9982E-05
0.17461 0.0321796 0.0157449 0.173212 0.395478 0.0795602 0.129215
0.281676 0.0778554 9.9982E-05 0.154242 0.420584 9.9982E-05 0.0654435
0.50588 9.9982E-05 9.9982E-05 0.173514 0.0944103 0.0785632 0.147432
0.334161 9.9991E-05 0.0194054 0.18069 0.308492 0.1173 0.0398523
0.196182 9.9982E-05 0.0768647 0.101089 0.617762 0.00790227 9.9982E-05
0.192662 0.05521 0.0706891 0.052838 0.587326 0.0238346 0.0174411
0.207148 9.9982E-05 0.184599 0.125548 0.399213 9.9982E-05 0.0832928
0.267002 9.9982E-05 9.9982E-05 0.109179 0.468099 0.0857216 0.0697978
0.337981 0.0539362 0.0210683 0.197097 0.376207 0.013611 9.9991E-05
0.225806 9.9982E-05 9.9982E-05 0.100954 0.560711 0.0615741 0.0507557
0.195624 0.0558124 9.9991E-05 0.131142 0.490341 0.0598893 0.0670909
0.144343 0.103249 0.0722687 0.0622155 0.442215 0.115003 0.0607055
0.090103 0.373234 9.9982E-05 9.9982E-05 0.419791 0.0959836 0.0206891
0.0664072 0.0903376 0.0228522 9.9991E-05 0.422286 0.309689 0.0883275
0.155254 0.0670538 0.151785 9.9991E-05 0.361679 0.214984 0.0491441
0.0667972 0.0562379 0.0982801 0.0410948 0.544873 0.14398 0.0487369
0.0408883 0.188849 0.0906135 9.9991E-05 0.462109 0.207233 0.0102067
0.31978 9.9982E-05 0.175838 9.9982E-05 0.465732 0.0297815 0.008669
0.0415159 0.122565 0.0724298 0.0987615 0.366086 0.14896 0.149682
0.046619 0.234276 0.42113 9.9991E-05 0.0426073 0.123216 0.132052
0.143134 0.113435 0.0441412 0.0349659 0.528325 0.122896 0.0131031
0.0210535 0.102973 0.0793265 0.0632104 0.424587 0.218376 0.0904747
0.139523 0.0220486 0.0642381 0.00445582 0.422618 0.340357 0.00675972
0.146619 0.137785 0.239691 9.9982E-05 0.354068 0.121637 9.9982E-05
0.0908174 0.23491 0.0559299 0.00682072 0.460114 0.151308 9.9991E-05
0.0576058 0.203253 0.0397883 0.014575 0.480876 0.203801 9.9991E-05
9.9964E-05 0.443762 0.381609 9.9964E-05 9.9964E-05 0.17423 9.9964E-05
0.0334283 0.189814 0.0709443 0.0309775 0.518042 0.156694 9.9991E-05
9.9973E-05 0.13402 0.138495 9.9973E-05 0.569076 0.15811 9.9973E-05
0.0689466 0.139807 0.0448346 0.017588 0.5617 0.119564 0.0475591
0.0291411 0.188582 0.0523357 0.00554409 0.610209 0.114088 9.9991E-05
0.0952025 0.156142 0.0361467 0.0159244 0.350523 0.229313 0.116748
0.00719814 0.0393342 0.199495 0.054727 0.468402 0.0512654 0.179577
0.101642 0.0826719 0.122196 0.0458808 0.462008 0.107538 0.0780619
0.173766 9.9964E-05 0.48957 9.9964E-05 9.9964E-05 9.9964E-05 0.336264
0.104351 9.9982E-05 0.534299 0.0411156 0.0118533 9.9982E-05 0.308181
0.136287 9.9982E-05 0.317399 9.9982E-05 0.453082 0.0549899 0.0380427
0.000359314 0.105358 0.198248 9.9982E-05 0.369667 0.326167 9.9982E-05
9.9982E-05 0.0554234 0.219661 9.9982E-05 0.318304 0.372057 0.0343545
0.0741683 0.152869 0.273749 9.9982E-05 0.160663 0.338352 9.9982E-05
0.093274 0.167155 0.131686 9.9982E-05 0.360317 0.247369 9.9982E-05
9.9991E-05 0.0300384 0.621114 0.0269076 0.171266 0.0420637 0.108511
9.9982E-05 0.0681298 0.505466 9.9982E-05 0.258748 0.0479091 0.119547
9.9982E-05 9.9982E-05 0.110424 0.0525726 0.499701 0.134959 0.202143
0.02582 0.0337417 0.16495 9.9991E-05 0.493854 0.0838973 0.197638
0.00322296 0.0760034 0.383324 9.9991E-05 0.23704 0.0669018 0.233407
0.159412 0.00179305 0.0634735 0.0340824 0.430274 0.181317 0.129648
9.9982E-05 9.9982E-05 0.150726 0.101069 0.519226 0.139565 0.089215
0.0673757 0.0695917 0.107093 0.0453557 0.403254 0.19351 0.11382
0.240712 9.99745E-05 0.344809 9.99745E-05 0.27745 9.99745E-05 0.136729
0.15367 9.9991E-05 0.177043 0.0529408 0.347383 0.0230937 0.245769
9.9982E-05 0.0448962 0.191022 0.107541 0.528461 9.9982E-05 0.12788
0.164204 9.9991E-05 0.229771 0.0956045 0.359554 0.062176 0.0885903
0.0482856 9.9991E-05 0.227159 0.0815166 0.475344 0.0547362 0.112859
0.0977515 9.9973E-05 0.37365 9.9973E-05 0.445105 9.9973E-05 0.0831941
0.0540723 9.9982E-05 0.415602 0.0996938 0.253879 9.9982E-05 0.176553
9.9982E-05 0.0310716 0.113838 0.00371153 0.624452 9.9982E-05 0.226727
0.242065 0.0241249 0.0041629 9.9991E-05 0.447145 0.147825 0.134576
0.0872473 9.9973E-05 0.3525 9.9973E-05 0.285173 9.9973E-05 0.27478
9.9991E-05 0.0304984 0.28559 0.0219218 0.508593 0.0100979 0.143199
0.0666333 0.0552684 0.0868496 0.0479066 0.523786 0.0927463 0.12681
0.0280458 9.9982E-05 0.176792 0.00648108 0.500704 9.9982E-05 0.287777
0.0844772 0.19668 0.0781197 0.00793366 0.376164 0.198031 0.0585946
0.0501976 0.0752271 0.159954 0.162247 0.361766 0.177133 0.0134749
0.0173456 0.165512 0.195143 0.0603215 0.295264 0.24864 0.0177738
0.074826 0.146603 0.215594 0.0195553 0.37018 0.173142 9.9991E-05
9.9991E-05 0.133774 0.107892 0.0658017 0.536867 0.132429 0.0231371
0.0314968 0.13217 0.0747572 0.0441278 0.36357 0.251185 0.102692
9.9982E-05 0.127808 0.478463 0.045972 9.9982E-05 0.15378 0.193777
0.000851481 0.084619 0.0205385 0.0733981 0.599109 0.218517 0.00296738
0.0108775 0.33791 0.487914 9.9973E-05 9.9973E-05 0.162998 9.9973E-05
0.08691 0.0162373 0.180432 9.9991E-05 0.511589 0.170246 0.0344857
9.9973E-05 9.9973E-05 0.423652 0.0133543 0.114163 9.9973E-05 0.44853
0.0792605 9.9964E-05 0.484663 9.9964E-05 9.9964E-05 9.9964E-05 0.435676
0.131764 9.9973E-05 0.253625 9.9973E-05 0.503229 9.9973E-05 0.111082
9.9982E-05 9.9982E-05 0.116528 0.0800372 0.554874 0.0447221 0.203638
0.102263 9.9982E-05 0.277776 0.0218921 0.40403 9.9982E-05 0.19384
9.9964E-05 9.9964E-05 0.244895 9.9964E-05 0.506631 9.9964E-05 0.248073
0.104318 9.9991E-05 0.185112 0.00663034 0.510629 0.00617314 0.187038
9.9982E-05 0.777356 0.0374649 0.0251211 0.138682 0.0211759 9.9982E-05
0.0454808 0.751389 0.0101499 0.107938 9.9982E-05 0.0848416 9.9982E-05
0.0136379 0.916704 9.9982E-05 0.00622127 0.0276795 0.0355574 9.9982E-05
9.9964E-05 0.936355 0.0255105 9.9964E-05 0.0377344 9.9964E-05 9.9964E-05
0.0973304 0.044318 0.00416935 9.9991E-05 0.391469 0.0435096 0.419104
0.0473448 0.114916 0.00233878 9.9991E-05 0.409497 0.080278 0.345526
0.0285666 0.022004 9.9982E-05 0.00990102 0.378229 9.9982E-05 0.561099
0.116334 0.0791971 0.0171381 0.0110952 0.552682 9.9991E-05 0.223454
0.0279238 0.038189 0.106099 0.146375 0.52757 0.0742323 0.0796105
0.0534558 0.0296039 0.0357629 0.118294 0.199325 9.9991E-05 0.563458
0.00774205 9.9973E-05 9.9973E-05 9.9973E-05 0.506791 0.0654196 0.419748
9.9973E-05 9.9973E-05 0.145131 0.0102645 0.413978 9.9973E-05 0.430326
0.0983731 0.224966 0.0571908 0.0293158 0.413443 0.176612 9.9991E-05
0.103225 9.9991E-05 0.0609765 0.013385 0.296068 0.0711004 0.455145
0.0067433 0.00988719 9.9982E-05 0.152006 0.299839 9.9982E-05 0.531324
0.0593211 0.010618 9.9982E-05 0.0148134 0.579422 9.9982E-05 0.335626
0.140132 0.0102237 9.9982E-05 0.00575364 0.346244 9.9982E-05 0.497447
0.0331371 9.9982E-05 0.0216989 9.9982E-05 0.540129 0.0226165 0.382218
0.000709849 0.0686679 9.9982E-05 0.0558668 0.57851 9.9982E-05 0.296045
9.9964E-05 9.9964E-05 0.0117324 9.9964E-05 0.0184222 9.9964E-05 0.969446
0.0968065 9.9982E-05 0.124238 9.9982E-05 0.134828 0.0232987 0.620629
9.9973E-05 9.9973E-05 0.0448229 0.0571348 0.304329 9.9973E-05 0.593413
9.9955E-05 9.9955E-05 0.228878 9.9955E-05 9.9955E-05 9.9955E-05 0.770622
0.0838642 0.0241227 9.9991E-05 0.0775305 0.373955 0.0163387 0.424088
9.9982E-05 9.9982E-05 0.281405 0.0276299 0.0399538 0.0179524 0.632859
9.9955E-05 9.9955E-05 0.261631 9.9955E-05 9.9955E-05 9.9955E-05 0.737869
9.9991E-05 0.0248489 0.0118171 0.043364 0.531675 0.0595635 0.328632
0.189075 0.0656828 9.9982E-05 0.0311862 0.198238 9.9982E-05 0.515618
0.0265767 0.00762885 9.9991E-05 0.0610408 0.334369 0.0815996 0.488686
0.0347217 0.149168 0.0417123 0.0351371 0.454267 0.098398 0.186595
0.147021 0.0199611 9.9982E-05 0.0172392 0.521948 9.9982E-05 0.29363
0.232425 9.9991E-05 0.201858 0.0827733 0.31343 0.0709786 0.0984357
0.0310607 9.9982E-05 9.9982E-05 0.0801089 0.493819 0.00710728 0.387705
0.164577 0.0193788 0.0323159 0.0248038 0.471493 0.0300691 0.257362
9.9982E-05 0.00221072 0.0426236 0.0101094 0.26635 9.9982E-05 0.678507
0.0191098 0.0806638 0.0244247 0.0373145 0.580632 9.9991E-05 0.257755
0.0829901 0.631367 0.0573379 0.224157 0.00394743 9.9982E-05 9.9982E-05
0.0498966 0.764154 0.0282152 0.0813486 0.0176307 0.00125842 0.0574968
0.0269691 0.807029 0.100275 0.065427 9.9973E-05 9.9973E-05 9.9973E-05
9.9973E-05 0.803279 0.0403036 0.135322 9.9973E-05 9.9973E-05 0.0207954
0.00812587 0.693567 0.0347065 0.203089 0.0544922 9.9991E-05 0.00591986
0.156384 0.0350334 9.9982E-05 9.9982E-05 0.0254865 0.0458119 0.737084
0.101272 0.0550484 0.0392352 0.0103492 0.12532 9.9991E-05 0.668675
9.9964E-05 9.9964E-05 0.116289 9.9964E-05 0.118463 9.9964E-05 0.764848
0.0630773 0.0699376 0.0448471 9.9991E-05 0.482038 0.151347 0.188652
0.0696054 0.0932659 0.0174613 0.0388039 0.387018 0.171165 0.22268
9.9982E-05 9.9982E-05 0.126989 0.0173789 0.245486 0.049332 0.560615
9.9973E-05 9.9973E-05 9.9973E-05 0.107931 0.484476 0.0361206 0.371172
9.9982E-05 0.0714134 0.0126122 9.9982E-05 0.291702 0.0509929 0.57308
0.12571 0.0118692 0.0407579 9.9991E-05 0.486094 0.0213434 0.314125
0.00476741 9.9982E-05 9.9982E-05 0.0696867 0.557846 0.126017 0.241482
0.135118 9.9991E-05 0.0298214 0.0537054 0.154723 0.085716 0.540817
0.0821629 0.0151224 9.9973E-05 9.9973E-05 0.333097 9.9973E-05 0.569318
0.159357 9.9982E-05 9.9982E-05 0.0802292 0.20862 0.0191297 0.532463
0.0654974 0.0571475 0.16631 0.0886758 0.589846 9.9991E-05 0.0324232
0.101682 0.0335483 9.9973E-05 9.9973E-05 0.318957 9.9973E-05 0.545513
0.0692685 0.0455634 9.9982E-05 9.9982E-05 0.364104 0.070406 0.450458
9.9964E-05 0.110418 9.9964E-05 9.9964E-05 0.471454 0.417728 9.9964E-05
0.00867203 0.0665184 0.0819783 0.0403432 0.291323 0.490556 0.0206097
0.0585036 0.0445794 0.00708994 0.0175205 0.414305 0.457902 9.9991E-05
0.0526462 0.150464 0.0538167 9.9982E-05 0.29955 0.443322 9.9982E-05
0.0121518 0.101575 0.132174 0.0298605 0.523419 0.20072 9.9991E-05
9.9991E-05 0.0117747 0.127563 0.0152776 0.467529 0.0581811 0.319574
0.0082181 0.262966 0.0308 0.00232531 0.0723602 0.62323 9.9991E-05
0.0393828 0.165675 9.9982E-05 0.0114669 0.332901 0.450374 9.9982E-05
9.9991E-05 0.127865 0.164481 0.0209968 0.459036 0.136642 0.0908785
0.124877 0.114186 0.219825 0.00358292 0.536161 9.9991E-05 0.00126771
0.133013 0.1068 0.268572 0.0352979 0.456116 9.9982E-05 9.9982E-05
0.0561613 0.112542 0.0936518 0.0767385 0.660706 9.9982E-05 9.9982E-05
0.0183283 0.0647931 0.155194 0.0854239 0.525561 0.0338042 0.116896
9.9968E-05 0.14501 9.9968E-05 9.9968E-05 0.417211 0.43738 9.9968E-05
0.153483 0.0759647 0.0832831 9.9982E-05 0.305578 0.381491 9.9982E-05
9.9973E-05 0.100768 9.9973E-05 0.00450181 0.439802 0.454629 9.9973E-05
9.9982E-05 0.139137 9.9982E-05 0.0495847 0.386058 0.313635 0.111385
0.0265803 0.0718842 0.0346006 0.00164886 0.283738 0.576174 0.005374
9.9991E-05 0.0831766 0.0313236 0.0824411 0.360344 0.353595 0.0890192
0.0254766 0.13664 9.9973E-05 9.9973E-05 0.307159 0.530424 9.9973E-05
0.0332496 0.110234 9.9991E-05 0.0498739 0.372152 0.381093 0.0532978
9.9973E-05 0.123674 0.290175 9.9973E-05 0.536013 9.9973E-05 0.049838
9.9991E-05 0.20982 0.0275828 0.0888521 0.311759 0.320227 0.0416594
9.9982E-05 0.165465 0.0163087 0.012445 0.153343 0.652238 9.9982E-05
0.119259 0.12214 9.9991E-05 0.055113 0.202953 0.437681 0.0627545
0.289856 0.128682 0.308154 0.104617 0.16849 9.9982E-05 9.9982E-05
0.142718 9.9982E-05 0.17061 9.9982E-05 0.516947 0.151191 0.0183341
0.131793 0.202584 0.0103476 0.0123285 0.381455 0.261392 9.9991E-05
0.0928199 0.103508 0.148884 0.043911 0.577281 0.0334962 9.9991E-05
0.112002 0.142442 0.17536 9.9991E-05 0.491595 0.0143031 0.0641978
9.9991E-05 0.151371 0.0778242 0.0486058 0.290433 0.291225 0.140441
9.9982E-05 0.214281 0.163385 9.9982E-05 0.337783 0.242684 0.0416676
0.0373467 0.0987944 0.163116 0.0657627 0.596921 0.0369846 0.00107492
9.9991E-05 0.15612 0.0413973 0.0112735 0.301231 0.381899 0.107979
9.9973E-05 0.0655724 0.0659895 9.9973E-05 0.370851 0.497287 9.9973E-05
9.9973E-05 0.220688 0.024691 9.9973E-05 0.20327 0.551051 9.9973E-05
0.106596 0.0613184 0.161449 0.0399367 0.563504 0.0670958 9.9991E-05
0.245697 0.082616 0.0625929 0.0557985 0.45281 9.9991E-05 0.100385
9.9982E-05 0.0859145 0.653785 0.0170275 0.226529 0.0165435 9.9982E-05
9.9991E-05 0.0854689 0.155036 0.0562071 0.469843 0.105979 0.127366
0.134334 0.121375 0.169434 0.113701 0.427098 9.9991E-05 0.0339582
0.0154778 0.180391 0.111686 9.9991E-05 0.500687 0.107142 0.0845175
0.100564 0.103317 0.122629 0.0612987 0.357348 0.171705 0.0831377
9.9964E-05 0.22726 0.554683 9.9964E-05 9.9964E-05 0.217657 9.9964E-05
9.9964E-05 0.276104 0.660587 9.9964E-05 9.9964E-05 0.0629089 9.9964E-05
0.113138 0.232346 0.287369 9.9982E-05 0.33787 0.0290769 9.9982E-05
0.0101159 0.323381 0.427047 0.00695073 0.0104877 0.221919 9.9991E-05
9.9964E-05 0.379543 0.386895 9.9964E-05 9.9964E-05 0.233161 9.9964E-05
0.031507 0.0924093 0.280903 0.056834 0.300296 0.14929 0.0887609
0.0510047 0.18856 0.277704 9.9982E-05 0.343304 0.139227 9.9982E-05
9.9973E-05 0.313986 0.284991 9.9973E-05 0.288965 0.111758 9.9973E-05
9.9973E-05 0.2748 0.477139 9.9973E-05 0.146818 0.100943 9.9973E-05
0.158327 0.0912576 0.191419 9.9982E-05 0.428893 0.129903 9.9982E-05
0.0720741 0.219392 0.387995 9.9991E-05 0.144513 0.0990082 0.0769167
9.9964E-05 0.40182 0.576901 9.9964E-05 9.9964E-05 0.0208792 9.9964E-05
0.244487 0.0407636 0.0523886 0.0321923 0.291087 0.304151 0.0349305
0.0890717 0.183372 0.197651 9.9982E-05 0.322724 0.206981 9.9982E-05
0.0918239 0.318532 9.9991E-05 0.0347646 0.398976 0.137404 0.0184006
0.0365292 0.162553 0.00911469 9.9982E-05 0.489766 0.301837 9.9982E-05
9.9991E-05 0.119781 0.00676891 0.0742537 0.652255 0.0217945 0.125047
9.9973E-05 0.229246 9.9973E-05 9.9973E-05 0.618848 0.120619 0.0309869
0.128757 0.0669877 0.092319 9.9982E-05 0.388396 0.32334 9.9982E-05
0.0654232 0.327991 0.0431412 9.9982E-05 0.323838 0.239406 9.9982E-05
0.137464 0.206502 9.9973E-05 9.9973E-05 0.458394 0.19734 9.9973E-05
0.0741935 0.233084 9.9982E-05 9.9982E-05 0.412214 0.268926 0.0113823
0.0272295 0.316151 0.088872 0.0413934 0.383765 0.14249 9.9991E-05
0.224917 0.167198 0.054948 0.00309837 0.24182 0.145177 0.162841
0.117679 0.163063 9.9991E-05 0.0139311 0.552781 0.0794827 0.0729633
0.0506219 0.203088 9.9991E-05 0.0940449 0.501343 0.0796864 0.0711159
0.108863 0.128131 9.9982E-05 9.9982E-05 0.58894 0.0455296 0.128336
0.141187 0.254635 0.0284599 0.0112257 0.290475 0.273917 9.9991E-05
9.9982E-05 0.221596 0.0392816 9.9982E-05 0.463798 0.205861 0.069263
9.9973E-05 0.345936 0.28176 9.9973E-05 0.213768 0.158236 9.9973E-05
0.00668402 0.170291 9.9982E-05 0.0699377 0.604626 0.148261 9.9982E-05
0.10097 0.207871 0.201816 9.9991E-05 0.143566 0.333276 0.012402
9.9973E-05 0.797042 0.0224311 0.0853852 9.9973E-05 9.9973E-05 0.0948416
0.0936884 9.9973E-05 9.9973E-05 0.721418 0.0975566 9.9973E-05 0.0870369
0.139846 9.9964E-05 9.9964E-05 0.829907 9.9964E-05 9.9964E-05 0.0298474
0.144803 0.00851428 9.9964E-05 0.846283 9.9964E-05 9.9964E-05 9.9964E-05
0.0187309 9.9964E-05 9.9964E-05 0.933887 0.0469827 9.9964E-05 9.9964E-05
0.00863351 9.9973E-05 9.9973E-05 0.925096 0.0282192 0.037751 9.9973E-05
9.9964E-05 9.9964E-05 9.9964E-05 0.88317 0.104971 9.9964E-05 0.0114591
0.136056 0.00291088 9.9964E-05 0.860634 9.9964E-05 9.9964E-05 9.9964E-05
0.0287931 0.20536 9.9982E-05 0.741037 0.0104123 0.0141978 9.9982E-05
0.0891344 0.910366 9.9955E-05 9.9955E-05 9.9955E-05 9.9955E-05 9.9955E-05
0.0552219 0.778151 9.9982E-05 0.105677 0.0537847 0.00696573 9.9982E-05
9.9982E-05 0.898446 0.0304213 9.9982E-05 0.00676891 0.0521173 0.0120465
0.106476 0.820135 0.0535485 0.01746 0.00218074 9.9982E-05 9.9982E-05
9.9964E-05 0.853532 9.9964E-05 0.0594814 9.9964E-05 0.086587 9.9964E-05
0.0456017 0.894919 0.0226573 0.0365226 9.9973E-05 9.9973E-05 9.9973E-05
0.0658995 0.779464 0.0279752 9.9991E-05 0.0159726 0.10968 0.000908547
0.0171014 0.85178 0.0149898 0.000815696 0.0431965 0.0583272 0.0137889
0.0391142 0.692452 9.9991E-05 0.110557 0.0049366 0.10814 0.0447001
0.0183588 0.877699 9.9973E-05 9.9973E-05 9.9973E-05 0.0978782 0.00576394
9.9964E-05 0.93556 9.9964E-05 0.0260382 9.9964E-05 9.9964E-05 0.0380014
0.0717695 0.818669 9.9982E-05 9.9982E-05 0.0176389 0.0573994 0.0343229
9.9964E-05 0.9365 9.9964E-05 0.0494444 0.0136558 9.9964E-05 9.9964E-05
9.9964E-05 0.908229 0.0330879 9.9964E-05 0.0582831 9.9964E-05 9.9964E-05
9.9982E-05 0.860109 9.9982E-05 0.0239903 0.0549569 0.0319628 0.0287813
9.9964E-05 0.835882 9.9964E-05 9.9964E-05 0.162469 0.00124911 9.9964E-05
9.9964E-05 0.772768 9.9964E-05 9.9964E-05 0.0861223 0.14071 9.9964E-05
9.9964E-05 0.784578 9.9964E-05 9.9964E-05 0.118005 0.0970171 9.9964E-05
9.9964E-05 0.799313 9.9964E-05 9.9964E-05 0.161244 0.0390439 9.9964E-05
0.122213 0.156527 0.242585 0.0397928 0.383844 0.0201865 0.0348513
9.9982E-05 0.0640053 0.120306 0.0272471 0.712735 9.9982E-05 0.075507
9.9991E-05 0.0746858 0.00398881 0.0584909 0.576678 0.0530878 0.232968
9.9982E-05 0.00104749 0.685466 0.0442522 0.228712 9.9982E-05 0.0403218
0.0787284 0.115862 0.145044 0.098064 0.558894 0.00330693 9.9991E-05
9.9973E-05 0.131277 0.654972 0.0223658 0.191085 9.9973E-05 9.9973E-05
9.9982E-05 0.0532152 0.199612 0.0619663 0.657204 0.0278025 9.9982E-05
0.17591 0.107309 0.15954 0.0277196 0.44182 9.9991E-05 0.0876015
0.115084 0.0529602 0.220812 9.9982E-05 0.557063 9.9982E-05 0.0538814
0.039162 0.0630338 9.9973E-05 9.9973E-05 0.564641 9.9973E-05 0.332863
0.141608 0.0373558 0.196214 0.140637 0.483985 9.9982E-05 9.9982E-05
0.0616687 0.0873939 0.168951 0.0030734 0.678714 9.9982E-05 9.9982E-05
0.0686758 0.0634557 0.118923 0.199741 0.549004 9.9982E-05 9.9982E-05
0.302436 9.9991E-05 0.17349 0.243654 0.00613275 0.0290918 0.245096
9.9964E-05 9.9964E-05 0.798228 0.128756 9.9964E-05 9.9964E-05 0.0726156
9.9973E-05 0.00501741 0.737342 0.0796478 0.177693 9.9973E-05 9.9973E-05
0.167861 0.0369935 0.103241 0.00708978 0.539173 0.145542 9.9991E-05
0.0450425 0.0877889 0.261561 0.00877602 0.596632 9.9982E-05 9.9982E-05
9.9973E-05 0.118216 0.181203 9.9973E-05 0.585465 9.9973E-05 0.114816
