0.837812 0.0669703 9.9964E-05 9.9964E-05 0.011437 9.9964E-05 9.9964E-05 0.0833803
0.912729 0.0024354 0.0569099 9.9964E-05 9.9964E-05 9.9964E-05 0.0275256 9.9964E-05
0.759818 0.0240176 9.9973E-05 0.072024 0.0976888 9.9973E-05 9.9973E-05 0.0461521
0.773487 0.116807 9.9964E-05 0.0186638 0.0906416 9.9964E-05 9.9964E-05 9.9964E-05
0.856456 9.9973E-05 0.0695665 0.0469508 0.0144888 9.9973E-05 9.9973E-05 0.0122381
0.583522 0.0375195 9.9973E-05 9.9973E-05 0.0892963 0.263752 0.0256097 9.9973E-05
0.791921 9.9946E-05 9.9946E-05 9.9946E-05 9.9946E-05 0.207479 9.9946E-05 9.9946E-05
0.724173 0.0486069 9.9955E-05 9.9955E-05 9.9955E-05 0.22672 9.9955E-05 9.9955E-05
0.82096 0.0529006 9.99639E-05 9.99639E-05 9.99639E-05 9.99639E-05 0.0687373 0.057002
0.671851 9.9964E-05 0.0475545 9.9964E-05 0.116153 0.164042 9.9964E-05 9.9964E-05
0.719861 0.00386514 9.9964E-05 9.9964E-05 0.00337879 0.272495 9.9964E-05 9.9964E-05
9.9973E-05 0.470635 9.9973E-05 0.256067 0.0398001 9.9973E-05 0.192273 0.0409259
0.0282189 0.302384 9.9973E-05 0.583848 9.9973E-05 9.9973E-05 0.0370212 0.0482288
9.9973E-05 0.375519 0.101123 0.30903 9.9973E-05 9.9973E-05 0.0507876 0.163241
9.9982E-05 0.365879 0.0949406 0.253205 0.167819 9.9982E-05 0.0281802 0.0897761
0.11944 0.29293 9.9982E-05 0.283315 0.115345 0.0912034 0.0975665 9.9982E-05
0.0493618 0.0967317 0.0649535 0.571032 0.0381301 0.0969774 9.9991E-05 0.082713
0.0170223 0.136869 0.0486679 0.327239 0.121501 0.04866 0.199304 0.100737
0.106154 0.286733 9.9982E-05 0.353351 0.00517729 9.9982E-05 0.13108 0.117305
0.0272809 0.629499 0.0527267 9.9991E-05 0.109308 0.129126 0.0470566 0.00490261
9.9982E-05 0.207547 0.0650598 0.345819 0.0721938 9.9982E-05 0.17763 0.13155
9.999E-05 0.0849271 0.088682 0.472438 0.0200738 0.111238 0.0640059 0.158535
0.0192155 0.181587 0.0560091 0.526012 0.0340193 0.0889199 0.0941367 9.9991E-05
9.9982E-05 0.383117 9.9982E-05 0.34577 0.0832063 0.0382129 0.141379 0.00811463
0.0243205 0.0375096 0.0227993 0.575034 0.0991695 9.9991E-05 0.068442 0.172626
9.9982E-05 0.260108 9.9982E-05 0.515212 0.0614839 0.0686771 0.0315428 0.0627768
0.0111765 0.456043 9.9991E-05 0.172825 0.148855 0.0249624 0.136877 0.0491612
9.9973E-05 0.389043 9.9973E-05 0.185381 0.181286 9.9973E-05 0.146143 0.0978466
9.9982E-05 0.418699 0.0551514 0.260345 9.9982E-05 0.00387718 0.136922 0.124805
0.854694 9.9955E-05 9.9955E-05 0.093944 0.0508624 9.9955E-05 9.9955E-05 9.9955E-05
0.847436 9.9946E-05 9.9946E-05 0.151965 9.9946E-05 9.9946E-05 9.9946E-05 9.9946E-05
0.77552 9.9964E-05 9.9964E-05 0.124077 0.0721926 9.9964E-05 0.0278105 9.9964E-05
0.719541 9.9973E-05 9.9973E-05 0.136428 0.0517437 0.0157367 0.0762505 9.9973E-05
9.9973E-05 0.127515 0.0995138 0.523196 9.9973E-05 0.0689024 0.180573 9.9973E-05
0.0539319 0.0637355 9.9973E-05 0.564046 9.9973E-05 9.9973E-05 0.279379 0.0386071
0.00799553 9.9982E-05 0.00698608 0.544559 0.0175214 0.0405057 0.382233 9.9982E-05
0.0851043 0.487213 9.9982E-05 0.15452 0.0576345 0.0292389 0.18609 9.9982E-05
0.00333187 9.9964E-05 9.9964E-05 0.374985 9.9964E-05 9.9964E-05 0.576544 0.0447391
9.9973E-05 0.135424 0.0546157 0.574429 9.9973E-05 9.9973E-05 0.128521 0.106712
0.0111185 9.9964E-05 9.9964E-05 0.667215 9.9964E-05 0.199277 0.121989 9.9964E-05
0.125748 0.0102745 9.9973E-05 0.541653 9.9973E-05 0.274441 0.047583 9.9973E-05
0.129819 0.155766 9.9973E-05 0.594982 9.9973E-05 0.0853949 0.0337378 9.9973E-05
9.9973E-05 0.109735 9.9973E-05 0.106429 0.00206269 9.9973E-05 0.704713 0.0767605
0.0393622 9.9982E-05 9.9982E-05 0.536733 0.0444371 0.238396 0.0690741 0.0717972
0.0328435 0.0434398 0.0336584 0.576364 0.0156233 9.9991E-05 0.214835 0.0831358
0.214517 9.9964E-05 9.9964E-05 0.526665 0.0876263 9.9964E-05 0.170791 9.9964E-05
0.00941251 9.9964E-05 0.00469638 0.352319 9.9964E-05 9.9964E-05 0.633173 9.9964E-05
0.0181966 0.011619 9.9982E-05 0.668654 0.00854799 9.9982E-05 0.21059 0.0821921
0.0600545 0.109092 0.0815315 0.508956 0.0865347 0.110841 0.0428906 9.9991E-05
9.9973E-05 0.00138009 0.0280018 9.9973E-05 9.9973E-05 0.0152779 0.790859 0.164181
9.9973E-05 0.401138 0.0555871 0.1979 9.9973E-05 9.9973E-05 0.267323 0.0777519
9.9982E-05 0.256863 0.161652 0.0811774 9.9982E-05 0.132947 0.183238 0.183923
0.0302284 0.1443 0.0391907 0.429865 0.0992861 0.0340513 0.141369 0.0817099
0.0516457 0.0586149 0.151665 0.508662 0.10486 0.115664 9.9991E-05 0.00878857
0.0320902 0.0994791 0.0825948 0.590245 0.0591244 0.00624893 9.9991E-05 0.130117
0.0701055 0.345362 0.0107278 0.199537 9.9982E-05 9.9982E-05 0.254359 0.119709
9.9964E-05 0.219719 9.9964E-05 0.610166 9.9964E-05 9.9964E-05 0.10263 0.0670855
0.0313451 0.127116 9.9991E-05 0.480945 0.0783612 0.110845 0.122073 0.0492163
0.084904 0.256773 9.9991E-05 0.283123 0.0875817 0.0901883 0.142811 0.054519
0.140708 0.3744 0.0527182 0.118931 0.0143551 0.00603695 0.12187 0.170981
0.0604457 0.106897 0.0604754 0.530733 0.0592138 9.9991E-05 0.122818 0.0593171
9.9964E-05 0.305467 0.0559739 0.490476 9.9964E-05 9.9964E-05 9.9964E-05 0.147682
0.0247969 0.54026 0.0277696 0.0489479 9.9991E-05 0.0527544 0.23394 0.0714309
9.9973E-05 0.232463 0.104337 0.480024 9.9973E-05 9.9973E-05 0.0541544 0.128722
9.9991E-05 0.0501913 0.138499 0.587817 0.0254982 0.0276694 0.0391942 0.131031
0.0136676 0.0571952 0.169565 0.576291 0.0173754 9.9991E-05 0.103984 0.0618208
9.9991E-05 0.265132 0.0456947 0.299333 0.0348346 0.016904 0.203628 0.134374
9.9973E-05 0.156477 0.090475 0.517991 9.9973E-05 9.9973E-05 0.0690885 0.165668
0.0718498 0.211439 0.0892695 0.511968 0.0359389 0.0379224 9.9991E-05 0.0415127
9.9982E-05 0.348881 0.0735812 0.202832 9.9982E-05 0.00561266 0.241755 0.127137
9.9964E-05 0.0267985 0.013886 0.55853 9.9964E-05 9.9964E-05 0.400385 9.9964E-05
0.00402177 0.100488 9.9964E-05 0.219832 9.9964E-05 9.9964E-05 0.675258 9.9964E-05
9.9973E-05 0.17306 9.9973E-05 0.445189 0.08811 9.9973E-05 0.229624 0.0637166
9.9964E-05 9.9964E-05 0.0352193 9.9964E-05 9.9964E-05 0.0247632 0.880553 0.0590641
9.9964E-05 0.0441541 0.0796674 9.9964E-05 9.9964E-05 9.9964E-05 0.845369 0.0304097
9.9955E-05 9.9955E-05 9.9955E-05 0.249593 0.0216823 9.9955E-05 0.728225 9.9955E-05
0.0807754 0.0448515 9.9964E-05 0.423732 9.9964E-05 9.9964E-05 0.450241 9.9964E-05
0.185403 9.9973E-05 0.0589286 0.575902 9.9973E-05 9.9973E-05 0.166918 0.0125481
9.9964E-05 0.0438986 9.9964E-05 0.437478 9.9964E-05 9.9964E-05 0.44042 0.0778034
0.000962248 0.14233 9.9973E-05 0.0718012 0.104741 9.9973E-05 0.679866 9.9973E-05
0.062586 0.215228 9.9973E-05 0.204153 0.0234111 9.9973E-05 0.494322 9.9973E-05
0.0739844 0.0630741 9.9973E-05 0.446822 0.132444 9.9973E-05 0.283376 9.9973E-05
0.02103 0.0974299 9.9982E-05 0.270939 0.0728003 0.0227843 0.514816 9.9982E-05
0.0502314 0.0630337 9.9973E-05 0.419764 9.9973E-05 0.0800297 0.386641 9.9973E-05
9.9964E-05 9.9964E-05 0.0280335 0.354278 9.9964E-05 9.9964E-05 0.606298 0.0109907
9.9964E-05 9.9964E-05 0.0978498 9.9964E-05 9.9964E-05 0.061565 0.779518 0.0606678
9.9991E-05 0.0886114 0.0123753 0.613516 0.0496127 0.0346561 0.164722 0.0364064
0.764652 0.0686375 9.9955E-05 0.166211 9.9955E-05 9.9955E-05 9.9955E-05 9.9955E-05
0.911667 9.9946E-05 9.9946E-05 0.0877337 9.9946E-05 9.9946E-05 9.9946E-05 9.9946E-05
0.828416 9.9964E-05 9.9964E-05 0.077194 0.0219917 9.9964E-05 9.9964E-05 0.0719987
0.843467 9.9964E-05 9.9964E-05 0.0248196 9.9964E-05 9.9964E-05 0.0163628 0.114951
0.845098 9.9964E-05 0.012791 0.0815879 9.9964E-05 9.9964E-05 9.9964E-05 0.0601229
0.858638 9.9982E-05 0.0224768 0.0124653 0.0291461 9.9982E-05 0.045829 0.0312445
0.920095 9.9973E-05 9.9973E-05 0.00430169 0.0205397 0.0408951 9.9973E-05 0.0138682
0.0784783 0.0414522 9.9982E-05 0.468042 0.102098 9.9982E-05 0.284178 0.0255524
0.038788 0.0420724 0.00370699 0.633527 0.0386001 0.125031 0.0894485 0.0288261
0.0283604 0.102777 0.0252702 0.0465231 9.9982E-05 9.9982E-05 0.786462 0.0104077
0.0767607 0.0714831 9.9991E-05 0.555463 0.031652 0.0616796 0.189611 0.0132506
0.0598125 0.0227934 9.9982E-05 0.478919 0.000562641 0.0752671 0.362445 9.9982E-05
0.000218403 0.0271578 9.9982E-05 0.548509 0.0487858 0.0389381 0.336191 9.9982E-05
0.0369753 0.00314666 0.115989 0.53213 0.0230222 0.000615673 0.281881 0.00624054
0.0259939 9.9973E-05 0.0825504 0.453477 0.0395486 9.9973E-05 0.398131 9.9973E-05
0.0773456 0.206684 9.9964E-05 9.9964E-05 0.00141731 9.9964E-05 0.714153 9.9964E-05
0.129471 0.0499739 0.0564575 0.619737 0.00695956 0.00841239 0.0599239 0.0690649
0.0263856 0.0618923 0.000418284 0.554428 0.0712511 0.0744834 0.201716 0.00942499
0.0997707 0.0484016 0.130704 0.509327 0.0859012 0.0981255 0.0276694 9.9991E-05
0.0320737 9.9982E-05 0.0558734 0.317413 0.00542362 0.0793469 0.509669 9.9982E-05
0.0183929 9.9982E-05 0.0630478 0.453745 0.0353819 0.0321658 0.397066 9.9982E-05
0.00956639 0.0963732 9.9973E-05 0.474189 9.9973E-05 0.0800898 0.339482 9.9973E-05
9.9964E-05 9.9964E-05 9.9964E-05 0.233505 0.118404 0.0248712 0.622821 9.9964E-05
0.112692 0.0640959 9.9964E-05 0.389389 9.9964E-05 9.9964E-05 0.433424 9.9964E-05
0.106062 0.0393032 9.9991E-05 0.478553 0.0824414 0.0291259 0.240359 0.0240552
9.9973E-05 0.272568 0.258687 0.248558 9.9973E-05 9.9973E-05 0.0426261 0.17726
0.137105 0.327307 9.9991E-05 0.419116 0.0173424 0.0751683 0.0162642 0.0075968
0.0657586 0.185777 0.0121861 0.639104 9.9991E-05 0.0443549 0.0499224 0.00279718
0.0307342 0.113676 0.0639691 0.516019 0.0661078 0.201995 9.9991E-05 0.00739848
0.0531927 0.290432 0.058912 0.482665 9.9982E-05 0.0359772 9.9982E-05 0.0786204
9.9982E-05 0.244817 0.0393432 0.589586 9.9982E-05 0.0161892 0.0182391 0.0916261
0.0596297 0.34158 0.0825041 0.500864 9.9973E-05 9.9973E-05 9.9973E-05 0.0151225
9.9973E-05 0.155432 0.112742 0.53646 9.9973E-05 9.9973E-05 0.0718053 0.12326
9.9991E-05 0.140574 0.0585232 0.556702 0.0753829 0.0536974 0.0738149 0.041206
9.9982E-05 0.188065 0.0535442 0.645356 9.9982E-05 0.0134618 0.0966094 0.0027637
0.00323787 0.330988 0.105361 0.510904 9.9982E-05 0.0350141 9.9982E-05 0.0142959
9.9991E-05 0.124872 0.0393076 0.640677 0.0208707 0.0691343 0.0700258 0.0350124
0.075994 0.105132 0.101617 0.609016 0.0371344 0.0158714 9.9991E-05 0.0551363
9.9982E-05 0.232432 0.077223 0.542169 0.0314693 9.9982E-05 0.10138 0.0151266
0.060482 0.0527259 0.0333269 0.48128 0.10988 0.22018 9.9991E-05 0.042025
9.9991E-05 0.238328 0.0195314 0.55103 0.056719 0.0796456 0.0123614 0.0422846
0.00540954 0.250764 0.0245804 0.388752 9.9991E-05 0.0646097 0.00228883 0.263496
0.00122225 0.245276 0.0145386 0.676963 9.9982E-05 9.9982E-05 0.0366928 0.0251072
0.0323661 0.219811 0.0903229 0.585142 0.0280304 9.9982E-05 9.9982E-05 0.0441274
0.025371 0.335733 0.0905695 0.209987 0.0659442 0.0781112 0.194184 9.9991E-05
9.9991E-05 0.246122 0.186798 0.166633 0.0318939 0.0596806 0.159318 0.149455
0.0306514 0.269457 0.0115576 0.490099 0.0805551 0.11748 9.9982E-05 9.9982E-05
9.9991E-05 0.345749 0.30923 0.0576398 0.0220847 0.00765543 0.187674 0.069867
0.052508 0.404685 0.026848 0.302701 0.00335313 9.9991E-05 0.14588 0.0639249
0.00845105 0.27856 0.0562977 0.453775 9.9982E-05 0.0214115 0.181305 9.9982E-05
0.0805932 0.4237 0.0113455 0.329572 9.9973E-05 9.9973E-05 0.154489 9.9973E-05
0.0374006 0.421265 9.9982E-05 0.285802 0.0622178 0.0681201 0.124994 9.9982E-05
0.0865222 0.0895492 0.108806 0.58034 9.9982E-05 0.00396172 0.130621 9.9982E-05
0.133314 0.0835052 0.0582079 0.63365 9.9973E-05 9.9973E-05 0.0910223 9.9973E-05
9.9982E-05 0.13268 0.0327036 0.658946 0.0192818 9.9982E-05 0.0727808 0.0834076
9.9991E-05 0.344252 0.12584 0.144645 0.0243239 0.0341027 0.202128 0.124608
0.18782 0.0241757 0.108226 0.490105 9.9982E-05 9.9982E-05 0.064998 0.124476
0.0235217 0.0667075 9.9991E-05 0.500908 0.0474587 0.21003 0.106278 0.0449967
0.077758 0.165236 0.137936 9.9982E-05 9.9982E-05 0.243448 0.166242 0.209179
0.160862 9.9991E-05 0.0940883 0.672293 0.00341459 0.0174954 0.0280755 0.0236719
0.0861788 0.0260071 0.123547 0.315105 9.9991E-05 0.0883922 0.216373 0.144296
0.0802462 0.116575 0.0599971 0.46968 0.0603279 0.0996463 0.0352018 0.0783263
9.9973E-05 0.0849091 9.9973E-05 0.158395 9.9973E-05 0.17637 0.199295 0.38073
0.00700894 0.165425 0.0972547 0.15235 9.9991E-05 0.409066 0.0416821 0.127113
9.9982E-05 0.128248 0.202658 0.397252 9.9982E-05 0.0650369 0.0851813 0.121424
0.157859 0.0285805 0.146115 0.403153 0.0180245 0.152951 0.0703596 0.0229571
0.0886458 0.0794272 0.0962524 0.409909 0.0772827 0.125388 0.0938859 0.0292084
0.00994958 0.145545 0.0404871 9.9991E-05 0.11115 0.200446 0.28893 0.203393
0.0774554 0.0257921 0.0279245 0.463351 0.0847343 0.205468 0.115175 9.9991E-05
9.9973E-05 0.101932 9.9973E-05 0.334624 9.9973E-05 0.331288 0.209443 0.0224125
9.9982E-05 0.123249 0.159937 0.468997 9.9982E-05 0.0909539 0.102004 0.0546581
0.0571631 0.0736487 0.00196221 0.570988 0.0516871 0.0412098 0.109095 0.0942464
0.231542 9.9973E-05 9.9973E-05 0.166616 0.190653 0.210031 9.9973E-05 0.200858
0.387311 9.9964E-05 9.9964E-05 9.9964E-05 0.0679366 0.126505 9.9964E-05 0.417848
0.333769 9.9973E-05 0.0278068 9.9973E-05 0.0439411 0.136552 9.9973E-05 0.457631
0.276996 0.00191399 9.9982E-05 0.0530257 0.296727 0.0624082 9.9982E-05 0.308729
9.9964E-05 9.9964E-05 9.9964E-05 0.577576 9.9964E-05 0.350418 0.0587416 0.0128654
0.0303433 0.0461586 0.0968495 0.527906 0.064048 0.171544 0.0433433 0.0198079
9.9964E-05 0.0206327 9.9964E-05 0.284242 0.677097 9.9964E-05 0.017628 9.9964E-05
0.0786123 0.0420813 9.9973E-05 0.347789 0.397866 9.9973E-05 0.133351 9.9973E-05
0.0158685 0.0935408 9.9973E-05 0.279625 0.446728 0.163938 9.9973E-05 9.9973E-05
9.9964E-05 9.9964E-05 0.200516 0.29945 9.9964E-05 0.4912 0.00843387 9.9964E-05
0.0252834 0.00521706 0.0894287 0.402953 0.0716161 0.145807 0.121135 0.13856
9.9982E-05 9.9982E-05 0.12269 0.150815 0.00184188 0.553157 0.0754362 0.0958594
9.9973E-05 0.0353423 0.0869942 0.586446 9.9973E-05 0.249402 0.0415159 9.9973E-05
0.0500509 0.0120993 0.145518 0.458493 0.00815682 0.187794 0.108629 0.0292581
0.0163133 0.0363796 0.0397709 0.630208 9.9991E-05 0.219708 0.0381274 0.0193924
9.9982E-05 0.0054646 0.195025 0.154286 9.9982E-05 0.420212 0.141808 0.0830047
0.0271654 9.9991E-05 0.0202794 0.628963 0.00995105 0.205415 0.0684013 0.0397249
0.0604335 9.9982E-05 0.055637 0.593161 9.9982E-05 0.17815 0.0806079 0.0318108
9.9955E-05 9.9955E-05 0.0279722 9.9955E-05 0.944147 9.9955E-05 0.0273812 9.9955E-05
9.9964E-05 9.9964E-05 0.0327858 0.00348821 0.959494 0.00383237 9.9964E-05 9.9964E-05
0.0243241 9.9973E-05 9.9973E-05 0.249468 0.645012 0.00212933 0.0787657 9.9973E-05
9.9946E-05 9.9946E-05 9.9946E-05 0.304018 0.695382 9.9946E-05 9.9946E-05 9.9946E-05
9.99647E-05 0.00489194 9.99647E-05 0.0943895 0.809661 0.0906573 9.99647E-05 9.99647E-05
9.9946E-05 9.9946E-05 9.9946E-05 9.9946E-05 0.986201 9.9946E-05 9.9946E-05 0.0131995
9.9955E-05 0.0482702 0.0285083 9.9955E-05 0.922722 9.9955E-05 9.9955E-05 9.9955E-05
9.9955E-05 9.9955E-05 9.9955E-05 0.133001 0.859177 9.9955E-05 0.00732186 9.9955E-05
9.9946E-05 0.0294815 9.9946E-05 9.9946E-05 0.969919 9.9946E-05 9.9946E-05 9.9946E-05
9.994E-05 9.994E-05 9.994E-05 9.994E-05 0.9993 9.994E-05 9.994E-05 9.994E-05
9.994E-05 9.994E-05 9.994E-05 9.994E-05 0.9993 9.994E-05 9.994E-05 9.994E-05
0.036221 0.0580665 0.00154965 0.136324 0.767539 9.9973E-05 9.9973E-05 9.9973E-05
0.0605622 9.9973E-05 0.000882219 0.163033 0.743323 9.9973E-05 9.9973E-05 0.031899
9.9946E-05 9.9946E-05 9.9946E-05 9.9946E-05 0.973053 9.9946E-05 0.0263471 9.9946E-05
0.0735485 0.0698955 0.0418294 0.401699 0.324206 0.045433 0.0339265 0.00946235
0.0363379 0.0676676 9.9982E-05 0.0907129 0.657335 0.107862 0.0398848 9.9982E-05
9.9973E-05 9.9973E-05 0.00310978 0.136508 0.737213 9.9973E-05 0.0338102 0.0890591
0.0362755 0.0060724 9.9973E-05 0.0427886 0.894273 9.9973E-05 9.9973E-05 0.0202906
9.9955E-05 9.9955E-05 9.9955E-05 0.0121535 0.965099 9.9955E-05 9.9955E-05 0.0222474
0.0516898 9.9955E-05 9.9955E-05 0.0632943 0.884516 9.9955E-05 9.9955E-05 9.9955E-05
9.994E-05 9.994E-05 9.994E-05 9.994E-05 0.9993 9.994E-05 9.994E-05 9.994E-05
0.065107 0.0233469 9.9982E-05 0.303787 0.567339 0.0227384 0.0174814 9.9982E-05
0.022363 0.0123399 0.0481729 9.9964E-05 0.916724 9.9964E-05 9.9964E-05 9.9964E-05
0.244633 9.9964E-05 0.0820125 9.9964E-05 9.9964E-05 0.448698 9.9964E-05 0.224256
0.148462 0.0821981 0.0430912 0.366247 0.0392284 0.224881 9.9991E-05 0.0957915
0.206795 0.011706 9.9991E-05 0.335912 0.110017 0.260533 0.0581393 0.0167982
0.115162 0.00980697 9.9982E-05 0.120188 0.105942 0.415362 9.9982E-05 0.233339
0.109479 0.0211533 0.0370894 0.296044 0.163769 0.25091 0.0677724 0.0537824
0.217454 9.9982E-05 0.0412194 0.165402 0.0678698 0.341521 9.9982E-05 0.166335
0.112874 0.0717194 0.0875838 0.420264 0.0794535 0.0936642 0.060043 0.0743984
0.054551 9.9982E-05 9.9982E-05 0.182403 0.225239 0.430403 0.00433955 0.102865
0.108352 9.9991E-05 0.0163143 0.325324 0.0997834 0.330811 0.0272378 0.0920778
0.0860442 9.9973E-05 9.9973E-05 0.277518 0.147588 0.377197 9.9973E-05 0.111352
0.133054 0.0942325 9.9982E-05 0.381018 0.1109 0.185043 9.9982E-05 0.095552
0.815177 0.023897 0.00277658 9.9982E-05 0.0181021 0.117749 0.0220987 9.9982E-05
0.91966 9.9964E-05 0.0355423 9.9964E-05 0.0365445 9.9964E-05 0.00785295 9.9964E-05
0.933833 0.0183631 9.9955E-05 9.9955E-05 9.9955E-05 9.9955E-05 9.9955E-05 0.0473038
0.911445 0.0322693 9.9955E-05 9.9955E-05 9.9955E-05 9.9955E-05 9.9955E-05 0.0557859
0.893228 0.0401362 9.9973E-05 9.9973E-05 0.0144565 0.0138949 9.9973E-05 0.0379841
0.802578 9.9964E-05 9.9964E-05 0.0327592 0.0577188 9.9964E-05 9.9964E-05 0.106544
0.89636 9.9955E-05 9.9955E-05 0.0448927 0.0582476 9.9955E-05 9.9955E-05 9.9955E-05
0.86524 9.9964E-05 0.0652003 9.9964E-05 9.9964E-05 0.0250749 9.9964E-05 0.0440853
0.894342 9.9964E-05 0.0258209 0.031959 9.9964E-05 9.9964E-05 9.9964E-05 0.0474779
0.750212 9.9955E-05 9.9955E-05 9.9955E-05 0.0808883 9.9955E-05 9.9955E-05 0.1684
0.623331 0.218589 0.0941455 9.9964E-05 9.9964E-05 9.9964E-05 0.0635344 9.9964E-05
0.581719 0.306171 0.0473083 9.9973E-05 9.9973E-05 9.9973E-05 0.045245 0.0192571
0.532359 0.259079 0.0643111 9.9982E-05 9.9982E-05 0.0508804 0.0201049 0.0730652
0.47549 0.352187 9.9964E-05 9.9964E-05 9.9964E-05 0.0285395 0.143383 9.9964E-05
0.0865729 0.0648515 9.9973E-05 0.455667 9.9973E-05 0.135713 0.256896 9.9973E-05
0.0254905 0.0832834 0.076362 0.444351 0.052349 0.04513 0.272934 9.9991E-05
9.9982E-05 0.12443 0.0739917 0.523698 0.0550908 0.0319076 0.190681 9.9982E-05
0.0669118 0.213792 9.9973E-05 0.396058 9.9973E-05 9.9973E-05 0.234215 0.0887234
9.9982E-05 0.53852 0.02676 0.187037 0.0024362 0.0533957 0.191651 9.9982E-05
0.0691114 0.0378362 0.056032 0.627641 0.0302069 0.0136419 0.16543 9.9991E-05
9.9973E-05 0.0283223 9.9973E-05 0.600505 0.00298822 0.045857 0.322028 9.9973E-05
9.9982E-05 0.0472034 0.0266794 0.481684 9.9982E-05 0.0676478 0.303002 0.0735837
9.9973E-05 9.9973E-05 0.00453494 0.251113 0.0902981 0.141781 0.511973 9.9973E-05
0.0518774 0.0812819 9.9991E-05 0.56284 0.0298674 0.0136404 0.198107 0.062286
0.0039101 0.0503489 0.135098 0.397947 9.9982E-05 0.000853637 0.411642 9.9982E-05
9.9964E-05 0.088845 0.143378 9.9964E-05 9.9964E-05 0.00275861 0.764619 9.9964E-05
0.0666205 0.134844 0.00919313 0.491201 9.9982E-05 9.9982E-05 0.234682 0.063259
9.9973E-05 9.9973E-05 0.0630125 0.241535 9.9973E-05 0.0753505 0.525178 0.0946234
0.0108744 0.0378799 0.0473408 0.494433 0.0397152 9.9982E-05 0.369557 9.9982E-05
0.0495605 0.161227 9.9964E-05 0.116893 9.9964E-05 9.9964E-05 0.671919 9.9964E-05
0.0779369 0.707488 9.9973E-05 0.0242858 9.9973E-05 0.0958538 9.9973E-05 0.0941358
0.10461 0.628872 9.9964E-05 0.0708428 9.9964E-05 0.195276 9.9964E-05 9.9964E-05
0.0335318 0.792215 9.9955E-05 9.9955E-05 9.9955E-05 0.173754 9.9955E-05 9.9955E-05
0.106661 0.79044 9.9964E-05 9.9964E-05 9.9964E-05 0.0903723 0.012127 9.9964E-05
0.0507774 0.704761 0.0398126 9.9973E-05 0.0207483 0.183601 9.9973E-05 9.9973E-05
0.128419 0.706167 9.9982E-05 0.0915639 0.012405 0.0546111 9.9982E-05 0.00663424
0.823827 9.9973E-05 0.0320979 0.0496771 0.0479175 9.9973E-05 9.9973E-05 0.0461807
0.810618 0.0296096 9.9973E-05 0.0920101 0.0156783 9.9973E-05 9.9973E-05 0.0517844
0.760661 9.9964E-05 9.9964E-05 0.154367 0.0716666 0.0129051 9.9964E-05 9.9964E-05
0.741853 0.0555559 0.0169651 0.0798028 0.0634927 9.9982E-05 9.9982E-05 0.0421306
0.783613 0.0134618 9.9973E-05 0.148922 0.0197888 9.9973E-05 9.9973E-05 0.0339144
0.358098 0.544657 9.9964E-05 9.9964E-05 9.9964E-05 0.074621 0.0222234 9.9964E-05
0.430717 0.40001 0.0743672 9.9973E-05 9.9973E-05 0.0669355 0.0276702 9.9973E-05
0.441994 0.471294 0.0596313 9.9964E-05 9.9964E-05 9.9964E-05 0.0266808 9.9964E-05
0.825936 0.00502159 9.9964E-05 0.142675 0.025968 9.9964E-05 9.9964E-05 9.9964E-05
0.392935 0.470603 9.9955E-05 9.9955E-05 9.9955E-05 9.9955E-05 0.135961 9.9955E-05
0.0908695 9.9964E-05 9.9964E-05 0.253178 0.308759 9.9964E-05 9.9964E-05 0.346793
0.0749038 0.127359 9.9991E-05 0.458215 0.246703 0.0659869 0.0116261 0.0151061
0.258418 9.9955E-05 9.9955E-05 0.505895 0.235187 9.9955E-05 9.9955E-05 9.9955E-05
0.188952 0.0315005 0.0550566 0.354919 0.149187 0.0207561 0.0561815 0.143448
0.156744 0.0350527 0.00802029 0.409557 0.183934 0.0387793 0.167812 9.9991E-05
0.304323 9.9964E-05 9.9964E-05 9.9964E-05 0.220541 0.0680337 9.9964E-05 0.406702
0.0236421 0.301198 0.0981517 0.482449 9.9982E-05 0.0733516 0.0210078 9.9982E-05
9.9973E-05 0.203454 0.2104 0.335452 9.9973E-05 9.9973E-05 0.133305 0.117089
0.100005 0.47404 0.000320976 0.357902 9.9982E-05 0.00217168 0.0653603 9.9982E-05
9.9982E-05 0.136773 0.164918 0.507711 9.9982E-05 0.0154821 0.0832391 0.0916772
9.9973E-05 0.182378 0.37227 9.9973E-05 9.9973E-05 0.0199722 0.259612 0.165468
0.0269095 0.0768344 0.0531177 0.401415 0.136021 0.0931451 0.0727472 0.13981
9.9982E-05 0.128631 0.228932 0.479881 0.0190546 9.9982E-05 0.0262987 0.117003
0.0833639 0.340764 0.0694889 0.302149 9.9973E-05 9.9973E-05 0.203934 9.9973E-05
0.0599787 0.134482 0.0817976 0.56843 9.9982E-05 9.9982E-05 0.0215986 0.133514
9.9982E-05 0.279515 0.107075 0.0963279 9.9982E-05 0.0420123 0.23603 0.23884
9.9982E-05 0.15263 0.160247 0.396369 9.9982E-05 0.131372 0.0508604 0.108321
9.9982E-05 0.318335 0.0313886 0.517516 0.0220683 9.9982E-05 0.0425182 0.0679738
0.115541 0.147945 0.0254832 0.404658 0.179638 0.0152799 0.0631648 0.04829
9.9973E-05 0.260674 0.18763 0.406574 9.9973E-05 9.9973E-05 0.0363348 0.108487
0.00579078 0.26256 0.0769933 0.475221 9.9982E-05 9.9982E-05 0.0770643 0.10217
9.9991E-05 0.118493 0.173053 0.414325 0.0778076 0.0468141 0.11099 0.0584166
9.9973E-05 0.187217 0.129186 0.490114 9.9973E-05 9.9973E-05 0.14163 0.0515522
9.9991E-05 0.140312 0.0474267 0.687016 0.0160715 0.0186447 0.0506804 0.0397486
0.0513414 0.13552 0.0127063 0.533515 0.0164691 9.9991E-05 0.111608 0.13874
0.0912006 0.137727 9.9982E-05 0.507356 0.0311667 9.9982E-05 0.0981331 0.134216
0.773156 9.9955E-05 9.9955E-05 0.119546 0.106798 9.9955E-05 9.9955E-05 9.9955E-05
0.821602 9.9982E-05 0.0481022 0.0312884 0.0521273 0.00368569 0.0429946 9.9982E-05
0.787324 0.0103495 0.0588964 0.00916352 0.0129871 0.0520266 0.0262316 0.0430209
0.793535 9.9973E-05 0.0107703 9.9973E-05 0.0622277 9.9973E-05 0.100602 0.0325646
0.787517 9.9964E-05 0.0577226 0.129396 0.0249648 9.9964E-05 9.9964E-05 9.9964E-05
9.9964E-05 0.567169 9.9964E-05 0.26872 9.9964E-05 9.9964E-05 0.0516216 0.11209
0.0799018 0.0691441 0.12702 0.52149 0.048027 9.9991E-05 0.131485 0.0228333
0.165978 9.9973E-05 0.0732376 0.419821 0.135883 0.20478 9.9973E-05 9.9973E-05
9.9973E-05 0.130031 9.9973E-05 0.656631 0.0924795 0.0368048 9.9973E-05 0.0837543
0.0209487 0.271331 0.00974177 0.507228 9.9982E-05 9.9982E-05 0.116688 0.073863
9.9991E-05 0.301396 0.113653 0.251125 0.02437 0.0698845 0.0498788 0.189594
0.0766021 0.549803 9.9982E-05 0.0226741 9.9982E-05 0.0435505 0.185778 0.121392
0.0433813 0.301266 0.0917062 0.496645 0.0215142 9.9991E-05 0.0427436 0.00264338
0.0707846 0.470871 0.180807 0.157287 0.0287915 0.0310391 0.0603206 9.9991E-05
0.0134308 0.124779 0.0473453 0.427841 0.0290813 0.0963588 0.155315 0.105848
0.0602492 0.531394 0.0113178 0.138063 9.9982E-05 9.9982E-05 0.135444 0.123333
0.100236 0.187812 9.9991E-05 0.594916 0.0602498 0.013882 0.00387988 0.0389247
0.068578 0.529827 0.0192389 0.187553 0.0236982 0.0522998 0.0744071 0.0443982
9.9991E-05 0.318547 0.0750372 0.246983 0.0904652 0.0927684 0.116987 0.0591127
9.9982E-05 0.086437 9.9982E-05 0.447907 0.0403887 0.319492 0.0485083 0.0570669
9.9973E-05 0.0752993 0.10075 0.200669 0.0119763 0.611006 9.9973E-05 9.9973E-05
0.069614 9.9964E-05 9.9964E-05 0.544634 0.006163 0.379189 9.9964E-05 9.9964E-05
0.0919326 0.0757942 0.0518694 0.545909 0.0242291 0.167334 0.0209321 0.0219994
9.9973E-05 0.0567309 0.134435 0.276161 9.9973E-05 0.526706 9.9973E-05 0.00566745
0.103989 0.0514833 0.0587658 0.515361 0.0132091 0.215962 0.0174627 0.0237679
0.0583205 0.0234612 0.085739 0.50423 9.9982E-05 0.306944 0.0211053 9.9982E-05
9.9973E-05 0.0758651 0.120426 0.0030661 9.9973E-05 0.693789 0.106555 9.9973E-05
9.9973E-05 9.9973E-05 0.0494543 0.206715 9.9973E-05 0.489989 0.125151 0.128392
9.9982E-05 0.0409914 0.0753016 0.468617 9.9982E-05 0.33992 0.0324144 0.0425555
9.9982E-05 0.0587648 0.104007 0.0910009 9.9982E-05 0.546458 0.190645 0.0089236
9.9973E-05 0.0764806 9.9973E-05 0.409487 9.9973E-05 0.378576 0.071077 0.0640793
9.9973E-05 0.590919 0.00471046 0.0849045 9.9973E-05 9.9973E-05 0.208361 0.110805
9.9973E-05 0.319792 0.289163 0.257648 9.9973E-05 9.9973E-05 0.0782874 0.0548093
0.0193348 0.38734 0.0716978 0.357931 0.0998561 9.9991E-05 0.0566009 0.00713902
9.9964E-05 0.14297 9.9964E-05 0.659328 0.0797895 9.9964E-05 0.117513 9.9964E-05
9.9973E-05 0.491586 9.9973E-05 0.263272 9.9973E-05 0.00197278 0.17465 0.0682187
9.9973E-05 0.158392 0.128398 0.487687 0.0965763 9.9973E-05 9.9973E-05 0.128647
0.0725228 0.191535 9.9973E-05 0.540292 9.9973E-05 9.9973E-05 0.104915 0.0904358
0.0226498 0.282043 9.9973E-05 0.552951 0.0280088 9.9973E-05 9.9973E-05 0.114048
0.0238176 0.269697 0.0799574 0.50724 0.0917806 0.0121501 0.00617895 0.00917772
0.0183983 0.334677 0.00784038 0.463751 0.0675499 0.0070179 0.100665 9.9991E-05
9.9964E-05 0.530079 9.9964E-05 0.177751 0.111661 9.9964E-05 0.180109 9.9964E-05
9.9973E-05 0.419735 0.0217836 0.311433 0.141862 9.9973E-05 0.104886 9.9973E-05
9.9973E-05 0.183912 0.176329 0.607339 0.0293915 9.9973E-05 9.9973E-05 0.00272872
0.0595563 0.148088 9.9982E-05 0.516785 0.11364 9.9982E-05 0.110624 0.0511074
0.0161674 0.306088 0.0678113 0.4452 9.9973E-05 9.9973E-05 9.9973E-05 0.164433
9.9982E-05 0.233893 0.0677361 0.51518 0.0697929 9.9982E-05 0.0844836 0.0287152
9.9955E-05 0.396554 9.9955E-05 0.411829 9.9955E-05 9.9955E-05 9.9955E-05 0.191117
0.047989 0.149364 9.9991E-05 0.669314 0.00321037 0.0222413 0.0950876 0.0126936
9.9982E-05 0.227982 0.0911467 0.495444 0.0857609 0.0740605 0.0254059 9.9982E-05
0.0736024 0.194498 0.14291 0.518313 0.0372932 9.9982E-05 0.033184 9.9982E-05
0.305225 9.9982E-05 9.9982E-05 0.37694 0.147994 0.0430415 0.0355516 0.0910481
0.134881 9.9991E-05 0.152085 0.419622 0.163459 0.0115179 0.0205944 0.0977409
0.128359 0.0290144 9.9991E-05 0.518954 0.137907 0.0568294 0.0712322 0.0576032
0.080093 0.0796482 0.110656 0.578248 0.101391 9.9982E-05 9.9982E-05 0.0497641
0.178708 9.9982E-05 0.0444428 0.443164 0.179523 9.9982E-05 0.0681436 0.0858177
9.9991E-05 0.186377 0.18448 0.466791 0.0397833 0.0855634 0.019124 0.017782
0.191972 0.0526853 0.0689209 0.514584 0.103622 9.9991E-05 0.00293572 0.0651799
0.111107 9.9991E-05 0.042298 0.0450383 0.0538678 0.155303 0.175321 0.416965
0.00608395 0.0736915 0.017447 0.520012 0.205951 0.062296 9.9991E-05 0.114419
0.0727457 0.0421868 0.106453 0.608946 0.126607 0.000112692 0.0329844 0.00996439
0.0893088 0.00391 0.10781 0.41298 0.284116 0.0658694 0.0359052 9.9991E-05
0.163813 0.0195913 0.0505206 0.318035 0.0902348 0.0377211 0.0744549 0.24563
0.154783 0.0528803 0.0243576 0.478114 0.124228 0.126419 9.9991E-05 0.0391178
0.141983 9.9991E-05 0.0816209 0.465305 0.194768 0.0212598 0.021093 0.0738715
0.31507 9.9973E-05 9.9973E-05 9.9973E-05 0.0966215 0.0160798 0.0616867 0.510242
0.150418 0.0214683 9.9973E-05 0.563051 0.132404 9.9973E-05 9.9973E-05 0.132359
0.166976 9.9991E-05 0.0508499 0.58133 0.0884887 0.00444473 0.0387555 0.0690547
0.143239 0.0195318 0.000161567 0.560372 0.11113 0.0729858 0.0877599 0.00482032
0.115614 9.9973E-05 9.9973E-05 0.601754 0.112819 0.00980464 9.9973E-05 0.159708
0.176932 0.0215306 0.110993 0.449089 0.138506 0.102326 9.9991E-05 0.000523778
0.0326915 0.0204855 0.439309 0.314179 0.123104 0.00160314 0.0685279 9.9991E-05
0.0988783 0.123341 0.20034 0.34681 0.100449 9.9982E-05 0.129983 9.9982E-05
9.9955E-05 0.0556045 0.77503 9.9955E-05 9.9955E-05 9.9955E-05 0.168866 9.9955E-05
0.00887895 0.0894209 0.842463 9.9973E-05 9.9973E-05 0.0313217 0.0276153 9.9973E-05
0.0274949 0.110192 0.279553 0.449401 0.104865 0.0282938 9.9982E-05 9.9982E-05
0.070824 9.9982E-05 0.0219024 0.30639 0.347964 0.0893246 9.9982E-05 0.163394
0.0329373 9.9973E-05 0.178249 0.400085 0.21759 9.9973E-05 9.9973E-05 0.170839
0.123899 9.9982E-05 0.198833 0.1954 0.159407 0.017369 9.9982E-05 0.304892
0.0861482 9.9973E-05 0.10455 0.382172 0.178556 9.9973E-05 9.9973E-05 0.248274
0.0127684 9.9973E-05 0.657186 0.0894474 0.00572596 9.9973E-05 9.9973E-05 0.234572
0.0234779 9.9973E-05 0.624093 0.124418 0.0115096 9.9973E-05 9.9973E-05 0.216202
9.9973E-05 9.9973E-05 0.346329 0.568818 0.0609999 9.9973E-05 0.0187783 0.00477463
0.0488037 9.9964E-05 0.444899 0.399733 0.106165 9.9964E-05 9.9964E-05 9.9964E-05
0.0780429 9.9973E-05 0.67873 0.146724 0.0670076 9.9973E-05 9.9973E-05 0.0291949
0.0385244 9.9991E-05 0.302722 0.427433 0.124524 0.0196931 0.0735048 0.0134988
0.0472647 9.9964E-05 0.358301 0.504197 0.0898375 9.9964E-05 9.9964E-05 9.9964E-05
0.0719905 0.0341021 0.201449 0.415029 0.150536 0.0812466 9.9991E-05 0.0455471
9.9964E-05 0.113288 0.521818 0.308414 9.9964E-05 0.0560801 9.9964E-05 9.9964E-05
0.00312042 0.0672262 0.519195 0.33238 0.00961512 9.9982E-05 0.0682632 9.9982E-05
0.0310452 0.0781142 0.318138 0.424323 0.0860463 0.0621341 9.9982E-05 9.9982E-05
0.102692 0.0871407 0.421096 0.349544 0.00223254 0.0326119 9.9991E-05 0.00458302
0.0230148 0.0855809 0.178741 0.406769 0.106394 0.0410599 0.112819 0.0456203
9.9973E-05 9.9973E-05 0.510951 0.408177 9.9973E-05 0.0425809 0.018756 0.0192354
9.9955E-05 0.0885136 0.734924 0.176062 9.9955E-05 9.9955E-05 9.9955E-05 9.9955E-05
0.0366758 9.9973E-05 0.347502 0.539506 9.9973E-05 0.0515201 0.024496 9.9973E-05
0.0687519 0.0079059 0.169016 0.474224 0.0516762 0.0599152 0.0341731 0.134338
9.9964E-05 0.0330824 0.695497 0.169344 9.9964E-05 9.9964E-05 0.101677 9.9964E-05
9.9973E-05 9.9973E-05 0.532271 0.365224 9.9973E-05 0.0252774 0.0102055 0.0667228
0.130184 0.0956249 0.115565 0.520286 0.0247583 0.0208848 0.0925974 9.9991E-05
9.9982E-05 9.9982E-05 0.381734 0.420529 0.038153 0.0512558 0.0970102 0.0111175
0.14115 9.9982E-05 0.0667466 0.387203 0.247166 0.144785 9.9982E-05 0.0127488
0.116904 0.0714005 0.18005 0.388474 0.130838 0.0559779 9.9991E-05 0.056256
0.0680409 0.062121 0.0414843 0.275076 0.232391 0.0880199 9.9991E-05 0.232767
0.141579 0.0377977 0.124464 0.292898 0.158532 0.156831 9.9991E-05 0.0877988
0.142809 0.0550016 0.0857488 0.398178 0.152289 0.165774 9.9982E-05 9.9982E-05
0.0666125 0.0703189 0.206207 0.541875 0.0943823 9.9982E-05 9.9982E-05 0.0204046
0.125997 9.9973E-05 0.6545 9.9973E-05 0.0851038 0.00258022 9.9973E-05 0.131519
0.0786265 0.0266222 0.144304 0.589152 0.144343 0.0167519 9.9982E-05 9.9982E-05
0.328116 9.9964E-05 0.475982 9.9964E-05 0.052846 9.9964E-05 9.9964E-05 0.142657
0.0202736 9.9973E-05 0.345809 0.416581 0.184768 9.9973E-05 9.9973E-05 0.0322683
9.9964E-05 9.9964E-05 0.753652 0.0246552 9.9964E-05 0.0179619 0.203331 9.9964E-05
9.9946E-05 9.9946E-05 0.895039 9.9946E-05 9.9946E-05 9.9946E-05 0.104361 9.9946E-05
9.9955E-05 9.9955E-05 0.496754 0.440951 9.9955E-05 9.9955E-05 0.061795 9.9955E-05
9.9955E-05 9.9955E-05 0.376189 0.613709 9.9955E-05 9.9955E-05 0.00960181 9.9955E-05
9.9955E-05 9.9955E-05 0.538956 0.368769 9.9955E-05 0.0917755 9.9955E-05 9.9955E-05
9.9955E-05 9.9955E-05 0.441714 0.502405 9.9955E-05 9.9955E-05 0.055381 9.9955E-05
9.9946E-05 9.9946E-05 0.554679 0.444721 9.9946E-05 9.9946E-05 9.9946E-05 9.9946E-05
0.746844 0.0461816 0.0649517 0.0416359 0.0579639 0.042223 9.9982E-05 9.9982E-05
0.696919 0.0646047 0.0886002 9.9973E-05 0.105619 9.9973E-05 9.9973E-05 0.0439572
0.899402 0.0212148 9.9955E-05 9.9955E-05 0.0788836 9.9955E-05 9.9955E-05 9.9955E-05
0.921087 9.9973E-05 0.0457837 0.00505658 9.9973E-05 0.00240292 9.9973E-05 0.0253703
0.0938349 0.0189882 0.0711478 0.513374 9.9973E-05 9.9973E-05 0.302355 9.9973E-05
0.124982 0.0575867 9.9973E-05 0.468916 0.0332326 9.9973E-05 0.314982 9.9973E-05
9.9955E-05 0.0759951 9.9955E-05 0.477855 9.9955E-05 9.9955E-05 0.445651 9.9955E-05
0.114451 0.00819346 9.9973E-05 0.59143 9.9973E-05 0.0882075 0.197419 9.9973E-05
0.114934 0.0842013 9.9982E-05 0.554353 0.0156414 0.1187 0.111971 9.9982E-05
9.9973E-05 0.163212 9.9973E-05 0.209226 0.0299817 0.0774864 0.519795 9.9973E-05
0.0404752 9.9973E-05 0.0176996 0.560241 0.00707212 9.9973E-05 0.374212 9.9973E-05
9.9964E-05 9.9964E-05 0.0991432 0.282575 9.9964E-05 0.183728 0.434154 9.9964E-05
0.180276 0.00536789 0.0914046 0.443642 0.117354 0.0199211 9.9991E-05 0.141934
9.9982E-05 0.0846059 0.0406502 0.393028 0.0931746 9.9982E-05 0.361444 0.0268968
9.9955E-05 0.118914 9.9955E-05 0.357092 9.9955E-05 9.9955E-05 0.523494 9.9955E-05
9.9973E-05 0.0472779 0.0437521 0.560723 9.9973E-05 0.000892632 0.347055 9.9973E-05
0.0725369 0.0081358 0.0888735 0.427473 9.9973E-05 9.9973E-05 0.402681 9.9973E-05
9.9964E-05 9.9964E-05 0.0506891 0.501976 9.9964E-05 0.0434609 0.403474 9.9964E-05
0.0634202 9.9982E-05 0.124863 0.519397 0.0159798 0.0122885 0.263851 9.9982E-05
9.9955E-05 9.9955E-05 0.0135615 0.116485 9.9955E-05 9.9955E-05 0.869453 9.9955E-05
9.9991E-05 0.0318673 0.028495 0.193083 0.0154549 0.0936981 0.569791 0.0675109
0.0215418 0.0340764 0.034517 0.358983 0.00123051 9.9991E-05 0.548591 0.000960818
9.9946E-05 9.9946E-05 9.9946E-05 9.9946E-05 9.9946E-05 9.9946E-05 0.947812 0.0515879
9.9982E-05 0.0223272 0.0233812 0.374376 9.9982E-05 0.022495 0.514514 0.0427061
9.9973E-05 9.9973E-05 0.0642831 0.0733977 9.9973E-05 0.148405 0.588108 0.125506
9.9964E-05 9.9964E-05 0.0794908 9.9964E-05 9.9964E-05 0.000236975 0.735153 0.184719
9.9964E-05 9.9964E-05 0.099048 0.544849 9.9964E-05 9.9964E-05 0.271661 0.0840423
0.0728374 0.0975528 9.9973E-05 0.234955 9.9973E-05 0.0204375 0.573918 9.9973E-05
9.9982E-05 0.0969688 9.9982E-05 0.401486 0.01435 0.0417046 0.43035 0.0149412
0.019229 0.0118969 9.9991E-05 0.535916 0.0848509 0.0706774 0.127218 0.150112
9.9955E-05 0.0544364 9.9955E-05 0.563906 9.9955E-05 9.9955E-05 0.381158 9.9955E-05
9.9982E-05 0.243787 0.163469 0.367433 9.9982E-05 0.0309496 0.116917 0.0772453
9.9991E-05 0.0491732 0.0836196 0.485699 0.0154953 0.0340407 0.30186 0.0300121
0.0569655 0.0861852 0.0415742 0.494396 0.0185435 0.0151091 0.287127 9.9991E-05
9.9955E-05 9.9955E-05 9.9955E-05 0.285313 9.9955E-05 0.0232717 0.690916 9.9955E-05
0.0349666 0.044359 0.132118 0.525113 9.9982E-05 0.0546287 0.208614 9.9982E-05
0.616824 0.25777 0.00395099 9.9964E-05 9.9964E-05 0.121055 9.9964E-05 9.9964E-05
0.753874 0.0540218 9.9973E-05 0.0457841 9.9973E-05 9.9973E-05 0.101871 0.0441495
0.792546 0.108013 9.9964E-05 9.9964E-05 9.9964E-05 0.0819361 9.9964E-05 0.0171048
0.801301 0.158345 0.0398544 9.9955E-05 9.9955E-05 9.9955E-05 9.9955E-05 9.9955E-05
0.719588 0.177959 9.9964E-05 0.0244516 9.9964E-05 0.0776013 9.9964E-05 9.9964E-05
0.0761138 0.0579233 9.9973E-05 0.0967826 0.0519951 9.9973E-05 0.716885 9.9973E-05
0.0452287 0.121744 0.00977888 0.125728 9.9982E-05 0.0484522 0.648868 9.9982E-05
9.9973E-05 9.9973E-05 0.0428776 0.135271 0.00794791 0.0732858 0.740318 9.9973E-05
0.0970754 0.0217757 0.0591746 0.570708 0.0368751 0.0694992 0.144792 9.9991E-05
0.0542054 0.1078 0.138192 0.590013 0.0289615 0.0806277 9.9982E-05 9.9982E-05
0.0329448 9.9991E-05 0.00839691 0.248866 0.0548699 0.0838618 0.554873 0.0160879
9.9973E-05 9.9973E-05 0.0480569 0.543484 0.0483785 0.0987992 0.260981 9.9973E-05
0.112366 9.9973E-05 9.9973E-05 0.27899 0.0298585 0.114121 0.464365 9.9973E-05
0.00428684 0.0575613 9.9973E-05 0.532512 9.9973E-05 0.138715 0.266626 9.9973E-05
9.9982E-05 0.0329108 9.9982E-05 0.567775 0.0662937 0.0247285 0.285713 0.0223794
9.9982E-05 0.0983321 0.0272237 0.234227 0.0753526 0.0412345 0.52343 9.9982E-05
9.9964E-05 0.0762021 9.9964E-05 0.354313 9.9964E-05 9.9964E-05 0.539344 0.0297403
9.9964E-05 0.163329 9.9964E-05 0.327107 9.9964E-05 0.0128621 0.496302 9.9964E-05
0.103743 0.05535 9.9964E-05 0.554082 9.9964E-05 0.286425 9.9964E-05 9.9964E-05
0.00036236 0.0347274 9.9964E-05 0.454894 9.9964E-05 9.9964E-05 0.509617 9.9964E-05
0.0423885 0.110047 9.9973E-05 0.503955 9.9973E-05 9.9973E-05 0.321805 0.0215046
0.028058 9.9982E-05 9.9982E-05 0.438903 0.392563 0.0500242 0.0260405 0.0642114
0.0805668 9.9973E-05 9.9973E-05 0.328145 0.472812 0.0789715 9.9973E-05 0.0392053
9.9964E-05 9.9964E-05 9.9964E-05 0.425553 0.40169 0.0463988 9.9964E-05 0.125959
0.0853898 9.9982E-05 0.0273087 0.33237 0.399256 0.0494283 9.9982E-05 0.106048
0.150218 9.9982E-05 0.0143702 0.437444 0.280228 0.0560426 9.9982E-05 0.0614975
9.9973E-05 9.9973E-05 9.9973E-05 0.485466 0.0279736 0.213462 0.245777 0.0270215
0.186357 9.9964E-05 9.9964E-05 0.0481083 0.56861 9.9964E-05 9.9964E-05 0.196524
0.132378 9.9973E-05 0.0425442 0.293342 0.467034 9.9973E-05 9.9973E-05 0.0644015
0.116973 9.9982E-05 9.9982E-05 0.338372 0.177176 0.235781 0.11957 0.011928
0.13095 0.0522628 9.9964E-05 0.517263 9.9964E-05 0.299125 9.9964E-05 9.9964E-05
0.109093 0.052405 0.0517108 0.335293 0.00982621 0.441472 9.9982E-05 9.9982E-05
0.109597 0.0482258 0.0224157 0.506597 0.0337668 0.279198 9.9982E-05 9.9982E-05
0.136039 9.9982E-05 0.0623055 0.562191 9.9982E-05 0.182337 0.0499415 0.00698598
0.161596 9.9964E-05 9.9964E-05 0.37703 0.36567 9.9964E-05 9.9964E-05 0.095304
0.126633 0.131323 0.0176113 0.300071 0.365961 9.9982E-05 9.9982E-05 0.0582004
9.9964E-05 9.9964E-05 9.9964E-05 0.366136 0.498198 0.0432069 9.9964E-05 0.0920589
0.0939815 0.0691491 9.9991E-05 0.526299 0.144722 0.0485999 0.00754285 0.109605
0.0435632 9.9964E-05 9.9964E-05 0.237326 0.542245 9.9964E-05 9.9964E-05 0.176466
0.140474 9.9982E-05 9.9982E-05 0.339898 0.296186 0.078461 0.125111 0.019669
0.124192 9.9964E-05 9.9964E-05 0.276186 0.450762 9.9964E-05 9.9964E-05 0.14846
0.098118 9.9973E-05 0.0784439 0.433308 0.330496 9.9973E-05 9.9973E-05 0.059334
9.9964E-05 9.9964E-05 9.9964E-05 0.469301 0.0547118 0.43015 9.9964E-05 0.045437
0.226135 9.9973E-05 9.9973E-05 0.357218 0.259854 9.9973E-05 0.000663547 0.155829
0.0984809 9.9964E-05 9.9964E-05 0.232248 0.519493 9.9964E-05 9.9964E-05 0.149378
0.0767243 0.0503259 0.0634134 0.209549 0.403732 9.9991E-05 0.0789732 0.117182
0.101267 0.160749 9.9982E-05 0.11011 0.0482808 0.562364 0.0170299 9.9982E-05
9.9973E-05 0.046408 9.9973E-05 0.490706 0.0730236 0.383891 0.00567119 9.9973E-05
0.135839 0.0999819 0.0156944 0.33887 0.27324 9.9991E-05 0.0590372 0.077238
0.102619 0.0395864 0.0383681 0.528688 0.0372448 0.253294 9.9982E-05 9.9982E-05
0.169298 9.9964E-05 0.00947647 0.484408 9.9964E-05 0.336417 9.9964E-05 9.9964E-05
0.18827 0.0137275 9.9991E-05 0.348367 0.172527 0.170554 0.0373925 0.0690635
0.141862 0.0313534 0.0610038 0.323259 0.248681 0.0363062 9.9991E-05 0.157435
0.0994385 0.0783624 9.9991E-05 0.499572 0.116311 0.147244 0.0424777 0.0164945
0.126307 9.9991E-05 0.00104646 0.339 0.402473 0.0179587 0.0781592 0.0349555
0.0863515 9.9973E-05 0.064791 0.337616 0.435738 0.0752034 9.9973E-05 9.9973E-05
0.157218 0.000101042 9.9973E-05 0.216214 0.483703 9.9973E-05 9.9973E-05 0.142464
0.153687 0.0134854 0.102662 0.525266 0.0408467 0.156423 9.9991E-05 0.0075295
0.13237 0.0720064 9.9973E-05 0.370497 9.9973E-05 0.37681 0.0480164 9.9973E-05
0.0146652 9.9982E-05 0.0128082 0.0483869 0.0547955 0.689877 9.9982E-05 0.179267
0.0929923 9.9982E-05 9.9982E-05 0.539486 0.0155252 0.252814 0.0712278 0.0277548
0.0447114 0.205019 0.0454657 0.495022 0.000126587 0.0818105 0.0116874 0.116158
0.10856 0.0643628 9.9982E-05 0.512158 0.00977957 9.9982E-05 0.0699988 0.234941
0.0125831 0.11914 0.0327428 0.564488 0.00787664 9.9991E-05 0.140835 0.122235
9.9964E-05 9.9964E-05 9.9964E-05 0.0364102 0.0366685 9.9964E-05 0.0221896 0.904332
