0.0785719 9.9973E-05 9.9973E-05 0.0190268 9.9973E-05 0.00468776 0.860237 0.0371764
0.03769 9.9964E-05 9.9964E-05 9.9964E-05 0.00415715 0.0405842 0.917169 9.9964E-05
0.0617393 0.0668185 9.9973E-05 0.0709321 9.9973E-05 9.9973E-05 0.73817 0.0620401
0.0379109 0.079795 9.9973E-05 0.0588867 9.9973E-05 9.9973E-05 0.742594 0.080513
9.9964E-05 0.0471158 9.9964E-05 0.0337687 0.0382263 9.9964E-05 0.880489 9.9964E-05
0.00721434 0.072337 0.123765 0.0426392 0.0388682 0.00195475 0.642124 0.0710977
0.0422062 9.9964E-05 0.144005 9.9964E-05 9.9964E-05 0.0274519 0.785937 9.9964E-05
0.045756 0.0246891 0.137505 0.0264348 0.0136995 9.9991E-05 0.632691 0.119125
0.00777827 9.99729E-05 0.0359197 9.99729E-05 9.99729E-05 0.0394598 0.822965 0.0935772
0.0865345 0.104222 0.0601409 0.0398696 0.0176533 9.9991E-05 0.668501 0.0229784
0.0152947 0.0328824 0.115985 9.9973E-05 9.9973E-05 9.9973E-05 0.743759 0.0917792
9.9973E-05 0.211493 9.9973E-05 0.0810907 0.00974812 0.14504 9.9973E-05 0.552328
0.0297047 0.452228 9.9973E-05 0.109559 9.9973E-05 0.0484221 9.9973E-05 0.359786
0.0586781 0.203752 0.0859994 0.0743804 0.0780429 0.0320856 9.9991E-05 0.466962
0.0184544 0.201798 0.0210757 0.210565 0.0441715 0.110179 9.9991E-05 0.393657
0.00826051 0.306706 0.033566 0.1864 0.0521424 0.0732546 0.108933 0.230738
0.0652868 0.552545 0.065312 0.0692701 0.0243952 9.9982E-05 9.9982E-05 0.222991
0.0777393 0.393484 0.0508377 0.0993807 9.9982E-05 0.219021 9.9982E-05 0.159337
0.0366136 0.273955 9.9982E-05 0.0864969 9.9982E-05 0.149573 0.134929 0.318232
0.0135238 9.9982E-05 0.0981725 0.0887886 9.9982E-05 0.113944 0.00968173 0.675689
0.0259694 0.418674 9.9991E-05 0.0727798 0.11785 0.0664607 0.0590194 0.239147
0.0204866 0.452219 0.123366 0.0803023 0.0120707 0.0843039 9.9991E-05 0.227151
9.9982E-05 0.469092 9.9982E-05 0.0384144 0.0470272 0.0445693 0.0745582 0.326138
0.012008 0.22479 0.00176549 0.160958 0.073013 0.129107 9.9991E-05 0.398259
0.000127322 0.570677 0.0940661 0.142754 9.9991E-05 0.0161498 0.0569884 0.119138
0.0344435 0.409278 0.0629819 0.138091 9.9982E-05 0.0295328 9.9982E-05 0.325472
0.0556882 0.148988 9.9991E-05 0.126483 0.00533917 0.152867 0.00347338 0.507061
0.0197067 0.0846211 9.9973E-05 0.290594 9.9973E-05 0.150058 9.9973E-05 0.454721
9.9982E-05 0.182025 0.0524424 0.108404 0.0597519 0.115777 9.9982E-05 0.4814
0.9993 9.994E-05 9.994E-05 9.994E-05 9.994E-05 9.994E-05 9.994E-05 9.994E-05
0.9993 9.994E-05 9.994E-05 9.994E-05 9.994E-05 9.994E-05 9.994E-05 9.994E-05
0.364636 0.0791745 9.9973E-05 0.0243217 9.9973E-05 0.0382569 0.493311 9.9973E-05
0.230093 0.0282118 9.9973E-05 0.0860155 9.9973E-05 0.0822613 0.573118 9.9973E-05
9.999E-05 0.513227 0.0746248 0.0270142 0.0511479 0.213532 0.0383756 0.0819793
0.0600216 0.424603 9.9982E-05 0.0573678 9.9982E-05 0.284705 0.0286344 0.144468
0.0183211 0.49393 0.0160571 0.000711657 9.9982E-05 0.414295 0.0564855 9.9982E-05
0.0459124 0.153434 9.9982E-05 9.9982E-05 0.0176611 0.141875 0.0792634 0.561654
0.00963048 0.249167 0.00611393 0.0803619 0.0233334 0.520035 0.0399542 0.0714043
0.0173351 0.444336 9.9991E-05 0.0558419 0.0872155 0.241015 0.0423967 0.111759
0.041967 0.701097 9.9973E-05 9.9973E-05 0.0255074 0.191093 0.0400362 9.9973E-05
0.0115938 0.613629 0.0879222 0.0203058 9.9991E-05 0.101758 0.0698537 0.0948371
0.0474496 0.523609 0.0859349 0.038892 9.9991E-05 0.0870252 0.0588444 0.158145
0.0387206 0.0757691 9.9973E-05 0.0269451 9.9973E-05 0.723007 9.9973E-05 0.135258
9.9982E-05 0.637121 0.237067 0.0378288 9.9982E-05 0.0247924 0.0295283 0.0334628
9.9982E-05 0.475694 0.0819978 0.0521505 0.0148176 0.246308 0.128833 9.9982E-05
0.0664507 0.494099 9.9991E-05 0.0825179 0.00981375 0.159376 0.0532195 0.134423
9.9955E-05 0.309514 9.9955E-05 9.9955E-05 0.0124781 0.677508 9.9955E-05 9.9955E-05
9.9964E-05 0.653723 9.9964E-05 0.0228659 9.9964E-05 0.265935 0.0570759 9.9964E-05
0.0153555 0.50987 0.0195137 0.0554963 0.0318771 0.241302 0.0684 0.0581857
9.9955E-05 9.9955E-05 0.283834 9.9955E-05 9.9955E-05 0.651116 0.0645504 9.9955E-05
9.99788E-05 0.177599 0.126513 9.99788E-05 0.0730467 0.171021 9.99788E-05 0.451521
9.999E-05 0.0625279 0.306464 0.00915366 0.155 0.202828 0.0234097 0.240516
0.0167236 0.626671 0.0926662 0.0541786 9.9991E-05 0.012297 0.0635424 0.133822
0.0151684 0.627238 0.013763 0.0305115 0.114864 0.0492001 0.0728079 0.0764464
0.035505 0.527654 0.0825563 0.112738 9.9991E-05 0.0711354 0.0637375 0.106574
0.0146642 0.149281 0.17195 9.9982E-05 9.9982E-05 0.176639 0.0450927 0.442173
0.0318097 0.563699 0.010935 0.0264289 0.0176528 0.0698154 9.9991E-05 0.279559
0.0425512 0.517007 9.9982E-05 0.160651 0.00636421 0.0682642 9.9982E-05 0.204963
0.0288754 0.300945 0.0337719 0.00135036 0.0701731 0.23515 0.114785 0.214949
0.0373427 0.0745833 0.189688 0.04555 0.000869368 0.11399 0.131684 0.406293
0.0597065 0.593875 0.0701356 9.9991E-05 0.0314402 0.165109 0.00836559 0.0712675
0.000506427 0.402817 0.0349097 0.114001 0.140036 9.9991E-05 0.0442813 0.263348
0.101892 9.9973E-05 0.0542005 9.9973E-05 0.0692065 0.199615 9.9973E-05 0.574786
0.0270296 0.537609 0.0120608 0.000888791 0.0677919 0.0612541 9.9991E-05 0.293266
0.000204948 0.598582 0.031557 0.0341858 0.22572 0.0734967 0.0204204 0.0158331
0.0212538 0.546513 0.0638835 0.0615106 0.0702487 9.9991E-05 0.0325102 0.20398
9.9991E-05 0.21392 0.0266987 0.0562242 0.0711615 0.250872 0.0515985 0.329425
0.0132372 0.410307 0.180102 0.0579954 9.9982E-05 0.17157 9.9982E-05 0.166589
0.0127694 0.523948 9.9991E-05 0.0967816 0.0927383 0.0516725 0.0525002 0.16949
0.095319 0.214635 0.0239657 9.9982E-05 0.0416217 0.185892 9.9982E-05 0.438367
0.0292964 0.483906 9.9964E-05 9.9964E-05 9.9964E-05 0.481464 9.9964E-05 0.00493369
0.056472 0.124892 9.9964E-05 9.9964E-05 9.9964E-05 0.749598 9.9964E-05 0.0686377
0.0791497 0.600687 0.0478602 0.0261762 9.9991E-05 0.128771 0.0606997 0.0565558
9.9946E-05 9.9946E-05 0.164451 9.9946E-05 9.9946E-05 0.834949 9.9946E-05 9.9946E-05
9.9964E-05 9.9964E-05 0.107784 9.9964E-05 0.0481249 0.813863 9.9964E-05 0.0298282
9.9955E-05 0.29899 9.9955E-05 0.0303441 9.9955E-05 0.670166 9.9955E-05 9.9955E-05
9.9964E-05 0.429406 9.9964E-05 9.9964E-05 9.9964E-05 0.463984 0.040393 0.0658171
0.0778602 0.587075 9.9982E-05 9.9982E-05 0.0902066 0.112791 0.0613211 0.0705462
0.0445332 0.467966 9.9973E-05 9.9973E-05 0.0444081 0.431812 9.9973E-05 0.0109815
9.9973E-05 0.0878134 9.9973E-05 0.0725453 9.9973E-05 0.650904 0.0235877 0.16485
0.0209338 0.276427 9.9964E-05 9.9964E-05 9.9964E-05 0.477771 9.9964E-05 0.224468
0.0719022 0.461451 9.9982E-05 0.0782526 0.0814164 0.283509 0.0232691 9.9982E-05
0.0219273 0.270044 0.00419766 0.0493317 9.9991E-05 0.563866 0.0215173 0.0690163
0.0291623 0.371436 9.9982E-05 0.0430666 9.9982E-05 0.481644 0.0477624 0.0267288
0.0237971 0.351925 0.0280887 9.9964E-05 9.9964E-05 0.595789 9.9964E-05 9.9964E-05
9.9973E-05 9.9973E-05 0.139954 9.9973E-05 0.0549563 0.742716 0.0563379 0.00573621
9.9973E-05 0.70353 0.0445345 9.9973E-05 9.9973E-05 0.120684 0.0168968 0.114054
0.0375681 0.10199 9.9973E-05 0.0200823 9.9973E-05 9.9973E-05 0.769671 0.0703887
0.110384 0.0764925 9.9955E-05 9.9955E-05 9.9955E-05 9.9955E-05 0.812624 9.9955E-05
0.106777 0.0838738 9.9964E-05 0.0387487 9.9964E-05 9.9964E-05 0.770201 9.9964E-05
0.121212 0.0218149 0.0301647 0.0125984 9.9973E-05 9.9973E-05 0.81391 9.9973E-05
0.106817 0.0880393 9.9973E-05 0.0100797 0.0112263 9.9973E-05 0.783538 9.9973E-05
0.0782449 0.00281379 9.9982E-05 0.0444738 0.0239224 0.0392901 0.811055 9.9982E-05
0.0982958 0.0672617 9.9973E-05 0.000412296 9.9973E-05 9.9973E-05 0.826199 0.00753127
0.0864506 0.55409 9.9982E-05 0.0477777 0.00275974 0.244733 0.0639895 9.9982E-05
0.0391082 0.562425 9.9982E-05 0.0834636 9.9982E-05 0.126183 0.0547546 0.133866
9.9973E-05 0.0213528 9.9973E-05 9.9973E-05 0.0210593 0.805231 0.0247692 0.127287
0.0138738 0.539442 0.0330552 0.0480268 0.00612091 0.179046 0.0531775 0.127259
0.0268892 0.400886 9.9973E-05 9.9973E-05 9.9973E-05 0.437705 0.0167464 0.117473
9.9964E-05 0.547035 9.9964E-05 0.0549547 9.9964E-05 0.35827 0.0393397 9.9964E-05
0.0130625 0.396098 0.0192987 0.0517203 0.151272 0.311809 0.0566402 9.9991E-05
0.0280446 0.43024 9.9973E-05 0.103425 0.0410387 0.396952 9.9973E-05 9.9973E-05
9.9955E-05 9.9955E-05 9.9955E-05 9.9955E-05 9.9955E-05 0.725595 0.0330437 0.240861
0.0200162 0.535013 0.101982 9.9982E-05 0.017249 0.190406 0.135134 9.9982E-05
9.9964E-05 0.618266 9.9964E-05 0.0834193 9.9964E-05 0.17399 9.9964E-05 0.123924
0.0327471 0.547812 0.060354 0.0423541 0.0434612 0.159502 0.0712381 0.042532
0.0382403 0.277528 0.115102 0.016907 9.9973E-05 0.551922 9.9973E-05 9.9973E-05
0.00656252 0.495609 9.9964E-05 9.9964E-05 0.0305904 0.466838 9.9964E-05 9.9964E-05
0.0271119 0.342364 9.9973E-05 0.0702959 9.9973E-05 0.452704 9.9973E-05 0.107224
9.9964E-05 0.274948 9.9964E-05 0.101484 0.0308117 0.592356 9.9964E-05 9.9964E-05
9.9964E-05 0.411411 9.9964E-05 9.9964E-05 9.9964E-05 0.463659 0.0637399 0.0607901
0.0244571 0.475705 9.9991E-05 0.0677682 0.134379 0.117233 0.149382 0.030975
0.0205719 0.233491 0.0676937 0.0246163 0.183133 0.0637288 0.00311171 0.403653
0.0410922 0.369283 0.0285374 0.0729974 9.9991E-05 0.0694334 0.115054 0.303502
0.0251135 0.56396 0.0503527 0.022562 0.128988 9.9991E-05 0.0893931 0.119531
9.9982E-05 0.533093 9.9982E-05 0.0299792 0.0931707 0.19169 0.0402233 0.111644
0.0600349 0.474769 9.9973E-05 9.9973E-05 0.0368448 9.9973E-05 0.0274836 0.400568
9.9973E-05 0.574499 9.9973E-05 0.0516087 9.9973E-05 0.039827 0.0650591 0.268706
9.9964E-05 0.495484 9.9964E-05 9.9964E-05 0.103042 9.9964E-05 0.0263081 0.374765
0.0472395 0.499454 0.0442697 0.0493976 0.0548563 0.0524704 0.0326767 0.219635
0.0118733 0.57058 0.131207 0.0791743 9.9982E-05 9.9982E-05 0.0449217 0.162044
0.0210753 0.571671 0.028827 0.0104961 0.0811709 0.067152 9.9991E-05 0.219507
0.024136 0.561152 0.0312478 9.9973E-05 9.9973E-05 0.000733762 9.9973E-05 0.382431
0.00445296 0.582565 0.0610455 0.0426914 0.0722053 0.0645311 0.0279731 0.144536
0.0438593 0.539548 9.9982E-05 0.115248 0.082426 9.9982E-05 0.0363077 0.182411
0.0215629 0.588242 9.9973E-05 9.9973E-05 0.0398398 0.05644 9.9973E-05 0.293615
9.9991E-05 0.620443 0.174851 0.0482345 0.0543633 0.0181374 0.0389443 0.0449264
0.0380501 0.418444 0.00815039 0.11291 0.143006 0.0157812 9.9991E-05 0.263558
0.0225186 0.395661 0.116409 9.9991E-05 0.0784443 0.00154453 0.0766839 0.308638
0.0121436 0.570461 0.0204414 0.0699981 0.0804062 0.0103335 9.9991E-05 0.236116
9.9973E-05 0.693653 0.00867526 0.0273749 0.0872543 9.9973E-05 9.9973E-05 0.182742
0.003354 0.188317 9.9991E-05 0.0885648 0.0545253 0.213598 0.00476804 0.446773
9.9982E-05 0.175817 0.201991 0.0462045 0.186247 0.0947331 9.9982E-05 0.294807
0.0144152 0.46865 0.0422444 0.0213911 0.080809 0.173633 0.0372551 0.161602
0.00337748 0.0484599 0.173477 0.0521607 0.218642 0.182232 9.9991E-05 0.321551
0.0152907 0.202899 9.9982E-05 0.0227366 0.167007 0.173875 9.9982E-05 0.417992
9.9964E-05 0.383109 9.9964E-05 9.9964E-05 0.0773848 0.21456 9.9964E-05 0.324547
0.086892 0.293087 9.9973E-05 9.9973E-05 0.0285027 0.250386 9.9973E-05 0.340833
9.9982E-05 0.343869 9.9982E-05 0.00415845 0.0236361 0.12408 0.0137335 0.490324
0.0597268 0.547504 0.113412 0.0397523 9.9991E-05 0.0717315 0.0684425 0.0993313
9.9982E-05 0.401036 9.9982E-05 0.185771 0.09869 0.0352427 0.10245 0.17661
0.0404648 0.551799 0.0361896 0.0159889 0.0597306 0.0344718 0.0319957 0.22936
9.9982E-05 0.186006 0.219266 0.0397597 0.0906158 0.123435 9.9982E-05 0.340718
0.008902 0.522652 0.0586575 0.00743642 0.0962757 0.119898 0.186077 9.9991E-05
9.9982E-05 0.45901 0.323019 0.0696722 0.0167967 0.0546907 9.9982E-05 0.0766124
0.0200849 9.9982E-05 0.450397 9.9982E-05 0.161453 0.148478 0.0997025 0.119685
0.0382031 0.612492 0.0802718 0.0213233 0.0627026 0.105623 0.0766113 0.00277281
9.9982E-05 0.370864 0.266553 0.00616925 0.135244 0.144858 0.0761115 9.9982E-05
0.0298328 0.498804 0.274415 0.0686324 9.9991E-05 0.0156281 0.0650673 0.04752
0.0395317 0.26376 0.411069 9.9991E-05 0.0493751 0.148032 0.0285136 0.0596188
0.0286568 0.208745 0.41372 9.9991E-05 0.0933976 0.0752505 0.0103371 0.169793
9.9982E-05 0.379297 0.164204 9.9982E-05 0.15129 0.184469 0.0134945 0.107045
0.00898509 0.53983 0.0701586 0.0303931 0.0618968 0.1001 0.118812 0.069825
0.0365449 0.399507 0.181126 0.0793406 0.0438583 0.0975841 0.102393 0.0596463
0.0118842 9.9982E-05 0.344262 0.189968 0.0231082 0.269834 9.9982E-05 0.160744
0.0705707 0.516858 0.03731 0.0389969 0.202031 9.9991E-05 0.0235319 0.110601
9.9973E-05 0.347422 0.308339 9.9973E-05 0.0554158 0.168782 9.9973E-05 0.119741
0.0430088 0.454458 0.156808 9.9982E-05 0.0523607 0.166077 9.9982E-05 0.127088
9.9973E-05 0.625726 0.0939426 9.9973E-05 0.133997 9.9973E-05 0.131886 0.0141483
0.0669286 0.175296 0.317848 0.210364 0.0159462 9.9982E-05 0.213417 9.9982E-05
0.0053874 9.9964E-05 0.370516 0.131641 9.9964E-05 9.9964E-05 0.492056 9.9964E-05
0.0461907 9.9964E-05 0.43477 0.15053 9.9964E-05 9.9964E-05 0.36811 9.9964E-05
0.0269131 0.0789553 0.236129 0.336242 9.9973E-05 9.9973E-05 0.32146 9.9973E-05
9.9964E-05 0.679285 0.289933 9.9964E-05 0.00519515 0.0251865 9.9964E-05 9.9964E-05
9.9991E-05 0.535356 0.103653 0.0155004 0.123188 0.129468 0.0802433 0.0124921
9.9955E-05 0.248363 9.9955E-05 0.712346 9.9955E-05 0.0387918 9.9955E-05 9.9955E-05
0.0543712 0.282027 9.9982E-05 0.417774 0.012197 0.144816 9.9982E-05 0.0886148
9.9982E-05 0.332787 9.9982E-05 0.344618 0.036677 0.145906 0.120344 0.0194674
0.0159827 0.277706 0.378749 9.9973E-05 0.176579 0.150684 9.9973E-05 9.9973E-05
9.9982E-05 0.565224 0.181058 0.0694547 0.0364453 0.00380968 9.9982E-05 0.143809
9.9964E-05 0.220875 0.500997 9.9964E-05 0.191074 0.086655 9.9964E-05 9.9964E-05
9.9973E-05 0.62816 0.244878 9.9973E-05 0.0202748 0.100306 0.00608102 9.9973E-05
0.00342875 0.477462 0.224957 0.0567735 0.205685 0.0148525 9.9991E-05 0.0167407
0.00553229 0.619384 0.279883 9.9982E-05 0.0607979 0.0217554 9.9982E-05 0.0124476
9.9973E-05 0.235814 0.430454 9.9973E-05 0.113766 0.127063 9.9973E-05 0.0926025
0.00615262 0.595684 0.0123597 0.099005 0.106548 0.13008 0.0500711 9.9991E-05
9.9982E-05 0.576405 0.131794 0.0555773 0.113638 0.0477226 0.0746632 9.9982E-05
9.9946E-05 0.0547069 9.9946E-05 0.944693 9.9946E-05 9.9946E-05 9.9946E-05 9.9946E-05
9.9964E-05 0.0790384 9.9964E-05 0.915381 9.9964E-05 0.00017168 9.9964E-05 0.0050091
9.9982E-05 0.250698 0.0274977 0.543421 9.9982E-05 0.0588527 0.0744443 0.0448862
0.0172382 0.272924 9.9973E-05 0.677421 0.0152963 9.9973E-05 9.9973E-05 0.0168198
9.9955E-05 0.180472 9.9955E-05 0.794045 9.9955E-05 9.9955E-05 0.0249835 9.9955E-05
9.994E-05 9.994E-05 9.994E-05 0.9993 9.994E-05 9.994E-05 9.994E-05 9.994E-05
9.9955E-05 9.9955E-05 0.00612206 0.982198 0.0111806 9.9955E-05 9.9955E-05 9.9955E-05
9.9946E-05 0.183042 9.9946E-05 0.816359 9.9946E-05 9.9946E-05 9.9946E-05 9.9946E-05
9.9955E-05 9.9955E-05 9.9955E-05 0.979607 9.9955E-05 0.0152628 9.9955E-05 0.00463086
9.9946E-05 9.9946E-05 9.9946E-05 0.981949 0.0174509 9.9946E-05 9.9946E-05 9.9946E-05
0.0201884 9.9946E-05 9.9946E-05 0.979212 9.9946E-05 9.9946E-05 9.9946E-05 9.9946E-05
0.0779073 0.177734 0.00944085 0.710161 0.0203711 0.00418653 9.9982E-05 9.9982E-05
9.9973E-05 0.0611054 9.9973E-05 0.815755 9.9973E-05 0.00753397 0.0753869 0.0399188
0.0130054 9.9955E-05 9.9955E-05 0.963776 9.9955E-05 0.022719 9.9955E-05 9.9955E-05
0.0739283 0.256748 0.00753018 0.44474 0.0193328 0.0735028 9.9991E-05 0.124117
0.0328574 0.309699 0.0239932 0.553069 0.0133959 9.9991E-05 0.0287529 0.038133
0.0354729 0.167185 0.0316491 0.733803 9.9973E-05 9.9973E-05 0.0315896 9.9973E-05
0.0399356 0.0462406 9.9964E-05 0.849163 9.9964E-05 9.9964E-05 9.9964E-05 0.0642614
9.9955E-05 0.00740492 9.9955E-05 0.985858 9.9955E-05 9.9955E-05 0.00623712 9.9955E-05
0.0128534 0.0439265 9.9973E-05 0.890617 0.00876962 9.9973E-05 0.0435331 9.9973E-05
9.994E-05 9.994E-05 9.994E-05 0.9993 9.994E-05 9.994E-05 9.994E-05 9.994E-05
9.9982E-05 0.271466 0.0158426 0.610951 0.00842937 9.9982E-05 0.0690648 0.0240459
9.9973E-05 0.00354589 9.9973E-05 0.918559 0.0365344 9.9973E-05 0.025253 0.0158082
9.9973E-05 9.9973E-05 0.578678 0.0661994 0.0498415 0.00317237 0.301809 9.9973E-05
0.0273771 0.354085 0.180313 0.137688 0.0388462 0.0478026 0.111315 0.102574
0.000541753 0.484919 0.205066 0.0443673 9.9991E-05 0.0559282 0.201933 0.00714399
0.068051 0.188781 0.482743 0.132865 9.9973E-05 9.9973E-05 0.12726 9.9973E-05
0.00878948 0.437762 0.189056 0.186799 0.0286497 0.0145435 0.124187 0.010214
0.0480549 0.291299 0.354575 0.0419483 0.0359472 9.9982E-05 0.227976 9.9982E-05
0.0205311 0.395586 0.101233 0.0993451 0.131541 0.0257277 0.180227 0.0458089
9.9973E-05 0.331575 0.378965 0.120688 0.0344454 9.9973E-05 0.134027 9.9973E-05
0.108788 0.480419 0.295492 0.0694361 9.9973E-05 9.9973E-05 0.0455644 9.9973E-05
0.0435415 0.286381 0.389672 0.250112 9.9973E-05 9.9973E-05 0.0299936 9.9973E-05
0.032423 0.478381 0.169507 0.0769379 9.9991E-05 0.0480739 0.159186 0.0353917
9.9964E-05 0.0236248 9.9964E-05 9.9964E-05 0.0789404 9.9964E-05 0.820336 0.0766988
0.0564143 9.9973E-05 0.0101192 0.0403688 0.0197591 9.9973E-05 0.873039 9.9973E-05
0.0410035 9.9964E-05 0.0172653 9.9964E-05 9.9964E-05 9.9964E-05 0.919001 0.0223305
0.0578934 0.00600169 9.9982E-05 0.0110336 0.0278032 9.9982E-05 0.892138 0.00492979
0.131004 0.0371143 0.0104817 0.00573512 9.9982E-05 9.9982E-05 0.771004 0.044461
0.0550145 9.9964E-05 9.9964E-05 0.0919712 0.016828 9.9964E-05 0.835786 9.9964E-05
0.0625118 0.0298488 9.9982E-05 0.0446512 9.9982E-05 0.0106033 0.848627 0.00355799
0.0178086 9.9973E-05 0.058242 9.9973E-05 0.0112351 9.9973E-05 0.877058 0.0353568
0.03329 0.0217746 9.9964E-05 9.9964E-05 9.9964E-05 0.0522481 0.892287 9.9964E-05
0.00576766 0.045582 9.9973E-05 0.047424 9.9973E-05 9.9973E-05 0.882257 0.0186698
0.039085 9.9973E-05 9.9973E-05 9.9973E-05 0.0276857 0.0511182 0.596759 0.285053
0.0400214 9.9973E-05 9.9973E-05 0.0125738 9.9973E-05 0.0236566 0.56163 0.361818
0.0305644 9.9982E-05 0.0460019 9.9982E-05 0.0173995 0.075013 0.541455 0.289366
9.9973E-05 9.9973E-05 0.0189534 9.9973E-05 0.029706 0.089481 0.501342 0.360218
0.0321873 0.548694 9.9973E-05 9.9973E-05 9.9973E-05 0.248556 0.025106 0.145156
0.0084735 0.403593 9.9982E-05 0.079898 0.147832 0.258136 9.9982E-05 0.101867
9.9973E-05 0.515678 9.9973E-05 0.0783851 0.0966135 0.0977433 9.9973E-05 0.21128
0.00500087 0.365748 9.9973E-05 9.9973E-05 9.9973E-05 0.302606 0.0729174 0.253428
0.0156249 0.181942 9.9982E-05 0.00387847 0.0412045 0.163741 9.9982E-05 0.59341
0.00360906 0.684456 9.9982E-05 0.0211968 0.0896833 0.156328 0.0445268 9.9982E-05
0.000363097 0.505108 0.0123466 0.0529523 0.0579127 0.320176 9.9991E-05 0.0510411
0.00891154 0.483518 0.0995928 0.0164513 9.9982E-05 0.325438 9.9982E-05 0.065888
9.9982E-05 0.312714 0.0438709 0.0563224 0.105611 0.459299 9.9982E-05 0.0219828
9.9991E-05 0.506427 0.0440623 0.118912 0.0668053 0.180515 0.00221396 0.0809643
0.00776748 0.443521 0.0181217 9.9982E-05 0.0194343 0.380822 9.9982E-05 0.130134
0.0194274 9.9973E-05 0.0153818 9.9973E-05 0.18109 0.706626 9.9973E-05 0.0771743
9.9973E-05 0.555777 0.0875432 9.9973E-05 9.9973E-05 0.124802 0.0665281 0.165051
9.9973E-05 0.186721 0.164912 0.0344953 0.062267 0.551305 9.9973E-05 9.9973E-05
0.00995772 0.446571 9.9982E-05 0.0209165 0.0940455 0.382715 9.9982E-05 0.0455936
9.9973E-05 0.0951244 9.9973E-05 9.9973E-05 0.046112 0.65925 0.00831198 0.190902
9.9955E-05 9.9955E-05 0.15821 9.9955E-05 9.9955E-05 9.9955E-05 0.0949327 0.746358
9.9964E-05 0.0285291 0.0874264 9.9964E-05 9.9964E-05 9.9964E-05 0.138499 0.745145
0.0168389 9.9964E-05 9.9964E-05 9.9964E-05 0.0716161 9.9964E-05 0.0900631 0.821082
9.9973E-05 9.9973E-05 0.0222369 9.9973E-05 0.0442399 0.00426359 0.166601 0.762358
0.037904 0.0331495 0.0382032 9.9973E-05 0.0234061 9.9973E-05 9.9973E-05 0.867037
9.9973E-05 0.0269975 0.0362473 0.0788611 9.9973E-05 9.9973E-05 0.0862968 0.771297
0.0860809 0.0444392 9.9973E-05 0.0321457 9.9973E-05 0.0423036 0.794731 9.9973E-05
0.0413046 0.017984 9.9973E-05 0.108083 9.9973E-05 9.9973E-05 0.766013 0.0663152
0.0601742 0.14409 9.9973E-05 0.0946149 9.9973E-05 9.9973E-05 0.683578 0.0172422
0.0564079 0.0431082 0.00872876 0.136635 9.9982E-05 9.9982E-05 0.68631 0.0686099
0.0348122 0.0917146 0.0284218 0.0385004 9.9982E-05 9.9982E-05 0.787946 0.0184052
0.0191757 9.9973E-05 0.0542053 9.9973E-05 9.9973E-05 0.00477288 0.380032 0.541514
0.0213832 9.9982E-05 0.061857 9.9982E-05 0.0376269 0.0234227 0.429782 0.425728
0.0472406 9.9973E-05 9.9973E-05 9.9973E-05 0.0846891 0.0218537 0.429955 0.415962
0.9993 9.994E-05 9.994E-05 9.994E-05 9.994E-05 9.994E-05 9.994E-05 9.994E-05
0.00857271 9.9982E-05 0.075197 9.9982E-05 0.0551126 0.0115889 0.389772 0.459557
9.9973E-05 0.249154 0.118596 0.378738 0.0361785 9.9973E-05 0.217034 9.9973E-05
0.0316471 0.532404 0.0813567 0.119956 0.0484816 0.0127192 0.082556 0.0908793
0.0198483 0.565625 9.9964E-05 0.244369 9.9964E-05 9.9964E-05 0.169758 9.9964E-05
0.00669867 0.389867 0.0758286 0.202597 0.00722487 0.0259459 0.246323 0.0455154
0.0169417 0.567046 0.0604405 0.152987 0.00456722 9.9991E-05 0.161782 0.0361361
9.9973E-05 0.00750088 0.241995 0.297419 0.0246053 9.9973E-05 0.428179 9.9973E-05
9.9973E-05 0.467364 0.0312059 9.9973E-05 0.117299 0.0658357 9.9973E-05 0.317995
9.9982E-05 0.382183 0.146801 9.9982E-05 0.112609 0.166318 0.0549597 0.136929
0.0340205 0.296206 9.9982E-05 0.0526823 0.0783218 9.9982E-05 0.0245901 0.51398
9.9973E-05 0.463089 0.0350652 9.9973E-05 0.222332 0.139047 9.9973E-05 0.140167
9.9964E-05 9.9964E-05 0.317754 9.9964E-05 0.321199 0.193508 9.9964E-05 0.16714
0.0425052 0.414451 0.0959507 0.113243 0.126346 0.137977 0.0133639 0.0561637
0.0509467 0.433309 0.0472608 9.9991E-05 0.209573 0.0540341 0.0245592 0.180217
0.0227943 0.3421 0.0143394 9.9982E-05 9.9982E-05 0.0738415 0.0586872 0.488038
0.0128891 0.562388 0.0854563 0.0490332 9.9991E-05 0.0561372 0.0858012 0.148195
9.9973E-05 0.095925 0.239474 9.9973E-05 0.178322 0.179426 9.9973E-05 0.306553
9.9973E-05 0.545342 0.124514 9.9973E-05 0.138276 0.0835257 9.9973E-05 0.108042
0.00976495 0.528573 0.0691632 9.9982E-05 0.0345716 0.0723215 9.9982E-05 0.285406
9.9982E-05 0.335383 0.131176 0.220633 9.9982E-05 0.141674 0.115341 0.0555928
9.9973E-05 0.357461 0.0599146 9.9973E-05 0.233119 0.0318845 9.9973E-05 0.317321
0.000733382 0.364987 9.9991E-05 0.0928243 0.136508 0.120341 0.0218318 0.262674
9.9982E-05 0.447889 0.117852 0.104092 0.0562774 0.122818 9.9982E-05 0.150872
9.9982E-05 0.573361 0.0667562 9.9982E-05 0.049131 0.121398 0.0108881 0.178265
0.0390231 0.704174 0.0185514 0.0557754 0.0293392 0.0198288 9.9991E-05 0.133208
0.00729158 0.507424 9.9991E-05 0.0992203 0.0408001 0.130369 0.0984155 0.116379
9.9982E-05 0.498068 0.0616916 0.0713546 9.9982E-05 0.159723 0.0417628 0.1672
9.9955E-05 0.12573 9.9955E-05 0.0740359 9.9955E-05 9.9955E-05 0.799735 9.9955E-05
9.9964E-05 0.0985574 9.9964E-05 9.9964E-05 0.02167 0.00600252 0.87337 9.9964E-05
9.9982E-05 0.0557908 0.0862297 0.0198309 9.9982E-05 0.021889 0.779736 0.036324
0.0216547 0.0507705 9.9991E-05 0.0551806 0.0221537 0.0313159 0.77811 0.0407148
0.0998436 0.144283 9.9955E-05 9.9955E-05 9.9955E-05 9.9955E-05 0.755373 9.9955E-05
9.9982E-05 0.206218 0.0524829 0.0418452 9.9982E-05 0.0797593 0.0213898 0.598105
0.0547361 0.45881 0.0335332 0.0802719 0.115467 0.0104965 9.9991E-05 0.246585
0.0214584 0.44514 0.173125 0.108261 0.0873379 9.9982E-05 0.164478 9.9982E-05
0.0537407 0.631682 0.037489 9.9982E-05 0.0577368 9.9982E-05 0.0260833 0.193068
9.9964E-05 0.539402 9.9964E-05 9.9964E-05 9.9964E-05 0.124009 0.0788398 0.257349
0.012443 0.241407 0.0660063 0.115168 0.193215 9.9991E-05 0.000985799 0.370675
0.0644197 0.022608 0.112469 9.9982E-05 9.9982E-05 0.15682 0.0855607 0.557923
0.0540722 0.487142 9.9982E-05 0.0205722 0.001132 0.0684312 9.9982E-05 0.36845
9.9991E-05 0.0856216 0.000275228 0.0943561 0.166793 0.0647453 0.0674412 0.520668
0.0268843 0.370728 0.147458 0.0827615 0.0653072 0.0480528 0.00700527 0.251803
0.0125197 0.154337 9.9982E-05 9.9982E-05 0.0352187 0.035763 0.151098 0.610864
0.0182689 0.536402 9.9991E-05 0.0825253 0.0323769 0.112607 0.0520404 0.16568
0.0530536 0.172335 9.9991E-05 0.0175913 0.099067 0.0984938 0.0442016 0.515158
0.0561765 0.251374 0.113856 0.0748581 0.0688954 0.104932 9.9991E-05 0.329808
9.9982E-05 0.526502 0.199816 9.9982E-05 0.0337152 0.00226548 0.0696765 0.167825
9.9973E-05 0.298581 0.374486 9.9973E-05 0.158764 9.9973E-05 0.0323637 0.135504
9.9982E-05 0.560301 0.149162 0.029344 0.0542982 9.9982E-05 0.0590294 0.147665
0.068597 0.510665 0.193702 0.0124362 0.0231036 0.130664 0.0607331 9.9991E-05
9.9964E-05 0.416268 0.416004 9.9964E-05 0.0974579 9.9964E-05 9.9964E-05 0.0698708
9.9973E-05 0.577409 0.132043 0.0084081 0.15661 9.9973E-05 0.12523 9.9973E-05
0.0232153 0.506308 0.26054 9.9991E-05 0.122615 0.0452138 0.00651559 0.0354922
9.9973E-05 0.12719 0.521094 9.9973E-05 0.149708 0.0782828 9.9973E-05 0.123425
9.9964E-05 0.278233 0.554315 9.9964E-05 0.0468863 0.120166 9.9964E-05 9.9964E-05
0.0127738 0.565632 0.214247 9.9991E-05 0.0810472 0.0469339 0.00651007 0.0727553
9.9973E-05 0.152347 0.527241 9.9973E-05 0.0658966 0.095417 9.9973E-05 0.158798
9.9964E-05 0.455201 0.297132 9.9964E-05 9.9964E-05 0.0616135 9.9964E-05 0.185654
0.0522223 0.12938 0.0189426 0.0151931 9.9991E-05 0.203386 0.00270993 0.578066
9.9973E-05 0.2662 0.0122426 0.0244923 0.302864 9.9973E-05 9.9973E-05 0.393901
0.0178815 0.368423 9.9982E-05 0.14986 0.0279883 9.9982E-05 0.000758564 0.434888
0.0044669 0.578707 0.0548085 0.080939 9.9982E-05 0.0973186 9.9982E-05 0.18356
9.9955E-05 0.259972 9.9955E-05 9.9955E-05 9.9955E-05 0.145124 9.9955E-05 0.594404
0.0727007 0.535888 0.107515 0.00354856 0.159733 9.9982E-05 9.9982E-05 0.120416
0.101087 0.537134 0.054067 0.0249687 9.9982E-05 9.9982E-05 0.0226284 0.259915
9.9973E-05 0.600895 0.0522797 9.9973E-05 0.0254983 9.9973E-05 0.0119105 0.309117
0.0344371 0.487832 9.9991E-05 0.0365869 0.0732535 0.0685138 0.0349077 0.264369
0.029437 0.498945 9.9982E-05 0.00890642 9.9982E-05 0.0925071 0.0214779 0.348527
9.9973E-05 0.152306 9.9973E-05 0.105991 0.00123095 0.175469 9.9973E-05 0.564703
9.9973E-05 0.259358 9.9973E-05 0.155401 0.0234287 0.104602 9.9973E-05 0.456911
9.9982E-05 0.654346 0.0586157 0.0202825 0.0347423 0.0167783 9.9982E-05 0.215035
0.049495 0.630623 9.9982E-05 0.0207527 9.9982E-05 0.094892 0.0290301 0.175007
0.0142823 0.459356 0.103068 9.9982E-05 0.118313 9.9982E-05 0.0173966 0.287384
9.9982E-05 0.428906 0.0286581 0.126334 0.150554 0.0664396 9.9982E-05 0.198907
0.0473335 0.385718 0.0767656 0.0350761 9.9991E-05 0.0147282 0.00844308 0.431835
0.0279072 0.646471 0.0302343 9.9991E-05 0.0737035 0.0076273 0.0367563 0.1772
9.9982E-05 0.487392 9.9982E-05 0.0635691 0.0519543 0.0708917 0.0793042 0.246689
0.049325 0.482436 9.9991E-05 0.169515 0.0422643 0.00890517 0.01227 0.235184
0.0712296 0.366878 0.00603563 0.12936 9.9982E-05 0.0739373 0.352359 9.9982E-05
0.0100776 0.461799 0.0747834 0.251446 0.00624082 0.0898084 0.105745 9.9991E-05
0.00198463 0.398241 0.0828678 0.203958 0.056802 0.0452068 0.128854 0.0820861
0.0281235 0.563803 0.0478603 0.112361 0.127222 0.0514012 0.0558123 0.0134163
0.03975 0.470352 0.0205536 0.18454 0.0969102 0.00200392 0.159689 0.0262007
0.020793 0.456887 0.0619656 9.9973E-05 0.257476 9.9973E-05 9.9973E-05 0.202579
0.0210347 0.544261 0.0324131 0.11521 9.9991E-05 0.0490347 0.200466 0.0374805
9.9982E-05 0.0274469 0.380306 0.155039 0.0111711 0.196376 0.22946 9.9982E-05
0.0617665 0.408653 0.0680846 0.210158 0.0448215 0.0592784 0.0870726 0.0601659
0.045122 0.554433 0.0261547 0.159491 0.0378885 0.104234 0.0466075 0.0260695
9.9991E-05 0.457065 0.0213512 0.199112 0.126451 0.0291022 0.147138 0.0196822
0.0325501 0.336824 0.228268 0.0881508 0.092577 0.0411757 0.180354 9.9991E-05
9.9964E-05 0.661226 0.0464607 0.0422234 9.9964E-05 9.9964E-05 0.24969 9.9964E-05
0.0788004 0.458866 0.120539 0.156556 0.0067801 9.9991E-05 0.105155 0.0732037
0.0519462 9.9973E-05 0.275205 0.165679 9.9973E-05 0.0596881 0.447181 9.9973E-05
0.0798523 0.478126 9.9991E-05 0.231945 0.0879226 0.0244044 0.0671342 0.0305158
0.020218 0.467479 9.9991E-05 0.185765 0.0383593 0.0792022 0.159229 0.0496472
0.0225024 0.566637 0.140574 0.134921 0.03556 9.9991E-05 0.0973787 0.00232678
0.0209005 0.53333 0.0866018 0.165761 0.0231939 9.9991E-05 0.123139 0.0469736
0.0425933 0.515471 0.0261965 0.159729 0.072469 0.0568225 0.126619 9.9991E-05
0.0585841 0.410309 9.99842E-05 0.0244351 0.420559 0.0836111 0.00230154 9.99842E-05
0.0431575 0.495055 0.0741554 9.9991E-05 0.207901 0.0550314 0.0821088 0.0424908
9.9955E-05 9.9955E-05 9.9955E-05 9.9955E-05 0.869633 0.0523683 9.9955E-05 0.0774991
9.9955E-05 9.9955E-05 0.0165227 9.9955E-05 0.908469 9.9955E-05 9.9955E-05 0.0745081
0.0286562 0.36353 9.9982E-05 0.128851 0.358556 0.0660977 9.9982E-05 0.0541091
9.9982E-05 0.397981 0.13554 0.3121 0.0586909 9.9982E-05 0.0610563 0.034432
9.9982E-05 0.337585 0.0494264 0.351831 0.189127 0.00245328 0.0693777 9.9982E-05
9.9982E-05 0.174308 0.117485 0.295459 0.198106 9.9982E-05 0.213821 0.000621906
0.00134454 0.325263 0.0422866 0.234625 0.191531 9.9982E-05 0.20475 9.9982E-05
9.9973E-05 0.0119841 0.177214 0.1076 0.64847 9.9973E-05 0.0544315 9.9973E-05
0.0474937 0.0522812 0.0328324 0.0755761 0.758885 9.9982E-05 0.032732 9.9982E-05
0.0258089 0.494674 9.9964E-05 0.110862 0.368255 9.9964E-05 9.9964E-05 9.9964E-05
0.00017029 0.412564 9.9973E-05 0.0581945 0.498651 9.9973E-05 0.0301201 9.9973E-05
0.0271763 0.0501074 9.9973E-05 0.149184 0.745429 9.9973E-05 0.0278038 9.9973E-05
9.9982E-05 0.510409 9.9982E-05 0.0909928 0.292752 0.0286259 0.0744002 0.00261997
0.0104424 0.536203 9.9973E-05 0.122709 0.329968 9.9973E-05 9.9973E-05 0.000377715
0.0173479 0.344897 9.9982E-05 0.137515 0.328139 9.9982E-05 0.119652 0.0522487
9.9973E-05 0.298912 9.9973E-05 9.9973E-05 0.540611 0.0182353 0.0826898 0.0592522
0.0553146 0.252911 9.9982E-05 0.033982 0.478224 0.103089 9.9982E-05 0.0762803
0.0253473 0.448472 9.9991E-05 0.0477513 0.210935 0.150755 0.0659822 0.0506569
0.0281021 0.375177 9.9982E-05 0.0381241 0.419061 9.9982E-05 0.0236637 0.115673
0.0373426 0.366884 0.086035 0.113533 0.20568 0.0824359 0.0663182 0.0417707
9.9973E-05 0.417567 0.069221 9.9973E-05 0.483105 0.0286658 0.00114072 9.9973E-05
9.9964E-05 0.143982 0.0358734 9.9964E-05 0.740347 9.9964E-05 9.9964E-05 0.0793974
9.9973E-05 0.56496 9.9973E-05 0.0316325 0.361208 0.0167545 0.0251447 9.9973E-05
0.0114576 0.458387 0.0218372 0.0814442 0.253569 0.0581442 0.115061 9.9991E-05
0.00649327 0.187946 0.0101539 9.9982E-05 0.734804 0.0553717 0.0050306 9.9982E-05
0.030877 0.371651 9.9973E-05 9.9973E-05 0.519724 0.0508898 9.9973E-05 0.0265588
0.0766627 0.502467 9.9991E-05 0.0403129 0.211877 0.0959158 0.0283235 0.0443411
9.9973E-05 0.435907 9.9973E-05 0.0792477 0.383946 0.0660488 0.0345511 9.9973E-05
0.0279454 0.407936 0.0750448 0.23166 0.0338757 0.110347 0.113091 9.9991E-05
0.0160763 0.457449 0.11281 0.0871889 0.190472 9.9982E-05 0.135804 9.9982E-05
0.00753578 0.249817 0.134283 0.264481 0.0923838 0.0564668 0.167051 0.0279817
0.0590822 0.304144 0.117816 0.251592 0.0390131 9.9991E-05 0.097989 0.130265
9.9973E-05 0.458673 0.136503 0.182676 9.9973E-05 0.111586 0.110263 9.9973E-05
0.0825521 0.391795 9.9982E-05 0.136256 0.272273 9.9982E-05 0.0936214 0.0233025
0.0321368 9.9973E-05 0.0699906 0.110559 0.607763 9.9973E-05 0.179251 9.9973E-05
0.0615524 0.524917 0.078269 0.21051 0.0824162 9.9991E-05 0.0053808 0.0368552
0.00153124 9.9973E-05 0.124753 0.0905764 0.421449 9.9973E-05 0.361391 9.9973E-05
9.9973E-05 0.46959 0.0465122 0.181824 0.259121 9.9973E-05 0.0426527 9.9973E-05
9.9964E-05 0.0469287 0.0224161 9.9964E-05 0.705282 0.224973 9.9964E-05 9.9964E-05
0.0281524 9.9964E-05 0.0265952 9.9964E-05 0.867294 0.0775588 9.9964E-05 9.9964E-05
0.0231478 0.423434 9.9973E-05 9.9973E-05 0.474724 0.0730368 9.9973E-05 0.00535743
9.9964E-05 0.569796 9.9964E-05 9.9964E-05 0.375475 0.00662885 0.047701 9.9964E-05
9.9964E-05 0.343501 9.9964E-05 9.9964E-05 0.567156 0.00449312 9.9964E-05 0.0844499
9.9955E-05 0.429965 9.9955E-05 9.9955E-05 0.55691 0.0126252 9.9955E-05 9.9955E-05
9.9946E-05 0.503664 9.9946E-05 9.9946E-05 0.495736 9.9946E-05 9.9946E-05 9.9946E-05
0.0502633 0.0710477 0.0217643 0.0455586 0.061691 0.00454723 0.745028 9.9991E-05
0.0278325 9.9973E-05 9.9973E-05 0.0986919 0.0230422 9.9973E-05 0.674635 0.175498
0.00846968 9.9964E-05 9.9964E-05 0.0660459 9.9964E-05 9.9964E-05 0.878998 0.046087
0.168966 0.0254669 9.9964E-05 9.9964E-05 0.0366927 9.9964E-05 0.768474 9.9964E-05
0.0156899 0.480601 9.9991E-05 0.0568895 0.00210629 0.355344 0.0516683 0.0376016
9.9973E-05 0.447731 9.9973E-05 0.00226274 0.0242022 0.377301 0.148203 9.9973E-05
0.0731774 0.440028 9.9964E-05 9.9964E-05 9.9964E-05 0.46329 9.9964E-05 0.0231047
0.0368677 0.603501 0.0510695 9.9973E-05 9.9973E-05 0.231075 0.0771875 9.9973E-05
0.0040943 0.486267 0.127701 0.00256029 0.0395777 0.14846 0.111041 0.080299
0.00142959 0.202669 0.0488349 0.0168438 0.0387107 0.502672 0.0323464 0.156493
9.9973E-05 0.552661 9.9973E-05 0.0406882 0.0281167 0.330494 0.0477398 9.9973E-05
0.0301611 0.313648 0.159556 9.9973E-05 0.00522125 0.491114 9.9973E-05 9.9973E-05
0.0161227 0.448553 0.0177279 0.166453 0.0452302 9.9991E-05 0.21111 0.094703
0.00122845 0.411936 0.0512642 0.0473178 0.073248 0.397888 9.9991E-05 0.0170177
0.0482893 0.247567 9.9964E-05 9.9964E-05 9.9964E-05 0.583702 9.9964E-05 0.120041
9.9973E-05 0.519618 9.9973E-05 0.0437377 0.0951933 0.318409 0.0227424 9.9973E-05
0.0236644 0.441113 9.9973E-05 9.9973E-05 0.0855289 0.420235 9.9973E-05 0.0291593
9.9973E-05 0.542166 9.9973E-05 0.0212029 0.0139882 0.414674 0.00766888 9.9973E-05
9.9982E-05 0.59622 9.9982E-05 0.00307714 0.0624661 0.237976 0.0852043 0.0148565
9.9955E-05 0.00248264 9.9955E-05 9.9955E-05 0.095865 0.901153 9.9955E-05 9.9955E-05
0.00495756 0.24748 0.119078 0.0101144 0.0147335 0.581226 9.9991E-05 0.0223102
0.0289185 0.256381 0.0789962 9.9991E-05 0.0216057 0.57437 0.0149762 0.0246531
9.9955E-05 9.9955E-05 0.180408 9.9955E-05 0.0205574 0.798535 9.9955E-05 9.9955E-05
9.9982E-05 0.381168 0.0558965 9.9982E-05 0.0796284 0.326683 0.0297207 0.126703
0.0087136 0.170365 0.29428 9.9964E-05 9.9964E-05 0.526242 9.9964E-05 9.9964E-05
9.9955E-05 9.9955E-05 0.258503 9.9955E-05 0.0101368 0.73086 9.9955E-05 9.9955E-05
0.0391988 0.568308 9.9964E-05 9.9964E-05 0.0706623 0.321431 9.9964E-05 9.9964E-05
9.9982E-05 0.201603 0.0031483 0.00936114 9.9982E-05 0.629233 0.0383642 0.11809
0.00501194 0.382384 0.0929813 0.0790062 9.9982E-05 0.353776 9.9982E-05 0.0866408
0.0530418 0.585866 0.0570612 0.0386573 0.146338 0.049667 0.069269 9.9991E-05
9.9964E-05 0.478394 0.0554591 9.9964E-05 9.9964E-05 0.413583 9.9964E-05 0.0521642
9.9982E-05 0.365341 0.126585 0.0167937 0.196417 0.0381922 9.9982E-05 0.25647
0.0122347 0.487336 9.9982E-05 9.9982E-05 0.0168435 0.432935 0.00111994 0.0493302
0.0146456 0.480227 0.00842245 0.0200324 0.00146198 0.338071 0.0315112 0.105628
9.9964E-05 0.33613 0.0374603 9.9964E-05 0.0299117 0.596099 9.9964E-05 9.9964E-05
9.9982E-05 0.475351 0.0195648 9.9982E-05 0.0432036 0.304165 0.113699 0.0438177
0.0677456 0.0010461 0.0453022 0.00573626 9.9982E-05 9.9982E-05 0.586025 0.293945
0.0834832 0.0533529 0.0447372 0.00296392 9.9991E-05 0.0602321 0.673468 0.0816627
0.130897 9.9964E-05 0.064536 9.9964E-05 9.9964E-05 9.9964E-05 0.674435 0.129732
0.0960165 9.9973E-05 0.0168462 9.9973E-05 9.9973E-05 0.00302989 0.740457 0.14335
0.0436705 9.9964E-05 0.0171302 9.9964E-05 9.9964E-05 9.9964E-05 0.688995 0.249805
9.9973E-05 0.0784718 9.9973E-05 0.0500161 9.9973E-05 0.733288 0.0310406 0.106884
0.0250509 0.108087 0.0503402 9.9982E-05 9.9982E-05 0.638706 0.0607281 0.116888
9.9973E-05 0.108432 0.039186 0.0231014 0.000124702 0.828856 9.9973E-05 9.9973E-05
0.0201033 0.439384 9.9991E-05 0.0821914 0.0161766 0.31106 0.0958946 0.0350907
0.0156365 0.455794 9.9991E-05 0.0869291 0.0323985 0.251596 0.15421 0.00333613
9.9982E-05 0.218896 0.0396083 0.0466675 0.0278355 0.60637 0.0604223 9.9982E-05
9.9964E-05 0.541237 9.9964E-05 0.0827455 0.0347739 0.340844 9.9964E-05 9.9964E-05
9.9982E-05 0.384568 0.00920916 0.0457564 0.0481788 0.46981 0.0422777 9.9982E-05
9.9982E-05 0.523418 0.0514515 9.9982E-05 0.0136339 0.293911 0.0350204 0.0823651
0.0138673 0.520737 0.00281653 0.0722589 0.011102 0.281939 0.0526852 0.0445945
9.9964E-05 0.320816 0.0213007 9.9964E-05 9.9964E-05 0.482476 9.9964E-05 0.175007
0.0252256 0.299444 9.9964E-05 9.9964E-05 9.9964E-05 0.617004 9.9964E-05 0.0579265
9.9955E-05 0.351444 9.9955E-05 9.9955E-05 9.9955E-05 0.558704 9.9955E-05 0.0893518
9.9964E-05 0.617612 0.201869 9.9964E-05 9.9964E-05 9.9964E-05 0.112922 0.0671973
9.9964E-05 0.381949 9.9964E-05 9.9964E-05 9.9964E-05 0.547559 0.0352399 0.0348518
9.9991E-05 0.457366 0.0173274 0.0170586 0.0609778 0.393207 0.0151509 0.0388119
9.9982E-05 0.421687 0.0695983 0.385308 9.9982E-05 0.0050175 0.0718964 0.0462925
0.0381123 0.286093 0.0659487 0.435218 9.9991E-05 0.0696684 0.0991383 0.00572121
9.9964E-05 0.368402 0.0806758 0.438259 9.9964E-05 9.9964E-05 0.112264 9.9964E-05
0.0649772 0.361861 0.13138 0.374303 9.9973E-05 9.9973E-05 0.0671795 9.9973E-05
0.0446234 0.426575 9.9973E-05 0.255014 0.113169 9.9973E-05 0.160319 9.9973E-05
0.00779015 0.528974 0.189188 9.9982E-05 9.9982E-05 0.235155 0.0340019 0.00469101
0.0196411 0.0560555 0.0113878 0.630928 0.00581997 9.9991E-05 0.269415 0.0066535
0.0628112 0.250009 0.00221482 0.454239 0.0678722 9.9982E-05 0.162654 9.9982E-05
0.0159095 0.43817 0.244728 0.135919 9.9982E-05 0.0696873 0.095386 9.9982E-05
0.00542931 0.544993 0.240671 9.9973E-05 9.9973E-05 9.9973E-05 0.121235 0.0873709
0.0490951 0.457132 0.287547 0.00607673 9.9991E-05 0.0598977 0.0442728 0.095878
0.0127934 0.625944 0.136456 9.9973E-05 9.9973E-05 9.9973E-05 0.0976055 0.126902
9.9982E-05 0.578386 0.0983288 0.0457691 9.9982E-05 0.156266 0.0739878 0.047062
0.0787494 0.388494 0.0149452 0.388138 9.9973E-05 9.9973E-05 0.129373 9.9973E-05
0.0189238 0.437145 0.0544527 0.31308 9.9991E-05 0.0126541 0.149768 0.0138763
0.00472882 0.439807 0.0863858 0.416359 9.9982E-05 0.0216405 0.030879 9.9982E-05
0.0305994 0.313127 0.0373682 0.358408 0.0252629 9.9991E-05 0.0683349 0.166799
0.0288678 0.285686 0.0584495 0.499313 9.9991E-05 0.00974952 0.106875 0.0109582
9.9991E-05 0.355649 0.0223129 0.262016 0.0349898 0.155208 0.16285 0.00687479
0.00239541 0.296334 9.9973E-05 0.485563 0.02772 9.9973E-05 0.187687 9.9973E-05
0.0713725 0.37614 0.0331512 0.302057 0.098735 0.00679665 0.106181 0.00556621
0.0398821 0.535544 0.366661 9.9964E-05 9.9964E-05 0.0575131 9.9964E-05 9.9964E-05
0.00933844 0.31167 0.0640136 0.39575 9.9982E-05 0.0718755 0.147153 9.9982E-05
0.0192021 0.17665 0.080211 0.600217 9.9973E-05 9.9973E-05 0.123419 9.9973E-05
0.0407969 0.344282 9.9982E-05 0.327409 0.0226251 9.9982E-05 0.159343 0.105343
0.0422607 0.235283 0.370936 9.9982E-05 9.9982E-05 0.0173113 0.03964 0.294369
0.0258128 0.534337 0.228073 0.104169 9.9982E-05 0.0239505 9.9982E-05 0.0834569
9.9982E-05 0.316296 9.9982E-05 0.307896 0.043488 0.0658719 0.231114 0.0351337
0.0184561 0.594828 0.224374 9.9982E-05 0.011434 9.9982E-05 0.0833559 0.0673517
0.0228586 0.5164 0.2214 9.9982E-05 9.9982E-05 0.0189936 0.120099 0.100048
0.0943097 0.22933 0.0442994 0.243381 9.9991E-05 0.162323 0.139739 0.0865183
0.0152926 0.338182 9.9982E-05 0.252612 0.144993 9.9982E-05 0.242852 0.00586814
0.0333644 0.514144 0.0222675 0.159506 9.9991E-05 0.112346 0.0900764 0.0681951
0.0105688 0.37249 0.0649604 0.404119 9.9991E-05 0.0625107 0.0799762 0.00527428
9.9973E-05 0.368343 9.9973E-05 0.418098 0.0483574 0.0133001 0.151601 9.9973E-05
0.0492261 0.168689 0.0812809 0.547801 9.9973E-05 9.9973E-05 0.152703 9.9973E-05
0.0611815 0.613787 0.155538 9.9982E-05 0.0807001 9.9982E-05 0.0500444 0.0385488
0.00702524 0.4714 0.249447 9.9982E-05 9.9982E-05 0.116677 0.0852555 0.0699952
0.0488607 0.222404 0.615437 9.9982E-05 0.0361805 9.9982E-05 0.0132779 0.06364
9.9973E-05 0.527936 0.147137 9.9973E-05 9.9973E-05 0.0676274 0.239176 0.0178237
0.013574 0.269002 0.123419 0.102814 0.0985119 0.0364543 0.0730559 0.283168
0.0619617 0.460871 0.198046 0.0868365 9.9982E-05 9.9982E-05 0.183005 0.00908029
0.11496 0.431435 0.116857 0.0768824 0.105552 0.0315322 0.0291463 0.093635
9.9955E-05 9.9955E-05 0.537602 0.223275 9.9955E-05 9.9955E-05 0.238624 9.9955E-05
0.0429488 9.9964E-05 0.670041 0.119019 9.9964E-05 9.9964E-05 0.167592 9.9964E-05
