0.0881008 9.9991E-05 0.911799
0.0484088 9.9991E-05 0.951491
0.15503 9.9991E-05 0.84487
0.19438 0.0364529 0.769167
0.138544 9.9991E-05 0.861356
0.0816216 0.267492 0.650886
0.0941617 0.0056596 0.900179
0.0349335 0.147734 0.817332
9.9991E-05 0.0691506 0.930749
0.153648 0.138235 0.708117
0.0112989 0.177187 0.811514
0.120624 0.756953 0.122423
0.341094 0.658806 9.9991E-05
0.15536 0.692157 0.152483
0.285081 0.567925 0.146994
0.364181 0.482754 0.153065
0.459991 0.515508 0.0245005
0.284831 0.681543 0.0336259
0.23937 0.609845 0.150785
9.9991E-05 0.769878 0.230022
0.303911 0.679223 0.0168667
0.307899 0.611856 0.0802444
0.30564 0.69426 9.9991E-05
0.224515 0.680122 0.0953628
0.425821 0.495235 0.0789443
0.412218 0.587682 9.9991E-05
0.162148 0.666003 0.171849
0.265125 0.60502 0.129855
0.0859379 0.778933 0.135129
0.19648 9.9991E-05 0.80342
0.190844 9.9991E-05 0.809056
0.215008 9.9991E-05 0.784892
0.277447 0.0172884 0.705265
0.280092 0.719808 9.9991E-05
0.376533 0.568923 0.0545441
0.412479 0.587421 9.9991E-05
0.0411661 0.732865 0.225969
0.229328 0.770572 9.9991E-05
0.364255 0.613363 0.0223814
0.489207 0.510693 9.9991E-05
0.298988 0.599411 0.1016
0.366303 0.579529 0.0541683
0.0616762 0.854818 0.0835057
0.403276 0.536338 0.0603856
0.419117 0.580783 9.9991E-05
0.426342 0.418441 0.155217
0.179329 0.820571 9.9991E-05
0.435935 0.563965 9.9991E-05
0.361685 0.562511 0.075805
9.9991E-05 0.836049 0.163851
0.0506714 0.891575 0.0577532
0.0166201 0.837935 0.145444
0.430318 0.534636 0.0350462
0.423165 0.503172 0.073663
0.493971 0.464571 0.0414579
0.0453144 0.742084 0.212602
0.302124 0.697656 0.000219834
0.445873 0.524634 0.0294932
0.206813 0.643138 0.150049
0.0794485 0.584136 0.336416
0.37105 0.604995 0.0239551
0.29054 0.627419 0.0820408
9.9991E-05 0.846771 0.153129
0.300431 0.699469 9.9991E-05
0.469435 0.530465 9.9991E-05
0.390618 0.60635 0.00303165
0.169253 0.66742 0.163326
0.339306 0.660594 9.9991E-05
0.384517 0.601331 0.0141515
0.0784175 0.790641 0.130942
0.245194 0.754706 9.9991E-05
0.08685 0.865319 0.0478312
0.4176 0.533583 0.0488165
9.9991E-05 0.937327 0.0625731
9.999E-05 0.9998 9.999E-05
0.12433 0.87557 9.9991E-05
0.23226 0.754489 0.0132512
0.407249 0.512299 0.0804521
0.261414 0.738486 9.9991E-05
0.0585218 0.84306 0.0984181
0.0582658 0.84453 0.0972047
0.439945 0.559955 9.9991E-05
0.189944 0.805054 0.00500232
0.267998 0.731902 9.9991E-05
0.163472 0.836428 9.9991E-05
9.9991E-05 0.930121 0.0697788
0.383569 0.616331 9.9991E-05
0.147418 9.9991E-05 0.852482
0.112198 9.9991E-05 0.887702
0.157785 9.9991E-05 0.842115
0.0848336 9.9991E-05 0.915066
0.144825 9.9991E-05 0.855075
0.139103 9.9991E-05 0.860797
0.10785 9.9991E-05 0.89205
0.381109 0.569132 0.049759
0.418748 0.581152 9.9991E-05
9.9991E-05 0.93369 0.06621
0.352129 0.531386 0.116485
0.25969 0.74021 9.9991E-05
0.434057 0.565843 9.9991E-05
0.328866 0.671034 9.9991E-05
0.329554 0.670346 9.9991E-05
9.9991E-05 0.880783 0.119117
0.401638 0.511772 0.08659
0.358646 0.60899 0.032364
0.496827 0.469772 0.0334011
0.162521 0.817573 0.0199062
0.336928 0.662972 9.9991E-05
0.242831 0.745536 0.0116325
0.259658 0.740242 9.9991E-05
0.239927 0.69053 0.0695432
0.368942 0.529791 0.101267
0.126441 0.713528 0.160031
0.272434 0.560808 0.166758
0.344699 0.543468 0.111833
0.359145 0.578274 0.0625811
0.220697 0.720211 0.0590925
0.385708 0.614192 9.9991E-05
0.259391 0.671369 0.0692401
0.299022 0.700878 9.9991E-05
0.452725 0.479501 0.0677733
0.372411 0.627489 9.9991E-05
0.243422 0.745425 0.0111527
0.416437 0.512573 0.0709906
0.485089 0.514394 0.000517555
0.419018 0.578636 0.00234639
0.436212 0.541575 0.0222126
0.412112 0.576979 0.0109092
0.187525 0.617985 0.19449
0.447189 0.552711 9.9991E-05
0.407343 0.592557 9.9991E-05
0.180812 0.738519 0.080669
0.0909995 0.761479 0.147521
0.3046 0.62657 0.0688299
0.103721 0.825015 0.0712639
0.113893 0.763448 0.12266
0.172189 0.769937 0.0578736
0.131409 0.750829 0.117762
0.139035 0.772068 0.0888974
0.432593 0.533995 0.0334115
0.341227 0.604463 0.0543107
0.325125 0.62732 0.0475544
0.093483 0.772704 0.133813
0.333114 0.539935 0.126951
0.40356 0.583524 0.0129157
9.9991E-05 0.69641 0.30349
0.456089 0.463586 0.0803257
0.254685 0.657822 0.0874925
0.357975 0.542843 0.0991817
0.156842 0.666289 0.176868
0.0147227 0.794909 0.190369
0.250429 0.718295 0.0312757
0.378447 0.519566 0.101987
0.324447 0.498574 0.176979
0.0908446 0.686734 0.222422
0.390557 0.577189 0.0322535
0.183161 0.816739 9.9991E-05
0.239922 0.722928 0.0371502
0.426963 0.541254 0.0317829
0.361511 0.270901 0.367588
0.161164 0.092089 0.746747
0.126824 0.1709 0.702276
0.433613 0.0861032 0.480284
0.428337 0.571563 9.9991E-05
0.35119 0.616967 0.0318425
0.87632 0.12358 9.9991E-05
0.660508 0.323757 0.015735
0.677398 0.199583 0.123019
0.196998 0.73987 0.0631315
0.352805 0.602472 0.0447232
0.114593 0.773744 0.111663
0.363474 0.636426 9.9991E-05
0.220817 0.695151 0.0840323
0.439602 0.560298 9.9991E-05
0.078529 0.859925 0.0615455
0.486941 0.512959 9.9991E-05
0.417189 0.531095 0.0517159
0.95956 9.9991E-05 0.04034
0.988059 9.9991E-05 0.0118407
0.713067 0.228468 0.0584649
0.87347 0.0590868 0.0674434
0.913161 0.0136867 0.0731527
0.95179 9.9991E-05 0.0481104
0.915658 9.9991E-05 0.0842417
0.984937 9.9991E-05 0.0149631
0.950637 9.9991E-05 0.049263
0.949385 9.9991E-05 0.0505155
0.934175 9.9991E-05 0.0657251
0.884378 9.9991E-05 0.115522
0.913291 9.9991E-05 0.0866091
0.939326 9.9991E-05 0.0605737
0.575896 0.34675 0.0773541
0.826982 0.0753014 0.0977163
0.860573 0.0437235 0.0957036
0.919561 9.9991E-05 0.0803388
0.961932 9.9991E-05 0.0379684
0.898108 9.9991E-05 0.101792
0.91707 9.9991E-05 0.0828299
0.709183 0.085752 0.205065
0.909055 9.9991E-05 0.0908455
9.9991E-05 0.484769 0.515131
0.347292 0.458788 0.19392
0.334976 0.474155 0.190869
0.229839 0.469165 0.300996
0.472045 0.43546 0.0924958
0.203001 0.445898 0.351101
0.357659 0.382319 0.260021
0.335516 0.44737 0.217113
0.401786 0.433948 0.164266
0.442469 0.386964 0.170567
0.385212 0.38344 0.231348
0.0728863 0.0528444 0.874269
0.109164 9.9991E-05 0.890736
0.0484378 9.9991E-05 0.951462
0.047624 9.9991E-05 0.952276
0.108663 9.9991E-05 0.891237
0.138815 9.9991E-05 0.861085
0.146966 9.9991E-05 0.852934
0.0822163 9.9991E-05 0.917684
0.092701 9.9991E-05 0.907199
0.159247 9.9991E-05 0.840653
9.9991E-05 0.256668 0.743232
9.9991E-05 0.270501 0.729399
9.9991E-05 0.333487 0.666413
9.9991E-05 0.398567 0.601333
0.323298 0.662427 0.014275
0.355015 0.644885 9.9991E-05
0.367377 0.628077 0.00454563
0.177545 0.736374 0.0860803
0.027919 0.874121 0.0979604
0.440455 0.559445 9.9991E-05
0.294877 0.705023 9.9991E-05
0.281392 0.718508 9.9991E-05
0.241562 0.758338 9.9991E-05
0.385465 0.584912 0.0296231
0.224667 0.775233 9.9991E-05
9.9991E-05 0.960931 0.0389688
0.278158 0.721742 9.9991E-05
0.148817 0.851083 9.9991E-05
0.2987 0.7012 9.9991E-05
9.9991E-05 0.901242 0.098658
9.9991E-05 0.645002 0.354898
9.9991E-05 0.677164 0.322736
9.9991E-05 0.752061 0.247839
9.9991E-05 0.688947 0.310953
9.9991E-05 0.746356 0.253544
0.0514647 0.66033 0.288206
0.145785 9.9991E-05 0.854115
0.154217 9.9991E-05 0.845683
0.24564 9.9991E-05 0.75426
0.214586 9.9991E-05 0.785314
0.191549 9.9991E-05 0.808351
9.9991E-05 0.464249 0.535651
9.9991E-05 0.383347 0.616553
9.9991E-05 0.432429 0.567471
0.185311 9.9991E-05 0.814589
9.9991E-05 0.463362 0.536538
0.597408 0.133166 0.269427
0.57029 0.343753 0.0859575
0.648985 0.201734 0.149281
0.424078 0.317411 0.258511
0.527949 0.354144 0.117907
0.351957 0.0859416 0.562102
0.225629 0.753666 0.0207043
0.245162 0.687705 0.067133
0.0914882 0.714705 0.193807
0.242256 0.757644 9.9991E-05
9.9991E-05 0.912193 0.0877072
0.381438 0.522357 0.0962046
0.242798 0.729024 0.0281773
0.127501 0.777418 0.0950818
0.413309 0.530969 0.0557223
9.9991E-05 0.878452 0.121448
0.310011 0.643744 0.0462454
0.362196 0.637704 9.9991E-05
0.41334 0.423617 0.163043
0.224137 0.775763 9.9991E-05
0.254352 0.694263 0.0513856
0.349446 0.620711 0.0298429
0.32595 0.67395 9.9991E-05
0.45844 0.514615 0.026945
0.449472 0.45683 0.0936984
0.357582 0.531087 0.111331
0.242072 9.9991E-05 0.757828
0.170424 0.0127733 0.816802
0.0821867 0.0994753 0.818338
0.0884117 0.0733669 0.838221
0.168818 0.00603066 0.825152
0.0445987 0.78135 0.174051
0.371859 0.584417 0.0437244
0.470263 0.336372 0.193365
0.473348 0.51333 0.0133223
0.305437 0.681767 0.0127957
0.212775 0.669207 0.118018
9.9991E-05 0.691408 0.308492
0.346128 0.613579 0.0402926
0.0669432 0.728692 0.204365
0.277402 0.69406 0.0285379
0.0169906 0.718119 0.264891
0.415103 0.517685 0.0672123
0.0647676 0.740973 0.194259
0.207663 0.708707 0.0836294
0.313482 0.627713 0.0588056
0.163396 0.754137 0.0824676
0.278514 0.686772 0.034714
0.321336 0.556715 0.121948
0.163104 0.740536 0.0963602
0.424571 0.535891 0.0395377
0.326662 0.660915 0.0124228
9.9991E-05 0.942871 0.0570292
0.105168 0.830894 0.0639374
0.268343 0.696556 0.0351011
9.9991E-05 0.873397 0.126503
0.234206 0.755136 0.0106582
0.0374794 0.772222 0.190298
0.177865 0.822035 9.9991E-05
0.252103 0.652755 0.0951424
0.475981 0.523919 9.9991E-05
0.0859421 0.852096 0.061962
0.36506 0.530434 0.104506
0.446233 0.512808 0.0409587
0.311171 0.606549 0.0822797
0.398082 0.563466 0.0384519
0.315847 0.597193 0.0869593
0.145421 0.782729 0.0718497
0.28678 0.602504 0.110716
0.382031 0.617869 9.9991E-05
0.363147 0.63113 0.00572316
0.261969 0.664835 0.0731954
0.383507 0.616393 9.9991E-05
0.232522 0.645053 0.122425
0.383096 0.559718 0.0571865
0.396516 0.603384 9.9991E-05
0.386395 0.563905 0.0496995
0.366237 0.290325 0.343438
0.514977 0.370916 0.114107
0.466796 0.436068 0.0971356
0.479235 0.504691 0.0160739
0.491853 0.319599 0.188548
0.254419 0.745481 9.9991E-05
0.484454 0.385355 0.130191
0.123864 0.478132 0.398004
0.471278 0.447383 0.0813383
0.479131 0.425755 0.0951139
0.558578 0.394718 0.0467042
0.29822 0.457064 0.244716
0.532337 0.333918 0.133745
0.496316 0.363935 0.13975
0.15232 0.171886 0.675794
0.526471 0.310951 0.162578
0.53204 0.392156 0.0758032
0.491596 0.434738 0.0736658
0.596059 0.243642 0.160299
0.484366 0.363732 0.151902
0.357315 0.630889 0.0117951
0.414321 0.583944 0.00173505
9.9991E-05 0.975841 0.0240594
9.9991E-05 0.897592 0.102308
0.335548 0.626158 0.0382939
0.569756 0.308447 0.121797
0.562667 0.282752 0.154582
0.405367 0.285725 0.308907
0.495147 0.31845 0.186403
0.126768 0.659278 0.213954
0.196515 0.608017 0.195468
0.455027 0.544873 9.9991E-05
0.383295 0.53574 0.0809641
0.300419 0.575819 0.123762
0.437906 0.522478 0.0396164
0.448194 0.551706 9.9991E-05
0.423832 0.512125 0.0640427
0.129719 0.845918 0.0243637
0.224993 0.745283 0.0297246
0.322104 0.616642 0.0612535
0.25624 0.656954 0.0868062
0.445684 0.524467 0.0298488
0.234655 0.765245 9.9991E-05
0.114725 0.885175 9.9991E-05
0.378221 0.621679 9.9991E-05
0.405133 0.532814 0.0620529
0.0748738 0.875147 0.0499789
0.312172 0.687728 9.9991E-05
0.444465 0.536011 0.0195236
0.32081 0.67909 9.9991E-05
0.511441 0.36133 0.127229
0.418821 0.48021 0.100969
0.49865 0.358461 0.142888
0.475157 0.308799 0.216044
0.422376 0.388809 0.188814
0.419787 0.425231 0.154982
0.129038 0.52176 0.349202
0.596934 0.402966 9.9991E-05
0.175002 0.275432 0.549566
0.541894 0.447814 0.010292
0.000666885 0.953959 0.0453738
9.9991E-05 0.918035 0.081865
0.315833 0.684067 9.9991E-05
0.388009 0.611891 9.9991E-05
0.233048 0.766852 9.9991E-05
0.272483 0.727417 9.9991E-05
0.324336 0.675564 9.9991E-05
0.151309 0.0504801 0.798211
0.14193 0.0386157 0.819454
0.0952323 9.9991E-05 0.904668
0.0764747 9.9991E-05 0.923425
0.306673 0.693227 9.9991E-05
0.325832 0.627345 0.0468226
0.313944 0.685956 9.9991E-05
0.38855 0.588272 0.0231778
0.387888 0.559418 0.0526937
0.107986 0.859777 0.0322371
0.361029 0.638871 9.9991E-05
0.191656 0.798765 0.00957838
0.477315 0.307331 0.215354
0.270358 0.729542 9.9991E-05
0.171382 0.806304 0.0223133
0.292466 0.707434 9.9991E-05
0.221464 0.778436 9.9991E-05
0.336254 0.663646 9.9991E-05
0.369918 0.614912 0.0151691
9.999E-05 0.9998 9.999E-05
0.143049 0.827996 0.0289542
0.192671 0.790022 0.0173074
9.9991E-05 0.979283 0.0206172
0.215533 0.782832 0.00163481
0.0671174 0.892179 0.0407038
9.9991E-05 0.933446 0.0664538
0.334915 0.664985 9.9991E-05
0.0658599 0.857572 0.0765686
0.296229 0.703671 9.9991E-05
0.46302 0.53688 9.9991E-05
0.282619 0.717281 9.9991E-05
0.229254 0.735768 0.0349783
0.345491 0.654409 9.9991E-05
0.334061 0.657595 0.0083431
0.142189 0.857711 9.9991E-05
0.352701 0.621375 0.0259242
9.9991E-05 0.275904 0.723996
0.0747503 0.145696 0.779554
9.9991E-05 0.0731548 0.926745
9.9991E-05 0.131824 0.868076
0.018974 0.189265 0.791761
0.0477887 0.860159 0.0920527
0.00690122 0.863547 0.129552
0.113901 0.885999 9.9991E-05
0.352986 0.55837 0.0886439
0.469784 0.468873 0.0613433
0.210203 0.776298 0.0134989
0.382304 0.617596 9.9991E-05
0.292547 0.640563 0.0668904
0.348481 0.651419 9.9991E-05
0.361873 0.638027 9.9991E-05
0.106671 0.890945 0.00238427
0.170436 0.829464 9.9991E-05
0.178704 0.821196 9.9991E-05
0.389786 0.521233 0.0889805
0.212815 0.787085 9.9991E-05
0.255934 0.743966 9.9991E-05
0.773664 0.208142 0.0181939
0.69556 0.189057 0.115383
0.687317 0.150596 0.162087
0.681622 0.165924 0.152455
0.623855 0.250768 0.125377
0.325221 0.649482 0.0252978
0.685473 9.9991E-05 0.314427
0.748848 0.0913821 0.159769
0.424264 0.439216 0.13652
0.341862 0.564221 0.093917
0.235123 0.603699 0.161178
0.373622 0.495761 0.130617
0.409781 0.549203 0.0410161
0.750482 0.0636925 0.185825
0.593123 0.232511 0.174367
0.779074 0.12447 0.0964561
0.595543 0.291023 0.113434
0.66161 0.1628 0.17559
0.572556 0.248223 0.179222
0.706598 0.0945952 0.198807
0.702131 0.223441 0.0744274
0.354335 0.628985 0.0166804
0.563571 0.257191 0.179238
0.743094 9.9991E-05 0.256806
0.610932 0.260044 0.129023
0.0759419 0.651436 0.272622
0.470122 0.529778 9.9991E-05
0.55801 0.291699 0.150292
0.423311 0.44864 0.128049
0.282271 0.595756 0.121973
0.481551 0.304969 0.21348
0.505449 0.221397 0.273154
0.461463 0.455467 0.0830703
0.580344 0.262473 0.157184
0.761703 0.198601 0.0396969
0.729944 9.9991E-05 0.269956
0.446083 0.51458 0.0393369
0.215859 0.642183 0.141958
0.138219 0.636415 0.225367
0.403105 0.560131 0.0367637
0.282472 0.585137 0.132391
0.453079 0.394763 0.152158
0.349195 0.584446 0.0663588
0.162592 0.329812 0.507597
0.126883 0.376849 0.496267
0.287058 0.497609 0.215334
0.234022 0.314254 0.451723
0.298672 0.122434 0.578894
0.378514 0.475362 0.146123
0.360168 0.392672 0.24716
0.338731 0.33092 0.330349
0.245087 0.324399 0.430514
0.404659 0.491387 0.103954
0.247143 0.447184 0.305672
0.0668173 0.272824 0.660359
0.459777 0.442993 0.0972304
0.450443 0.347934 0.201623
0.424605 0.272103 0.303293
0.683624 0.262859 0.0535165
0.385277 0.421897 0.192826
0.519642 0.377485 0.102873
0.536423 0.312931 0.150646
0.506951 0.130081 0.362968
0.539647 0.296593 0.16376
0.604734 0.198896 0.196369
0.441982 0.269335 0.288683
0.313828 0.507284 0.178887
0.480761 0.387004 0.132235
0.500295 0.379493 0.120211
0.465263 0.47743 0.0573069
0.558531 0.153966 0.287503
0.497771 0.333353 0.168877
0.332094 0.180915 0.486991
0.464022 0.368867 0.167111
0.521775 0.142593 0.335632
0.0484769 0.0846506 0.866873
9.9991E-05 0.692883 0.307017
9.9991E-05 0.744493 0.255407
9.9991E-05 0.717413 0.282487
9.9991E-05 0.743546 0.256354
9.9991E-05 0.698831 0.301069
9.9991E-05 0.763503 0.236397
9.9991E-05 0.701912 0.297988
9.9991E-05 0.543319 0.456581
0.0855917 9.9991E-05 0.914308
0.0969354 0.0581161 0.844949
0.130954 9.9991E-05 0.868946
0.0472374 0.0820526 0.87071
0.113068 9.9991E-05 0.886832
0.0576733 0.0142934 0.928033
0.184981 0.0388516 0.776167
0.121961 9.9991E-05 0.877939
0.143207 0.107167 0.749627
0.128704 9.9991E-05 0.871196
0.041152 9.9991E-05 0.958748
0.125891 0.00195865 0.87215
0.0616646 9.9991E-05 0.938235
0.110642 9.9991E-05 0.889258
0.16535 9.9991E-05 0.83455
0.196841 9.9991E-05 0.803059
0.25591 9.9991E-05 0.74399
0.238254 9.9991E-05 0.761646
0.218762 9.9991E-05 0.781138
0.253026 0.582878 0.164096
0.423033 0.558888 0.0180789
0.415793 0.495433 0.088774
0.0548221 0.757905 0.187273
0.340346 0.550155 0.109499
0.0443707 0.662911 0.292718
0.381889 0.60148 0.0166309
0.239158 0.688466 0.0723762
0.281255 0.689131 0.0296138
0.32983 0.646128 0.0240422
0.235274 0.636604 0.128122
0.416073 0.563064 0.0208635
0.332147 0.575499 0.092354
0.0244289 0.813434 0.162137
9.9991E-05 0.797856 0.202044
0.0877545 0.727866 0.184379
0.425118 0.544665 0.0302168
0.302214 0.580246 0.11754
0.317515 0.570307 0.112178
0.464286 0.535614 9.9991E-05
0.468633 0.358991 0.172376
0.508982 0.353677 0.137341
0.252417 0.248666 0.498917
0.363312 0.527615 0.109073
0.431529 0.368972 0.199499
0.167591 0.225545 0.606864
0.426162 0.305738 0.268099
0.363667 0.268587 0.367746
0.362529 0.335534 0.301936
0.482255 0.364464 0.153281
0.487163 0.323595 0.189243
0.585513 0.414387 9.9991E-05
0.387432 0.470352 0.142216
0.387345 0.174463 0.438192
